nnodes narcs source target drone_limit type
50 274 14 11 28 drone_routing_pli_project1
nodename posx posy
50 986.934 388.857
49 934.031 593.341
48 827.234 313.347
47 913.949 329.182
46 242.004 489.496
45 903.235 368.426
44 945.25 643.744
43 338.136 584.941
42 229.342 801.76
41 267.4 953.097
40 81.8416 569.725
39 195.334 593.232
38 658.511 937.884
37 512.247 552.193
36 607.099 375.62
35 759.929 670.62
34 280.868 704.665
33 203.298 88.5762
32 569.775 509.565
31 540.184 647.78
30 939.328 259.061
29 474.992 272.491
28 377.366 564.835
27 876.027 696.759
26 679.633 150.975
25 319.815 982.327
24 774.809 813.267
23 660.036 702.546
22 314.577 436.784
21 426.58 500.941
20 296.934 646.692
19 116.756 750.923
18 110.957 884.096
17 962.459 12.0538
16 694.994 228.603
15 392.896 899.323
14 891.081 593.873
13 932.664 340.327
12 6.57788 573.299
11 622.059 210.893
10 806.502 140.473
9 584.649 216.588
8 950.854 153.56
7 132.554 64.1665
6 351.209 573.345
5 750.497 366.274
4 187.59 990.434
3 565.489 1.76691
2 834.817 335.986
1 41.6303 454.492
tail head car_cost drone_cost
50 44 227 66
50 17 448 101
50 8 245 71
50 49 199 64
50 30 147 39
50 13 78 16
50 45 76 20
49 50 179 64
49 44 60 14
49 45 188 65
49 14 40 12
48 47 83 27
48 30 107 29
48 2 28 7
48 10 202 43
48 16 143 38
48 5 97 24
47 30 89 21
47 13 25 5
47 45 37 11
47 48 88 19
47 2 80 23
46 6 133 38
46 22 80 22
46 43 133 32
46 39 124 27
46 1 218 54
46 40 167 38
45 49 202 54
45 50 102 22
45 13 38 11
45 47 35 9
45 14 237 58
45 5 160 35
45 2 73 22
44 50 243 73
44 38 404 112
44 24 220 67
44 27 83 24
44 49 49 11
44 14 77 23
43 20 62 17
43 28 53 13
43 6 17 5
43 46 128 35
43 39 145 32
42 15 195 47
42 34 128 25
42 41 174 37
42 19 112 29
42 18 161 39
41 25 63 17
41 15 118 34
41 4 72 21
41 42 133 43
41 18 202 44
40 39 137 29
40 46 201 46
40 19 189 54
40 1 119 35
40 12 80 18
39 20 136 34
39 43 131 39
39 46 92 29
39 34 116 36
39 40 97 34
39 19 148 51
38 44 402 101
38 24 177 36
38 23 247 64
38 15 256 65
38 25 312 69
37 32 81 15
37 21 119 22
37 28 153 32
37 31 94 24
36 16 168 44
36 11 167 37
36 5 171 42
36 32 131 36
36 9 181 48
36 29 194 49
36 21 224 46
35 27 141 32
35 14 165 45
35 24 136 36
35 23 108 23
35 32 289 51
35 5 247 81
34 31 273 63
34 20 65 17
34 15 218 48
34 42 108 30
34 39 122 33
34 19 137 41
33 3 311 101
33 29 296 96
33 22 300 91
33 7 73 22
33 1 448 110
32 35 287 57
32 23 212 46
32 5 223 52
32 36 132 31
32 31 145 31
32 21 145 29
32 37 83 18
31 23 142 35
31 32 130 31
31 15 265 78
31 34 266 63
31 37 92 26
31 20 282 51
31 28 162 53
30 8 116 29
30 50 149 37
30 13 74 18
30 47 84 16
30 10 183 51
30 48 115 34
29 3 289 70
29 9 126 31
29 36 156 47
29 21 276 50
29 33 301 87
29 22 260 47
28 21 75 17
28 37 152 33
28 22 156 31
28 31 217 50
28 20 109 33
28 6 30 9
28 43 41 11
27 44 104 26
27 14 111 30
27 35 131 25
27 24 130 32
26 10 122 34
26 11 70 23
26 16 67 18
26 3 180 40
26 9 123 25
25 38 387 83
25 15 126 25
25 41 57 13
25 4 114 33
24 44 198 72
24 27 133 35
24 38 202 45
24 35 135 34
24 23 162 47
23 24 176 44
23 35 106 28
23 38 268 55
23 15 345 96
23 32 172 58
23 31 115 27
22 21 107 33
22 28 122 37
22 29 196 59
22 6 157 43
22 46 86 24
22 33 432 90
22 1 224 67
21 32 123 34
21 36 186 54
21 29 267 67
21 37 98 22
21 22 117 32
21 28 74 25
20 31 235 66
20 28 121 32
20 43 72 23
20 39 118 27
20 34 67 15
19 34 175 45
19 42 108 27
19 39 143 47
19 18 146 33
19 40 185 45
19 12 233 53
18 4 108 40
18 41 189 42
18 42 121 30
18 19 118 34
18 12 375 71
17 50 326 89
17 8 157 34
17 3 375 82
17 10 238 44
16 48 184 41
16 10 133 30
16 5 149 45
16 36 168 37
16 26 80 23
16 11 80 16
15 38 245 78
15 23 370 87
15 31 247 76
15 25 126 32
15 41 159 40
15 34 205 59
15 42 171 46
14 44 60 17
14 49 48 12
14 45 232 58
14 27 99 24
14 5 301 66
14 35 172 34
13 30 90 23
13 50 67 22
13 47 19 6
13 45 41 12
12 7 516 116
12 18 356 68
12 19 206 58
12 40 62 16
12 1 112 30
11 26 80 17
11 16 76 17
11 9 41 10
11 36 190 46
10 8 144 33
10 17 222 51
10 30 179 50
10 48 189 38
10 3 229 70
10 26 121 35
10 16 164 39
9 11 45 9
9 26 139 26
9 36 163 47
9 3 235 44
9 29 120 37
8 17 127 32
8 50 238 59
8 10 157 35
8 30 87 27
7 3 411 98
7 33 68 16
7 12 494 108
7 1 361 112
6 22 146 32
6 46 154 30
6 28 31 8
6 43 18 5
5 14 303 64
5 45 173 37
5 2 78 20
5 48 81 25
5 35 326 70
5 16 121 42
5 36 127 34
5 32 198 61
4 25 152 29
4 41 74 26
4 18 126 28
3 17 335 112
3 10 318 67
3 26 159 56
3 7 378 90
3 33 299 76
3 29 316 78
3 9 191 59
2 47 70 22
2 45 78 20
2 5 80 26
2 48 25 7
1 22 239 76
1 46 183 51
1 33 432 101
1 7 443 102
1 40 133 30
1 12 102 31
