nnodes narcs source target drone_limit type
50 278 5 48 707 drone_routing_pli_project1
nodename posx posy
50 854.214 617.943
49 308.569 641.987
48 629.926 655.753
47 295.632 805.608
46 668.613 930.768
45 958.834 258.462
44 676.797 57.5151
43 449.237 829.722
42 77.6951 262.774
41 869.674 288.204
40 117.803 799.177
39 767.7 477.191
38 243.705 513.901
37 567.506 504.639
36 618.735 216.69
35 563.419 215.444
34 193.435 208.825
33 321.145 372.362
32 432.736 607.173
31 693.701 678.851
30 664.867 511.938
29 552.795 600.871
28 127.261 319.624
27 330.428 230.363
26 515.31 629.498
25 549.054 509.701
24 109.646 897.715
23 352.918 567.454
22 82.5088 782.54
21 221.073 749.126
20 126.436 630.602
19 299.118 944.346
18 168.46 771.005
17 308.456 780.927
16 236.793 813.963
15 627.672 177.248
14 937.804 455.239
13 660.822 102.847
12 929.278 938.523
11 954.526 412.785
10 988.428 255.41
9 63.8778 498.188
8 63.9737 907.1
7 932.623 672.055
6 161.535 12.5789
5 503.683 608.631
4 178.38 233.77
3 541.861 433.702
2 311.708 267.028
1 783.235 863.673
tail head car_cost drone_cost
50 7 84 92
50 14 167 206
50 1 239 227
50 39 172 173
50 31 182 146
49 32 120 111
49 23 101 90
49 17 138 143
49 21 118 160
49 38 117 149
49 20 218 190
48 46 311 330
48 31 66 57
48 30 120 176
48 43 296 273
48 29 100 78
48 26 98 100
47 43 133 130
47 17 28 24
47 19 144 141
47 21 98 113
47 16 66 58
46 12 289 218
46 1 125 152
46 31 297 296
46 19 425 377
46 48 261 278
46 43 195 249
45 10 25 33
45 11 130 150
45 44 281 413
45 41 99 98
44 10 348 428
44 45 296 332
44 41 350 294
44 13 48 47
44 6 462 471
44 27 429 405
43 46 218 201
43 48 292 294
43 26 218 211
43 19 204 219
43 32 200 216
43 17 128 156
43 47 127 135
42 4 103 111
42 6 229 225
42 34 147 135
42 9 236 217
42 28 72 72
41 45 110 107
41 11 124 175
41 14 182 198
41 39 235 215
41 44 292 355
41 36 268 229
41 13 286 302
41 15 234 231
40 16 140 128
40 18 50 62
40 24 107 99
40 22 32 32
40 8 134 123
39 14 143 139
39 41 186 232
39 50 151 193
39 31 211 244
39 30 97 92
39 36 306 277
39 3 224 240
38 23 128 126
38 33 147 184
38 49 152 126
38 20 198 151
38 28 211 240
38 9 201 217
37 30 88 84
37 29 91 105
37 3 84 79
37 25 17 19
36 41 309 309
36 15 42 48
36 39 245 325
36 35 49 64
36 3 269 243
35 15 83 62
35 13 150 161
35 36 63 58
35 3 238 224
35 27 212 232
35 33 295 255
34 27 152 133
34 4 34 31
34 2 115 124
34 6 209 186
34 42 140 117
33 3 275 225
33 35 241 305
33 27 171 148
33 23 187 226
33 38 150 147
33 2 90 121
33 28 220 235
32 25 163 144
32 5 70 66
32 26 97 99
32 43 194 250
32 17 178 238
32 23 82 73
32 49 128 111
31 1 178 243
31 50 151 183
31 39 200 186
31 46 273 246
31 30 194 187
31 48 76 61
30 39 124 124
30 31 142 154
30 48 143 177
30 29 169 148
30 3 138 118
30 37 111 81
29 30 138 164
29 37 90 110
29 48 99 89
29 26 44 50
29 25 93 102
29 5 43 43
28 33 167 167
28 2 211 181
28 4 112 93
28 38 230 202
28 42 75 87
28 9 217 193
27 13 331 346
27 44 439 378
27 35 234 216
27 33 122 130
27 2 41 34
27 6 286 277
27 34 117 149
26 48 107 114
26 29 40 40
26 43 196 199
26 5 25 26
26 32 85 77
25 37 19 23
25 29 91 104
25 5 103 115
25 32 167 164
25 3 64 83
25 23 176 234
24 19 215 217
24 16 137 175
24 40 91 99
24 8 51 48
23 25 194 231
23 3 187 204
23 32 87 79
23 49 85 87
23 38 112 134
23 33 200 186
22 18 77 75
22 40 46 45
22 20 138 163
22 9 304 304
22 8 136 127
21 17 89 83
21 47 103 109
21 49 158 113
21 16 78 60
21 20 133 162
21 18 64 64
20 49 150 166
20 21 143 160
20 38 142 180
20 18 141 131
20 9 173 155
20 22 131 147
19 12 711 749
19 46 345 404
19 43 204 197
19 8 223 252
19 24 221 224
19 47 125 162
19 16 122 173
18 21 62 55
18 16 96 96
18 40 66 53
18 20 166 146
18 22 99 85
17 32 250 215
17 49 139 131
17 43 140 158
17 21 105 102
17 47 31 23
16 19 130 168
16 47 58 58
16 24 152 137
16 21 62 69
16 18 73 79
16 40 109 119
15 35 82 71
15 36 40 49
15 41 230 266
15 13 96 91
14 11 39 48
14 7 184 213
14 50 212 215
14 41 198 145
14 39 190 147
13 44 48 47
13 41 272 299
13 15 82 86
13 27 310 319
13 35 166 142
12 10 681 657
12 7 246 267
12 19 710 605
12 1 145 185
12 46 235 272
11 45 163 131
11 10 167 179
11 41 124 156
11 14 53 54
11 7 253 258
10 12 802 817
10 44 334 414
10 45 33 26
10 11 132 137
10 7 467 419
9 38 200 207
9 20 165 146
9 22 307 308
9 8 394 446
9 42 236 197
9 28 215 218
8 19 254 267
8 24 39 50
8 40 98 103
8 22 141 151
8 9 408 428
7 10 443 454
7 11 283 273
7 14 201 227
7 12 221 281
7 50 100 109
7 1 248 236
6 44 570 604
6 27 245 293
6 42 295 306
6 34 165 222
5 29 41 42
5 25 97 107
5 32 79 63
5 26 26 29
4 34 33 30
4 2 135 112
4 42 89 105
4 28 106 89
3 30 163 120
3 39 268 186
3 37 73 64
3 36 195 191
3 35 185 247
3 25 66 91
3 33 231 190
3 23 242 203
2 27 37 50
2 33 88 100
2 34 121 118
2 28 218 203
2 4 148 144
1 12 163 154
1 7 236 198
1 50 212 290
1 31 177 188
1 46 143 156
