nnodes narcs source target drone_limit type
30 160 3 17 297 drone_routing_pli_project1
nodename posx posy
30 302.097 885.499
29 513.893 936.681
28 252.313 442.23
27 103.227 463.561
26 597.471 890.237
25 934.435 746.014
24 442.228 855.491
23 6.47672 635
22 198.543 609.662
21 323.826 125.034
20 211.685 138.647
19 207.937 347.634
18 139.709 827.551
17 135.458 896.491
16 465.894 21.2827
15 510.284 538.285
14 914.442 24.5556
13 296.743 721.587
12 467.928 755.911
11 788.292 311.839
10 897.465 197.942
9 324.264 857.388
8 507.414 530.33
7 532.589 868.111
6 256.372 792.962
5 627.09 987.452
4 682.985 612.102
3 553.675 217.735
2 573.263 801.507
1 912.433 159.083
tail head car_cost drone_cost
30 29 229 59
30 24 115 30
30 9 33 10
30 6 93 26
30 17 145 50
29 5 105 35
29 26 79 25
29 7 70 20
29 17 378 97
29 24 91 24
29 30 224 47
28 3 399 77
28 8 259 60
28 22 163 51
28 19 102 30
28 27 148 34
27 20 289 71
27 19 140 47
27 28 128 32
27 22 204 35
27 23 212 59
26 25 384 82
26 5 100 27
26 29 114 27
26 2 79 23
26 7 69 18
25 5 320 113
25 14 806 201
25 1 703 133
25 11 467 102
25 10 580 146
25 26 378 110
25 4 318 76
25 2 433 86
24 29 127 23
24 7 108 25
24 12 96 24
24 9 97 35
24 30 152 30
23 20 627 136
23 18 238 60
23 17 248 63
23 22 201 47
23 27 180 43
22 13 131 39
22 8 357 94
22 28 177 46
22 6 206 55
22 18 240 58
22 27 141 44
22 23 168 45
21 16 167 51
21 3 296 55
21 20 108 33
21 19 266 54
20 16 327 60
20 21 106 34
20 19 211 46
20 23 497 157
20 27 361 86
19 3 382 102
19 21 240 65
19 20 177 56
19 27 142 35
19 28 113 25
18 6 146 30
18 22 214 52
18 23 271 69
18 17 60 17
17 5 463 118
17 29 358 106
17 30 189 39
17 6 181 34
17 18 80 21
17 23 324 69
16 14 404 129
16 20 308 59
16 21 176 42
16 3 235 50
15 4 210 42
15 12 238 65
15 8 9 3
15 13 228 74
14 25 737 200
14 1 141 36
14 16 482 130
14 3 372 97
13 15 264 65
13 12 180 47
13 8 288 61
13 9 167 35
13 22 166 44
13 6 90 18
12 2 137 32
12 7 134 32
12 4 214 70
12 15 208 63
12 24 100 26
12 13 165 40
12 9 158 53
11 25 437 137
11 10 140 46
11 4 355 76
11 3 210 70
11 8 401 100
10 1 43 10
10 3 351 84
10 11 149 45
10 25 629 143
9 24 138 29
9 12 149 53
9 30 37 10
9 13 146 30
9 6 100 27
8 4 180 46
8 11 343 107
8 3 269 69
8 15 9 2
8 13 253 77
8 28 279 62
8 22 268 89
7 26 63 18
7 2 65 21
7 29 72 20
7 12 130 36
7 24 98 27
6 30 105 28
6 9 108 26
6 13 75 18
6 17 183 39
6 22 180 51
6 18 134 32
5 25 409 83
5 17 592 107
5 26 94 28
5 29 136 37
4 11 325 79
4 25 335 63
4 2 262 64
4 8 165 51
4 15 222 42
4 12 279 59
3 1 417 102
3 10 363 86
3 14 400 122
3 11 260 72
3 8 306 76
3 28 447 85
3 16 250 45
3 21 283 63
3 19 382 77
2 25 312 95
2 4 209 47
2 26 108 25
2 12 115 31
2 7 88 22
1 14 124 30
1 25 648 175
1 3 331 86
1 10 48 10
