nnodes narcs source target drone_limit type
50 272 11 6 1356 drone_routing_pli_project1
nodename posx posy
50 721.493 847.03
49 683.106 690.632
48 432.617 998.16
47 677.315 282.034
46 95.2227 372.039
45 14.4322 148.498
44 408.344 471.286
43 560.338 74.5028
42 926.049 723.788
41 471.948 623.31
40 153.765 28.6283
39 340.067 361.149
38 828.899 89.9173
37 622.765 457.085
36 630.371 57.7588
35 366.91 760.268
34 106.003 712.986
33 438.992 656.149
32 295.697 704.781
31 847.217 709.923
30 390.405 764.816
29 630.597 929.251
28 877.155 74.4134
27 784.828 763.968
26 350.988 108.022
25 778.294 37.0751
24 444.482 982.164
23 45.8001 432.362
22 850.44 128.297
21 15.5657 997.311
20 955.938 614.512
19 481.48 137.769
18 225.964 657.914
17 654.453 549.801
16 778.592 399.323
15 862.447 455.172
14 984.527 316.605
13 388.979 865.367
12 851.977 303.747
11 286.993 614.677
10 170.354 370.348
9 543.106 779.788
8 177.094 660.641
7 732.693 279.944
6 971.862 451.813
5 256.869 850.988
4 169.171 477.105
3 518.233 865.638
2 788.599 198.069
1 524.84 272.854
tail head car_cost drone_cost
50 42 207 214
50 27 109 124
50 29 103 120
50 49 183 143
50 9 201 186
49 27 149 110
49 31 175 194
49 50 183 138
49 9 159 143
49 17 172 135
49 41 238 220
48 29 188 246
48 24 22 24
48 21 355 370
48 13 113 168
48 5 185 246
47 2 144 151
47 16 141 153
47 7 51 49
47 37 216 190
47 1 167 178
47 43 284 285
47 36 195 227
46 10 75 70
46 4 125 131
46 45 192 268
46 23 63 75
45 40 200 152
45 10 317 231
45 46 214 219
45 23 316 265
45 21 721 1017
44 37 180 195
44 1 245 231
44 41 160 137
44 33 197 152
44 11 151 213
44 39 117 129
44 4 205 230
43 47 233 264
43 36 75 58
43 1 189 204
43 19 101 121
43 40 468 396
43 26 232 238
42 20 108 93
42 29 398 402
42 50 270 193
42 31 72 72
42 27 147 143
41 49 183 265
41 17 198 163
41 37 259 182
41 44 161 178
41 33 51 41
41 9 150 194
40 25 544 728
40 36 495 530
40 43 368 394
40 26 243 211
40 45 202 194
40 10 285 296
39 1 183 199
39 19 227 268
39 26 229 288
39 44 128 154
39 10 191 192
39 4 168 231
38 28 51 52
38 25 66 75
38 2 132 128
38 22 40 48
37 16 164 157
37 47 220 175
37 17 112 79
37 41 198 234
37 1 170 230
37 44 183 189
36 25 153 138
36 2 244 188
36 40 402 559
36 43 64 87
36 47 233 216
35 30 24 21
35 13 92 100
35 33 109 132
35 32 89 81
35 5 157 126
34 5 195 202
34 8 105 93
34 23 281 309
34 21 245 322
33 9 145 159
33 41 41 45
33 30 107 109
33 44 179 214
33 35 139 152
33 11 134 176
33 32 155 143
32 35 106 107
32 33 169 137
32 5 166 155
32 11 75 95
32 18 101 85
31 20 137 140
31 15 218 281
31 42 79 67
31 27 82 99
31 17 228 293
31 49 177 174
30 9 173 158
30 3 138 177
30 33 132 107
30 35 21 20
30 13 121 115
29 42 415 414
29 50 120 125
29 48 201 200
29 24 175 164
29 9 180 172
29 3 113 135
28 25 91 111
28 38 51 60
28 22 65 61
28 14 308 216
27 42 165 131
27 31 91 86
27 49 127 142
27 50 101 85
26 43 214 254
26 19 119 152
26 39 239 252
26 40 226 199
26 10 347 282
25 28 85 86
25 38 86 82
25 2 188 165
25 40 721 726
25 36 166 143
24 29 162 222
24 3 155 124
24 13 149 142
24 48 19 23
23 8 295 260
23 34 325 267
23 4 148 109
23 46 84 93
23 45 321 281
23 21 622 600
22 28 52 49
22 14 244 231
22 12 178 210
22 2 111 109
22 38 47 43
21 48 335 354
21 5 274 267
21 34 306 310
21 23 672 656
21 45 929 975
20 6 181 161
20 42 128 115
20 15 199 151
20 31 141 165
19 43 114 92
19 1 126 161
19 26 119 155
19 39 269 229
18 32 78 75
18 11 68 70
18 4 184 159
18 8 47 56
18 5 214 203
17 31 214 262
17 15 234 201
17 16 230 219
17 49 157 160
17 37 103 90
17 41 225 206
16 12 116 105
16 15 87 102
16 17 225 231
16 37 157 147
16 47 181 178
16 7 132 139
15 6 101 102
15 20 173 210
15 14 169 178
15 31 220 256
15 12 140 153
15 17 249 255
15 16 112 92
14 6 137 158
14 15 183 202
14 12 119 115
14 28 224 276
14 22 267 273
13 24 115 152
13 3 106 118
13 30 115 116
13 48 154 125
13 35 111 128
13 5 121 124
12 14 119 122
12 15 177 166
12 16 122 109
12 22 160 145
12 2 140 146
12 7 118 121
11 33 187 166
11 44 204 171
11 32 82 85
11 4 210 157
11 18 72 79
10 26 326 258
10 39 182 167
10 4 90 86
10 46 88 83
10 40 323 356
10 45 244 300
9 50 220 190
9 49 186 186
9 29 167 171
9 3 97 83
9 30 145 166
9 33 147 134
9 41 147 190
8 5 231 204
8 18 42 57
8 34 92 90
8 4 157 153
8 23 270 294
7 12 98 137
7 2 115 119
7 47 66 54
7 16 132 113
6 14 136 147
6 15 130 105
6 20 151 136
5 48 257 192
5 13 150 113
5 35 127 167
5 32 166 149
5 21 304 249
5 34 217 171
5 8 238 206
5 18 206 221
4 44 230 223
4 11 165 178
4 18 177 205
4 39 188 221
4 10 124 107
4 8 154 206
4 46 150 149
4 23 121 119
3 29 138 118
3 9 79 77
3 24 119 165
3 30 183 147
3 13 124 135
2 22 81 93
2 38 113 95
2 12 139 100
2 7 80 100
2 25 131 158
2 36 170 250
2 47 150 131
1 47 172 138
1 43 217 206
1 37 194 185
1 44 267 208
1 19 164 167
1 39 240 226
