nnodes narcs source target drone_limit type
10 46 8 9 1302 drone_routing_pli_project1
nodename posx posy
10 79.3911 312.879
9 803.492 138.988
8 620.534 283.871
7 332.658 476
6 66.6987 232.196
5 380.276 229.809
4 673.776 855.438
3 530.047 649.67
2 50.1539 732.548
1 654.037 568.264
tail head car_cost drone_cost
10 7 256 303
10 5 299 265
10 6 67 82
10 2 499 486
9 4 800 821
9 1 366 474
9 8 232 249
9 6 653 807
9 5 414 440
8 9 191 199
8 1 243 272
8 5 293 292
8 7 374 347
7 1 372 394
7 3 228 240
7 8 337 328
7 5 257 301
7 10 242 265
7 2 396 346
6 9 603 636
6 5 348 338
6 10 94 71
6 2 477 404
5 9 373 513
5 8 293 246
5 7 214 265
5 6 263 312
5 10 255 288
4 9 599 705
4 2 544 614
4 1 250 283
4 3 252 251
3 4 252 247
3 1 122 135
3 7 262 285
3 2 562 517
2 4 633 647
2 3 396 454
2 7 381 331
2 10 470 376
2 6 536 564
1 9 534 433
1 4 255 326
1 3 132 143
1 8 245 318
1 7 286 357
