nnodes narcs source target drone_limit type
50 272 11 6 340 drone_routing_pli_project1
nodename posx posy
50 721.493 847.03
49 683.106 690.632
48 432.617 998.16
47 677.315 282.034
46 95.2227 372.039
45 14.4322 148.498
44 408.344 471.286
43 560.338 74.5028
42 926.049 723.788
41 471.948 623.31
40 153.765 28.6283
39 340.067 361.149
38 828.899 89.9173
37 622.765 457.085
36 630.371 57.7588
35 366.91 760.268
34 106.003 712.986
33 438.992 656.149
32 295.697 704.781
31 847.217 709.923
30 390.405 764.816
29 630.597 929.251
28 877.155 74.4134
27 784.828 763.968
26 350.988 108.022
25 778.294 37.0751
24 444.482 982.164
23 45.8001 432.362
22 850.44 128.297
21 15.5657 997.311
20 955.938 614.512
19 481.48 137.769
18 225.964 657.914
17 654.453 549.801
16 778.592 399.323
15 862.447 455.172
14 984.527 316.605
13 388.979 865.367
12 851.977 303.747
11 286.993 614.677
10 170.354 370.348
9 543.106 779.788
8 177.094 660.641
7 732.693 279.944
6 971.862 451.813
5 256.869 850.988
4 169.171 477.105
3 518.233 865.638
2 788.599 198.069
1 524.84 272.854
tail head car_cost drone_cost
50 42 207 54
50 27 109 31
50 29 103 30
50 49 183 36
50 9 201 47
49 27 149 28
49 31 175 49
49 50 183 35
49 9 159 36
49 17 172 34
49 41 238 55
48 29 188 62
48 24 22 6
48 21 355 93
48 13 113 42
48 5 185 62
47 2 144 38
47 16 141 39
47 7 51 13
47 37 216 48
47 1 167 45
47 43 284 72
47 36 195 57
46 10 75 18
46 4 125 33
46 45 192 67
46 23 63 19
45 40 200 38
45 10 317 58
45 46 214 55
45 23 316 67
45 21 721 255
44 37 180 49
44 1 245 58
44 41 160 35
44 33 197 38
44 11 151 54
44 39 117 33
44 4 205 58
43 47 233 66
43 36 75 15
43 1 189 51
43 19 101 31
43 40 468 99
43 26 232 60
42 20 108 24
42 29 398 101
42 50 270 49
42 31 72 18
42 27 147 36
41 49 183 67
41 17 198 41
41 37 259 46
41 44 161 45
41 33 51 11
41 9 150 49
40 25 544 182
40 36 495 133
40 43 368 99
40 26 243 53
40 45 202 49
40 10 285 74
39 1 183 50
39 19 227 67
39 26 229 72
39 44 128 39
39 10 191 48
39 4 168 58
38 28 51 13
38 25 66 19
38 2 132 32
38 22 40 12
37 16 164 40
37 47 220 44
37 17 112 20
37 41 198 59
37 1 170 58
37 44 183 48
36 25 153 35
36 2 244 47
36 40 402 140
36 43 64 22
36 47 233 54
35 30 24 6
35 13 92 25
35 33 109 33
35 32 89 21
35 5 157 32
34 5 195 51
34 8 105 24
34 23 281 78
34 21 245 81
33 9 145 40
33 41 41 12
33 30 107 28
33 44 179 54
33 35 139 38
33 11 134 44
33 32 155 36
32 35 106 27
32 33 169 35
32 5 166 39
32 11 75 24
32 18 101 22
31 20 137 35
31 15 218 71
31 42 79 17
31 27 82 25
31 17 228 74
31 49 177 44
30 9 173 40
30 3 138 45
30 33 132 27
30 35 21 5
30 13 121 29
29 42 415 104
29 50 120 32
29 48 201 50
29 24 175 41
29 9 180 43
29 3 113 34
28 25 91 28
28 38 51 15
28 22 65 16
28 14 308 54
27 42 165 33
27 31 91 22
27 49 127 36
27 50 101 22
26 43 214 64
26 19 119 38
26 39 239 63
26 40 226 50
26 10 347 71
25 28 85 22
25 38 86 21
25 2 188 42
25 40 721 182
25 36 166 36
24 29 162 56
24 3 155 31
24 13 149 36
24 48 19 6
23 8 295 65
23 34 325 67
23 4 148 28
23 46 84 24
23 45 321 71
23 21 622 150
22 28 52 13
22 14 244 58
22 12 178 53
22 2 111 28
22 38 47 11
21 48 335 89
21 5 274 67
21 34 306 78
21 23 672 164
21 45 929 244
20 6 181 41
20 42 128 29
20 15 199 38
20 31 141 42
19 43 114 23
19 1 126 41
19 26 119 39
19 39 269 58
18 32 78 19
18 11 68 18
18 4 184 40
18 8 47 14
18 5 214 51
17 31 214 66
17 15 234 51
17 16 230 55
17 49 157 40
17 37 103 23
17 41 225 52
16 12 116 27
16 15 87 26
16 17 225 58
16 37 157 37
16 47 181 45
16 7 132 35
15 6 101 26
15 20 173 53
15 14 169 45
15 31 220 64
15 12 140 39
15 17 249 64
15 16 112 23
14 6 137 40
14 15 183 51
14 12 119 29
14 28 224 69
14 22 267 69
13 24 115 38
13 3 106 30
13 30 115 29
13 48 154 32
13 35 111 32
13 5 121 31
12 14 119 31
12 15 177 42
12 16 122 28
12 22 160 37
12 2 140 37
12 7 118 31
11 33 187 42
11 44 204 43
11 32 82 22
11 4 210 40
11 18 72 20
10 26 326 65
10 39 182 42
10 4 90 22
10 46 88 21
10 40 323 89
10 45 244 75
9 50 220 48
9 49 186 47
9 29 167 43
9 3 97 21
9 30 145 42
9 33 147 34
9 41 147 48
8 5 231 51
8 18 42 15
8 34 92 23
8 4 157 39
8 23 270 74
7 12 98 35
7 2 115 30
7 47 66 14
7 16 132 29
6 14 136 37
6 15 130 27
6 20 151 34
5 48 257 48
5 13 150 29
5 35 127 42
5 32 166 38
5 21 304 63
5 34 217 43
5 8 238 52
5 18 206 56
4 44 230 56
4 11 165 45
4 18 177 52
4 39 188 56
4 10 124 27
4 8 154 52
4 46 150 38
4 23 121 30
3 29 138 30
3 9 79 20
3 24 119 42
3 30 183 37
3 13 124 34
2 22 81 24
2 38 113 24
2 12 139 25
2 7 80 25
2 25 131 40
2 36 170 63
2 47 150 33
1 47 172 35
1 43 217 52
1 37 194 47
1 44 267 52
1 19 164 42
1 39 240 57
