nnodes narcs source target drone_limit type
30 160 3 17 1190 drone_routing_pli_project1
nodename posx posy
30 302.097 885.499
29 513.893 936.681
28 252.313 442.23
27 103.227 463.561
26 597.471 890.237
25 934.435 746.014
24 442.228 855.491
23 6.47672 635
22 198.543 609.662
21 323.826 125.034
20 211.685 138.647
19 207.937 347.634
18 139.709 827.551
17 135.458 896.491
16 465.894 21.2827
15 510.284 538.285
14 914.442 24.5556
13 296.743 721.587
12 467.928 755.911
11 788.292 311.839
10 897.465 197.942
9 324.264 857.388
8 507.414 530.33
7 532.589 868.111
6 256.372 792.962
5 627.09 987.452
4 682.985 612.102
3 553.675 217.735
2 573.263 801.507
1 912.433 159.083
tail head car_cost drone_cost
30 29 229 233
30 24 115 118
30 9 33 40
30 6 93 102
30 17 145 197
29 5 105 139
29 26 79 97
29 7 70 78
29 17 378 386
29 24 91 95
29 30 224 185
28 3 399 306
28 8 259 239
28 22 163 201
28 19 102 118
28 27 148 134
27 20 289 284
27 19 140 187
27 28 128 128
27 22 204 140
27 23 212 234
26 25 384 327
26 5 100 106
26 29 114 108
26 2 79 91
26 7 69 72
25 5 320 452
25 14 806 804
25 1 703 531
25 11 467 407
25 10 580 582
25 26 378 438
25 4 318 304
25 2 433 343
24 29 127 90
24 7 108 100
24 12 96 96
24 9 97 137
24 30 152 118
23 20 627 541
23 18 238 239
23 17 248 251
23 22 201 186
23 27 180 169
22 13 131 156
22 8 357 373
22 28 177 181
22 6 206 218
22 18 240 230
22 27 141 174
22 23 168 180
21 16 167 203
21 3 296 220
21 20 108 129
21 19 266 213
20 16 327 237
20 21 106 136
20 19 211 183
20 23 497 626
20 27 361 344
19 3 382 406
19 21 240 260
19 20 177 221
19 27 142 138
19 28 113 99
18 6 146 119
18 22 214 208
18 23 271 275
18 17 60 65
17 5 463 472
17 29 358 421
17 30 189 156
17 6 181 134
17 18 80 81
17 23 324 274
16 14 404 516
16 20 308 234
16 21 176 167
16 3 235 198
15 4 210 167
15 12 238 260
15 8 9 11
15 13 228 294
14 25 737 800
14 1 141 142
14 16 482 519
14 3 372 385
13 15 264 257
13 12 180 188
13 8 288 244
13 9 167 138
13 22 166 175
13 6 90 69
12 2 137 126
12 7 134 128
12 4 214 279
12 15 208 252
12 24 100 101
12 13 165 158
12 9 158 209
11 25 437 545
11 10 140 184
11 4 355 303
11 3 210 277
11 8 401 398
10 1 43 38
10 3 351 334
10 11 149 178
10 25 629 571
9 24 138 114
9 12 149 209
9 30 37 40
9 13 146 120
9 6 100 106
8 4 180 184
8 11 343 425
8 3 269 276
8 15 9 7
8 13 253 308
8 28 279 248
8 22 268 353
7 26 63 69
7 2 65 81
7 29 72 80
7 12 130 142
7 24 98 108
6 30 105 110
6 9 108 101
6 13 75 70
6 17 183 153
6 22 180 204
6 18 134 128
5 25 409 331
5 17 592 428
5 26 94 111
5 29 136 146
4 11 325 316
4 25 335 251
4 2 262 255
4 8 165 204
4 15 222 168
4 12 279 235
3 1 417 408
3 10 363 341
3 14 400 488
3 11 260 285
3 8 306 304
3 28 447 340
3 16 250 180
3 21 283 251
3 19 382 307
2 25 312 380
2 4 209 188
2 26 108 100
2 12 115 122
2 7 88 87
1 14 124 118
1 25 648 699
1 3 331 342
1 10 48 39
