nnodes narcs source target drone_limit type
500 2966 104 132 607 drone_routing_pli_project1
nodename posx posy
500 310.172 489.154
499 213.187 249.477
498 824.66 422.064
497 857.715 562.71
496 778.235 274.721
495 988.898 943.692
494 41.0761 836.416
493 258.438 350.689
492 342.171 25.7744
491 760.982 607.191
490 384.442 109.542
489 417.69 864.293
488 662.315 99.2956
487 609.798 729.14
486 92.9841 640.209
485 528.063 326.539
484 553.313 703.226
483 628.954 190.49
482 714.438 498.056
481 333.346 924.048
480 917.28 466.816
479 642.148 645.68
478 762.58 83.8433
477 570.959 468.34
476 173.956 672.462
475 290.17 478.708
474 803.915 109.994
473 86.9728 727.418
472 209.7 293.049
471 902.715 670.194
470 444.096 600.615
469 325.951 862.422
468 848.567 456.352
467 793.286 788.055
466 461.972 947.101
465 43.3573 764.494
464 673.938 404.328
463 932.839 409.139
462 461.222 861.077
461 827.539 166.089
460 698.116 430.195
459 368.953 592.625
458 875.369 340.884
457 351.304 198.815
456 889.972 659.944
455 262.223 558.254
454 971.521 510.921
453 199.851 586.506
452 927.203 897.512
451 10.1513 473.391
450 651.52 405.127
449 642.34 897.554
448 739.941 74.1049
447 621.255 222.683
446 346.244 446.519
445 828.644 234.651
444 456.39 132.201
443 288.19 222.535
442 139.625 524.107
441 600.814 412.941
440 248.889 433.57
439 988.608 749.85
438 443.522 186.719
437 410.567 69.1658
436 310.215 8.16307
435 916.081 880.463
434 72.9074 560.114
433 729.616 254.763
432 765.16 157.034
431 610.816 977.437
430 442.891 149.488
429 828.89 894.961
428 741.345 87.4792
427 821.006 732.83
426 824.927 713.861
425 885.738 43.7776
424 85.9302 392.375
423 380.562 48.8075
422 159.132 891.989
421 54.9398 131.412
420 321.347 288.243
419 737.592 544.937
418 822.935 221.388
417 409.876 385.901
416 383.334 597.84
415 210.378 198.21
414 3.38657 622.697
413 524.442 314.987
412 478.543 503.133
411 583.73 560.844
410 911.242 321.032
409 924.325 556.996
408 36.6587 103.283
407 288.497 158.123
406 9.52077 544.142
405 688.003 551.161
404 213.41 789.829
403 130.629 44.5211
402 707.568 174.091
401 123.348 338.114
400 726.075 397.528
399 353.559 91.068
398 593.7 834.871
397 684.94 380.449
396 972.003 4.35726
395 728.854 390.412
394 245.342 672.734
393 130.27 591.034
392 393.372 137.972
391 374.894 198.243
390 965.153 329.226
389 339.682 773.41
388 907.871 998.46
387 102.043 80.7269
386 444.915 318.795
385 245.498 413.937
384 925.161 128.497
383 275.106 407.321
382 356.084 203.533
381 929.961 219.454
380 12.925 752.087
379 470.031 16.8265
378 206.669 607.004
377 159.684 967.07
376 664.03 761.813
375 581.674 791.75
374 488.715 227.288
373 426.014 124.316
372 847.733 62.1039
371 513.104 2.0313
370 168.973 596.279
369 956.266 308.227
368 103.1 672.297
367 144.282 623.911
366 947.403 387.944
365 150.006 981.02
364 851.713 658.297
363 939.095 403.204
362 423.975 602.655
361 477.587 827.912
360 369.467 595.453
359 304.61 214.457
358 373.834 947.886
357 54.9049 29.1865
356 463.687 867.792
355 665.039 268.446
354 734.17 197.456
353 878.825 124.004
352 351.988 680.05
351 155.292 940.206
350 653.233 242.192
349 72.0197 367.526
348 533.267 198.958
347 875.121 428.256
346 42.752 944.286
345 443.941 405.79
344 578.884 749.069
343 774.766 112.902
342 509.574 775.766
341 226.418 734.367
340 753.549 465.903
339 466.606 357.491
338 320.676 558.461
337 987.877 767.193
336 200.635 255.523
335 574.737 591.206
334 177.755 428.449
333 469.449 421.051
332 95.5648 324.653
331 645.511 825.471
330 43.4372 422.442
329 419.209 919.051
328 683.62 929.266
327 146.966 288.258
326 70.7098 826.688
325 427.589 33.0467
324 474.983 342.104
323 683.695 611.579
322 840.504 640.895
321 287.481 220.277
320 69.9861 360.864
319 246.103 977.148
318 609.417 190.372
317 516.821 63.6295
316 131.516 968.847
315 99.1157 813.695
314 110.4 68.9424
313 389.445 97.7647
312 909.208 18.6409
311 795.296 46.6425
310 633.787 213.411
309 121.778 494.96
308 451.497 36.9514
307 770.963 526.802
306 644.384 997.225
305 758.407 194.855
304 216.809 444.983
303 51.2736 109.519
302 62.3845 786.671
301 788.86 891.412
300 214.108 653.813
299 751.38 919.125
298 551.712 427.351
297 610.92 838.236
296 65.7089 627.993
295 315.639 615.832
294 718.962 621.837
293 632.549 700
292 491.722 613.144
291 785.502 983.125
290 29.4301 121.334
289 75.0255 663.101
288 665.675 794.6
287 829.081 873.481
286 493.772 84.8255
285 404.135 722.729
284 684.822 694.215
283 801.527 488.707
282 769.697 858.613
281 774.273 486.417
280 36.3313 121.2
279 735.235 128.392
278 257.623 797.307
277 922.081 975.738
276 421.98 470.432
275 882.534 915.984
274 47.5738 584.241
273 591.729 768.141
272 629.215 107.944
271 250.888 606.694
270 196.654 814.963
269 813.235 400.059
268 305.343 498.347
267 481.772 394.934
266 782.266 381.847
265 188.2 250.235
264 504.327 612.744
263 429.28 671.2
262 485.791 441.052
261 764.114 138.846
260 732.124 8.19104
259 893.139 929.299
258 114.792 454.96
257 98.8813 613.323
256 916.661 791.109
255 153.193 494.553
254 468.857 983.887
253 731.479 345.912
252 272.536 467.03
251 238.563 432.066
250 295.026 550.286
249 482.664 240.82
248 418.173 437.896
247 244.554 901.387
246 763.304 16.8102
245 811.418 740.428
244 334.663 635.636
243 484.016 349.881
242 921.108 506.533
241 848.299 430.402
240 830.662 477.066
239 827.28 281.824
238 957.534 949.27
237 716.155 372.611
236 96.7167 990.159
235 245.861 903.734
234 824.174 862.383
233 331.651 642.637
232 695.029 595.556
231 330.072 728.678
230 818.781 967.585
229 57.8053 315.26
228 937.167 629.708
227 399.273 223.253
226 141.378 707.202
225 348.265 626.631
224 52.3868 267.333
223 765.885 800.689
222 179.519 653.994
221 888.294 245.98
220 843.196 40.9164
219 750.438 901.971
218 370.178 208.07
217 695.444 512.534
216 662.482 663.754
215 174.783 564.141
214 920.368 842.575
213 194.662 134.928
212 527.959 340.607
211 284.249 750.877
210 446.855 496.752
209 428.078 210.749
208 14.908 196.299
207 366.908 815.202
206 717.464 520.652
205 298.969 502.943
204 237.11 867.631
203 749.225 777.636
202 142.228 850.17
201 82.4324 707.683
200 738.568 687.795
199 352.281 635.341
198 472.266 834.247
197 362.019 964.882
196 475.076 244.985
195 591.367 668.782
194 317.54 348.001
193 72.1187 97.8897
192 264.865 418.203
191 94.1423 682.146
190 591.759 506.208
189 440.129 23.0269
188 131.526 283.301
187 498.672 302.253
186 833.478 440.971
185 330.458 442.442
184 850.078 541.076
183 472.564 867.905
182 537.038 225.576
181 794.15 325.389
180 738.525 346.794
179 68.0198 67.6044
178 155.305 113.451
177 523.467 793.384
176 312.408 616.777
175 595.045 328.292
174 308.225 816.807
173 399.968 853.769
172 838.834 52.7707
171 356.155 21.2448
170 947.06 573.95
169 407.683 974.106
168 89.142 258.548
167 840.812 833.484
166 783.7 247.431
165 859.703 756.398
164 695.813 425.79
163 326.483 154.033
162 197.808 657.09
161 157.035 955.476
160 469.426 137.534
159 275.537 44.0782
158 81.6022 782.744
157 162.817 790.031
156 825.42 877.563
155 453.4 298.588
154 672.893 370.661
153 732.999 917.585
152 108.096 842.839
151 323.205 264.131
150 361.59 846.129
149 996.361 586.305
148 80.7547 633.696
147 995.865 453.655
146 733.183 271.357
145 622.237 336.941
144 176.053 342.723
143 831.831 593.681
142 734.804 393.594
141 553.572 207.226
140 269.619 478.366
139 701.953 552.862
138 815.257 602.77
137 515.957 688.965
136 752.633 43.0297
135 919.765 633.08
134 200.022 861.133
133 40.0372 704.629
132 535.572 938.018
131 956.085 955.219
130 115.512 379.259
129 755.192 605.614
128 315.459 688.93
127 239.29 141.499
126 773.964 993.489
125 326.655 648.439
124 982.944 275.183
123 630.671 184.709
122 271.159 849.256
121 616.238 577.999
120 433.228 606.091
119 544.235 301.93
118 233.718 112.918
117 448.597 838.595
116 276.266 913.515
115 153.88 696.293
114 81.0752 21.644
113 760.455 543.82
112 16.9154 27.3448
111 698.325 495.045
110 139.26 636.559
109 899.502 665.466
108 194.609 165.129
107 555.246 695.701
106 559.478 188.758
105 422.65 949.482
104 734.852 500.972
103 510.986 734.242
102 54.0244 900.981
101 920.114 833.616
100 371.272 381.337
99 500.848 290.332
98 865.393 629.634
97 162.279 126.713
96 447.152 626.677
95 37.3174 164.238
94 131.516 602.526
93 230.585 413.751
92 699.319 897.891
91 579.761 498.613
90 900.889 927.087
89 251.655 73.5505
88 764.962 615.351
87 228.959 275.534
86 485.904 412.018
85 905.66 437.693
84 133.399 395.801
83 353.518 895.161
82 621.036 582.209
81 25.4143 979.522
80 89.9873 418.731
79 72.569 737.109
78 14.5932 572.455
77 341.965 501.234
76 868.353 548.843
75 930.281 919.098
74 348.572 859.891
73 765.432 84.8765
72 739.778 425.031
71 602.629 999.687
70 590.719 538.252
69 516.618 89.7065
68 125.046 78.8397
67 75.4573 122.849
66 636.227 48.9512
65 945.429 713.701
64 14.2393 966.641
63 425.294 71.9057
62 793.554 964.66
61 986.375 591.106
60 23.9189 589.814
59 120.469 888.776
58 469.697 570.474
57 909.466 570.773
56 308.831 136.007
55 640.013 121.756
54 594.783 605.917
53 326.537 211.631
52 276.704 802.099
51 181.401 390.999
50 854.214 617.943
49 308.569 641.987
48 629.926 655.753
47 295.632 805.608
46 668.613 930.768
45 958.834 258.462
44 676.797 57.5151
43 449.237 829.722
42 77.6951 262.774
41 869.674 288.204
40 117.803 799.177
39 767.7 477.191
38 243.705 513.901
37 567.506 504.639
36 618.735 216.69
35 563.419 215.444
34 193.435 208.825
33 321.145 372.362
32 432.736 607.173
31 693.701 678.851
30 664.867 511.938
29 552.795 600.871
28 127.261 319.624
27 330.428 230.363
26 515.31 629.498
25 549.054 509.701
24 109.646 897.715
23 352.918 567.454
22 82.5088 782.54
21 221.073 749.126
20 126.436 630.602
19 299.118 944.346
18 168.46 771.005
17 308.456 780.927
16 236.793 813.963
15 627.672 177.248
14 937.804 455.239
13 660.822 102.847
12 929.278 938.523
11 954.526 412.785
10 988.428 255.41
9 63.8778 498.188
8 63.9737 907.1
7 932.623 672.055
6 161.535 12.5789
5 503.683 608.631
4 178.38 233.77
3 541.861 433.702
2 311.708 267.028
1 783.235 863.673
tail head car_cost drone_cost
500 446 60 55
500 185 52 61
500 475 25 27
500 268 9 11
500 77 29 33
499 443 72 95
499 321 79 80
499 87 36 29
499 336 16 15
499 415 55 56
499 34 47 42
499 265 25 27
499 4 33 37
498 241 22 24
498 186 21 25
498 39 89 85
498 340 78 87
498 269 21 22
498 72 90 77
497 76 16 17
497 57 57 53
497 50 61 49
497 143 45 39
497 184 20 21
496 239 43 50
496 166 23 31
496 181 51 45
496 180 87 92
496 433 48 48
496 146 51 40
495 149 373 361
495 388 107 101
495 131 35 31
495 238 26 29
495 439 177 163
495 452 81 78
495 75 61 76
495 214 99 134
495 337 178 199
494 326 32 31
494 302 46 50
494 465 63 83
494 102 71 63
494 380 95 107
494 64 119 112
493 33 76 64
493 194 55 66
493 420 83 86
493 383 58 53
493 385 78 69
493 93 68 62
493 87 71 82
493 472 67 73
493 144 71 73
493 51 101 82
492 423 45 38
492 171 13 14
492 399 55 70
492 436 33 33
492 159 74 64
491 138 55 57
491 113 75 52
491 129 5 6
491 88 10 11
490 373 45 51
490 313 15 12
490 392 28 25
490 399 33 33
490 163 78 60
489 356 53 53
489 117 36 34
489 462 41 51
489 329 57 47
489 173 17 19
489 83 75 65
488 428 81 80
488 44 39 41
488 13 4 4
488 279 88 67
488 66 62 49
488 272 36 35
487 293 42 37
487 376 62 55
487 273 50 37
487 344 34 43
487 484 54 62
487 107 53 65
487 195 68 62
486 20 36 40
486 257 33 23
486 368 40 31
486 289 24 27
486 148 15 16
485 175 56 55
485 119 28 31
485 212 15 16
485 413 14 14
485 187 40 37
485 243 51 45
484 487 53 64
484 107 9 8
484 344 60 62
484 137 38 40
484 103 46 56
483 123 5 7
483 310 26 26
483 36 29 32
483 15 14 12
483 318 20 23
482 340 57 47
482 104 21 20
482 206 20 25
482 460 77 68
482 217 26 26
482 111 15 15
481 358 56 51
481 83 39 32
481 197 54 49
481 19 40 34
481 469 52 74
481 116 60 65
480 14 27 20
480 85 29 33
480 468 73 84
480 242 35 37
479 323 46 55
479 216 33 27
479 48 14 15
479 54 53 55
479 82 80 65
478 311 45 56
478 136 48 37
478 448 25 24
478 428 20 18
478 73 4 4
478 343 37 31
477 441 74 69
477 190 50 46
477 91 27 34
477 37 32 39
477 25 40 50
477 298 55 46
477 3 49 37
476 162 30 34
476 222 17 21
476 341 96 90
476 110 42 50
476 115 32 29
475 500 23 20
475 268 20 22
475 185 60 59
475 252 21 24
475 140 23 24
475 205 26 30
474 372 63 76
474 353 79 66
474 172 56 73
474 311 76 63
474 73 53 37
474 461 59 51
474 261 42 59
474 343 33 25
473 18 97 91
473 226 61 57
473 40 69 68
473 22 62 62
473 201 23 17
473 79 18 21
472 87 22 23
472 493 62 79
472 144 71 49
472 327 55 71
472 336 37 44
472 265 47 55
471 65 71 67
471 7 30 29
471 165 87 95
471 426 103 101
471 109 5 5
471 364 49 51
471 456 14 16
470 58 37 40
470 292 47 44
470 362 22 24
470 96 26 27
470 32 14 13
470 120 10 13
469 74 27 28
469 83 44 35
469 150 40 40
469 481 69 70
469 116 66 63
469 174 42 45
469 122 56 65
468 85 67 51
468 480 80 71
468 347 38 37
468 242 75 77
468 241 28 30
468 186 23 18
468 240 28 26
467 165 76 60
467 245 48 50
467 167 67 60
467 1 90 87
467 203 51 46
467 223 35 34
466 132 83 89
466 183 90 76
466 356 69 92
466 254 44 45
466 329 52 47
466 105 37 37
465 158 35 49
465 79 36 48
465 302 25 29
465 494 59 77
465 133 60 68
465 380 33 40
464 154 32 30
464 450 19 26
464 164 30 29
464 397 26 30
463 363 8 10
463 11 19 26
463 366 25 21
463 14 51 39
463 85 43 43
463 458 92 95
463 347 66 70
462 198 28 34
462 183 16 12
462 356 9 9
462 117 27 24
462 489 39 37
461 221 120 87
461 418 57 57
461 353 60 71
461 381 96 125
461 261 68 65
461 474 64 58
461 305 88 77
461 432 64 73
460 340 57 77
460 72 37 45
460 400 38 36
460 482 69 72
460 111 59 61
460 30 72 104
460 450 48 60
460 164 5 6
459 416 13 16
459 360 3 3
459 225 42 48
459 295 64 59
459 23 34 35
458 366 95 95
458 463 97 98
458 410 49 40
458 347 102 92
458 241 83 83
458 269 86 96
458 181 79 95
458 41 46 56
458 239 76 87
457 391 25 20
457 382 6 6
457 163 61 47
457 53 25 26
456 135 46 36
456 109 13 12
456 98 37 47
456 364 35 34
456 471 20 20
455 271 52 45
455 250 36 29
455 176 81 70
455 38 57 52
455 453 78 80
454 147 61 60
454 170 56 58
454 149 87 92
454 409 60 78
454 242 58 54
454 14 75 74
453 271 48 55
453 455 59 58
453 38 100 101
453 378 24 20
453 215 29 38
453 370 36 33
452 495 70 70
452 75 22 26
452 214 63 66
452 90 35 43
452 435 24 25
452 275 51 43
451 229 141 186
451 208 228 240
451 330 57 57
451 9 56 65
451 414 129 157
451 406 65 70
450 460 54 43
450 164 41 54
450 464 21 25
450 154 39 43
450 145 75 62
450 441 51 61
450 30 108 91
449 92 66 60
449 331 78 66
449 46 39 48
449 431 97 92
449 132 134 136
449 297 78 77
449 398 86 81
448 136 37 30
448 478 24 27
448 44 65 67
448 428 15 17
447 310 18 14
447 350 35 45
447 175 117 131
447 119 131 114
447 36 6 7
447 35 56 60
446 276 69 91
446 248 60 72
446 100 73 79
446 77 53 61
446 500 64 59
446 185 19 16
445 221 70 52
445 41 67 81
445 239 41 39
445 166 48 42
445 418 16 15
444 286 58 72
444 430 24 25
444 160 15 15
444 63 67 71
444 373 34 27
443 27 41 37
443 359 22 16
443 2 41 55
443 87 82 92
443 499 72 74
443 321 3 3
442 255 35 34
442 215 53 60
442 393 61 76
442 309 36 38
442 434 62 91
441 145 85 84
441 30 104 127
441 450 56 47
441 190 80 97
441 477 69 58
441 298 42 46
441 175 80 69
441 212 103 120
440 192 25 27
440 252 41 47
440 385 21 23
440 304 28 39
440 251 10 12
439 149 138 136
439 495 206 166
439 337 15 18
439 61 135 157
439 65 57 52
438 348 86 102
438 160 61 62
438 430 41 44
438 209 30 24
438 374 51 73
438 391 60 72
438 392 60 58
437 325 42 44
437 63 13 12
437 423 43 31
437 313 39 34
436 371 211 228
436 379 173 166
436 171 50 39
436 492 31 32
436 6 159 140
436 159 54 44
435 214 31 40
435 452 24 19
435 275 43 47
435 167 89 75
435 287 95 73
434 393 57 54
434 442 68 63
434 309 86 69
434 257 55 62
434 274 42 36
434 406 61 56
434 9 70 61
433 496 48 54
433 166 63 52
433 305 65 59
433 354 50 61
433 146 18 15
433 350 90 68
433 355 73 55
432 354 61 56
432 305 37 38
432 461 63 72
432 402 65 66
432 279 50 45
432 261 16 18
431 306 38 38
431 46 65 63
431 449 75 91
431 132 93 71
431 71 28 21
430 160 25 33
430 444 19 25
430 438 36 37
430 392 60 51
430 373 30 34
429 275 56 59
429 287 21 25
429 230 75 60
429 156 16 16
429 301 40 33
429 62 81 81
428 343 43 39
428 478 19 24
428 279 45 38
428 488 77 91
428 44 61 70
428 448 15 16
427 426 17 24
427 165 45 44
427 245 11 12
426 471 106 89
426 364 52 58
426 322 79 81
426 165 46 49
426 427 17 17
426 200 74 87
426 245 29 36
425 353 78 70
425 384 107 91
425 312 30 33
425 220 36 42
425 372 47 46
424 130 38 37
424 80 27 29
424 330 56 58
424 349 31 26
423 437 35 36
423 325 42 47
423 313 51 43
423 399 47 56
423 171 36 37
423 492 38 36
422 247 94 92
422 134 55 54
422 351 57 51
422 202 53 52
422 59 36 41
421 67 18 20
421 95 41 33
421 303 24 25
421 280 25 25
420 386 144 113
420 100 94 89
420 227 118 109
420 151 21 28
420 194 63 50
420 493 72 96
420 2 24 23
420 87 112 101
419 113 20 25
419 307 34 39
419 129 67 74
419 104 41 45
419 232 70 73
419 139 41 35
419 206 30 30
418 221 64 58
418 461 62 47
418 305 78 75
418 166 51 55
418 445 15 15
417 339 56 73
417 345 35 39
417 386 72 77
417 248 57 52
417 100 42 43
416 210 143 110
416 23 37 43
416 459 18 18
416 263 103 104
416 362 49 39
416 199 41 52
416 225 38 49
416 360 17 13
415 407 93 103
415 127 67 63
415 321 90 93
415 499 46 48
415 108 32 36
415 34 17 22
414 289 72 92
414 296 67 58
414 133 101 95
414 112 570 498
414 208 410 403
414 60 36 47
414 64 340 385
414 380 110 109
414 78 46 51
414 451 124 160
414 406 88 79
413 119 29 21
413 99 33 40
413 485 14 12
413 187 33 31
412 262 60 70
412 25 81 63
412 210 28 39
412 58 72 79
411 70 28 27
411 121 35 40
411 335 36 31
411 25 67 57
411 29 56 55
410 369 45 54
410 390 61 65
410 45 84 68
410 366 72 82
410 458 48 40
410 41 55 51
410 221 79 66
409 454 78 61
409 170 33 25
409 57 19 21
409 76 49 65
409 242 55 59
408 193 39 41
408 179 49 44
408 303 14 15
408 280 22 19
408 112 84 71
408 290 21 16
407 163 37 46
407 56 28 25
407 359 52 52
407 321 57 57
407 415 81 90
407 127 59 62
406 434 65 62
406 9 58 70
406 274 62 46
406 78 24 31
406 451 64 62
406 414 89 68
405 139 17 15
405 217 35 45
405 232 42 47
405 82 86 85
405 30 40 42
404 278 45 42
404 21 34 44
404 16 36 31
404 270 31 29
404 157 45 41
404 18 57 57
403 6 39 42
403 68 37 40
403 178 81 65
403 114 65 61
403 314 35 31
402 432 56 49
402 279 50 48
402 354 30 31
402 350 96 86
402 123 78 78
402 310 72 89
402 13 83 70
402 15 65 79
402 55 77 87
401 144 54 48
401 28 21 22
401 84 68 70
401 130 39 46
401 320 56 61
401 332 31 28
400 395 8 10
400 72 26 31
400 142 9 11
400 460 47 37
400 164 37 38
400 237 32 29
400 397 38 41
399 313 35 32
399 423 47 48
399 490 35 30
399 163 72 61
399 56 68 70
399 159 84 100
399 492 73 76
398 297 19 20
398 449 86 81
398 132 140 112
398 375 43 42
398 183 113 102
398 177 85 82
397 237 37 38
397 400 48 39
397 154 17 17
397 164 53 45
397 464 28 30
396 10 257 215
396 371 458 493
396 260 235 238
396 312 70 61
396 384 122 125
395 180 51 38
395 237 24 21
395 400 9 9
395 142 8 7
394 128 63 66
394 49 82 68
394 271 62 71
394 211 83 103
394 341 78 60
394 300 30 31
394 162 51 54
393 370 44 37
393 215 59 48
393 442 68 63
393 94 13 13
393 434 71 78
393 257 40 41
392 430 57 57
392 373 35 36
392 438 78 71
392 391 60 72
392 490 26 32
392 163 68 57
391 209 64 60
391 438 62 58
391 392 72 70
391 227 37 39
391 218 13 13
391 382 22 23
391 163 75 59
391 457 24 26
390 124 65 47
390 366 66 73
390 11 84 81
390 147 106 132
390 369 27 21
390 410 50 50
389 285 87 84
389 207 45 44
389 231 46 40
389 17 35 36
389 174 58 61
388 495 103 103
388 131 69 73
388 277 25 29
388 71 358 281
388 259 59 83
388 230 83 101
388 291 106 102
388 126 118 123
388 306 230 245
387 314 15 17
387 178 75 68
387 68 25 28
387 67 54 43
387 179 41 39
387 193 35 36
386 324 39 44
386 155 23 25
386 339 39 51
386 417 63 88
386 100 105 93
386 420 124 123
386 227 111 100
385 192 17 24
385 383 32 25
385 493 75 59
385 440 24 21
385 93 14 15
385 251 20 22
384 396 117 127
384 10 115 170
384 381 104 102
384 353 56 42
384 312 120 117
384 425 85 111
383 33 47 47
383 185 68 73
383 192 18 17
383 385 29 29
383 493 50 64
382 391 19 20
382 457 8 7
382 218 14 18
382 53 27 35
382 27 39 40
381 10 67 79
381 45 50 43
381 221 48 45
381 384 75 78
381 353 100 110
381 461 97 138
380 465 29 38
380 494 87 94
380 133 49 58
380 64 219 182
380 414 143 124
379 371 38 52
379 317 74 69
379 308 27 29
379 189 33 31
379 436 178 180
379 171 134 105
378 271 37 51
378 300 51 53
378 162 43 61
378 222 56 48
378 453 23 26
378 370 34 43
377 319 100 104
377 365 14 21
377 161 10 12
377 316 25 28
376 203 80 96
376 284 60 78
376 288 38 30
376 293 71 64
376 487 72 59
376 273 68 68
375 297 49 51
375 331 68 81
375 273 23 23
375 398 52 50
375 344 38 36
375 177 48 50
374 348 44 45
374 249 16 18
374 182 51 49
374 196 20 22
374 438 70 71
374 209 60 73
373 444 34 31
373 430 30 36
373 392 42 41
373 63 60 54
373 313 46 54
373 490 53 53
372 425 42 44
372 353 75 64
372 474 57 66
372 172 12 12
372 220 22 22
371 396 492 430
371 260 215 231
371 66 117 140
371 317 55 56
371 379 51 47
371 6 301 308
371 436 244 221
370 378 39 35
370 453 35 34
370 215 37 28
370 222 57 62
370 367 40 42
370 393 43 47
370 94 36 43
369 124 47 45
369 45 51 48
369 410 43 45
369 390 20 23
368 115 46 55
368 110 45 59
368 20 47 51
368 191 13 12
368 226 59 50
368 289 24 31
368 486 39 29
367 370 35 45
367 222 41 43
367 110 16 16
367 20 21 21
367 94 26 22
366 390 67 67
366 363 18 14
366 11 29 23
366 463 28 27
366 458 98 85
366 410 77 87
365 319 100 98
365 377 20 20
365 316 25 20
365 236 44 44
364 98 36 31
364 471 59 46
364 456 42 38
364 426 67 69
364 322 20 24
363 366 21 15
363 463 10 8
363 11 17 22
362 58 63 59
362 470 23 18
362 120 12 10
362 32 9 8
362 210 93 92
362 263 77 78
362 416 47 41
361 177 49 69
361 342 52 66
361 183 40 38
361 43 30 32
361 198 9 9
360 416 15 12
360 225 43 41
360 459 4 3
359 53 22 22
359 163 72 76
359 407 49 48
359 321 20 20
359 27 33 30
359 443 22 17
358 105 57 55
358 329 58 58
358 169 42 40
358 197 20 22
358 83 53 58
358 481 47 56
357 114 33 27
357 112 39 34
357 179 44 46
356 183 8 11
356 466 65 88
356 329 62 68
356 489 55 40
356 462 7 8
355 146 79 70
355 433 71 68
355 253 111 88
355 154 93 108
355 145 87 80
355 175 87 79
355 350 30 30
354 432 43 48
354 305 26 24
354 433 61 65
354 350 94 101
354 402 39 31
353 384 52 54
353 425 81 86
353 372 59 72
353 474 78 80
353 461 76 67
353 381 117 104
352 263 91 75
352 199 51 41
352 285 81 60
352 231 56 64
352 128 44 40
352 125 35 34
352 233 48 50
351 319 110 100
351 235 109 85
351 247 90 88
351 422 58 56
351 161 15 15
351 316 43 31
351 59 63 73
351 24 65 56
350 433 84 70
350 354 77 86
350 402 102 100
350 355 31 26
350 310 42 35
350 175 101 123
350 447 44 35
349 130 54 43
349 424 32 25
349 330 70 72
349 320 8 6
348 141 24 20
348 106 28 33
348 182 24 26
348 374 55 52
348 69 100 122
348 438 109 97
348 160 81 90
347 463 54 54
347 458 79 84
347 85 33 39
347 241 33 31
347 468 46 33
346 236 75 66
346 8 36 50
346 102 37 43
346 64 37 33
346 81 32 47
345 267 43 38
345 339 47 50
345 333 33 35
345 248 45 41
345 417 41 32
344 273 26 23
344 487 43 40
344 375 42 35
344 177 59 69
344 484 47 56
344 103 77 70
344 342 70 81
343 474 29 25
343 261 31 33
343 279 36 41
343 428 50 38
343 73 26 32
343 478 31 34
342 344 78 77
342 103 35 35
342 361 56 72
342 177 21 19
342 285 97 121
342 43 81 87
341 394 56 71
341 21 16 15
341 211 67 49
341 162 85 83
341 476 80 92
341 115 68 85
340 498 75 91
340 39 17 16
340 104 40 44
340 482 47 54
340 72 37 45
340 460 76 55
339 243 20 23
339 324 17 18
339 345 54 49
339 267 41 49
339 386 51 40
339 417 64 68
338 77 53 51
338 23 33 29
338 295 54 49
338 176 71 68
338 250 24 31
338 205 49 61
338 268 52 71
337 439 17 19
337 495 193 160
337 214 110 120
337 65 71 72
337 101 103 81
337 256 86 85
336 87 40 29
336 499 12 16
336 472 37 33
336 265 15 15
335 121 41 47
335 411 34 29
335 29 27 25
335 54 21 29
334 93 63 48
334 51 34 44
334 304 50 50
334 255 77 84
334 258 73 55
334 84 47 55
333 86 16 19
333 267 34 32
333 262 29 30
333 276 63 72
333 248 60 49
333 345 36 27
332 28 35 31
332 188 45 65
332 229 40 39
332 320 48 42
332 401 32 25
332 168 59 71
332 42 67 70
331 92 85 100
331 288 42 43
331 449 68 60
331 297 31 32
331 273 65 66
331 375 72 60
330 80 39 48
330 424 47 53
330 349 63 65
330 320 66 68
330 229 92 115
330 451 57 60
330 9 86 93
329 466 47 55
329 356 79 59
329 105 27 26
329 358 54 60
329 489 54 62
329 83 78 69
328 126 118 120
328 153 51 53
328 92 36 32
328 46 18 13
328 306 66 88
327 472 62 62
327 265 54 60
327 4 61 53
327 188 20 16
327 144 66 69
327 28 34 36
326 315 33 35
326 158 39 37
326 152 36 40
326 102 68 67
326 302 49 47
326 494 38 31
325 189 19 14
325 308 23 22
325 63 37 46
325 437 37 48
325 171 67 64
325 423 52 51
324 187 55 46
324 243 12 10
324 339 15 19
324 386 36 41
324 155 42 42
323 294 35 43
323 232 21 19
323 216 60 55
323 31 61 75
323 82 81 72
323 479 50 45
322 98 31 28
322 50 25 25
322 364 18 21
322 426 90 62
322 200 93 134
322 138 46 42
322 88 88 86
321 359 17 18
321 407 65 63
321 443 3 3
321 415 69 81
321 499 92 70
320 130 52 55
320 401 55 53
320 332 40 40
320 349 7 8
320 330 63 75
320 229 49 53
319 254 180 219
319 169 186 156
319 197 112 124
319 19 67 68
319 116 61 59
319 236 141 162
319 365 112 109
319 377 74 85
319 161 101 85
319 235 88 79
319 351 87 97
318 272 79 98
318 15 22 22
318 483 22 22
318 36 28 29
318 106 56 44
318 35 50 58
317 66 133 125
317 272 119 136
317 69 25 25
317 286 36 31
317 371 52 70
317 379 80 76
317 308 81 72
316 377 24 29
316 161 28 26
316 365 24 25
316 351 41 35
316 236 49 38
316 24 82 89
316 8 81 109
315 40 25 23
315 152 36 37
315 326 36 31
315 158 31 42
315 22 35 43
314 403 36 32
314 387 13 16
314 68 20 21
314 114 64 53
314 179 51 38
313 63 36 49
313 437 33 37
313 373 48 38
313 490 11 14
313 423 48 46
313 399 43 41
312 396 74 62
312 220 70 66
312 260 156 205
312 246 153 123
312 384 117 99
312 425 36 30
311 220 54 48
311 172 45 40
311 474 71 60
311 73 54 55
311 478 41 43
311 246 40 48
311 136 49 48
310 402 92 82
310 350 38 40
310 123 35 24
310 447 13 17
310 36 17 14
310 483 27 26
309 255 26 34
309 442 34 35
309 434 94 87
309 258 34 45
309 9 60 61
308 317 83 71
308 379 23 31
308 286 64 53
308 189 18 21
308 325 23 24
308 63 46 52
307 281 36 46
307 184 68 94
307 283 50 42
307 113 18 20
307 143 101 78
307 104 51 42
307 419 42 32
306 388 289 213
306 126 109 152
306 328 75 88
306 46 59 85
306 431 34 40
306 71 48 48
305 418 67 69
305 461 63 75
305 432 34 45
305 166 62 54
305 354 28 29
305 433 64 68
304 140 70 51
304 252 72 57
304 93 39 38
304 440 38 37
304 251 27 24
304 38 76 84
304 334 39 35
304 255 68 90
303 67 29 31
303 193 22 26
303 421 21 20
303 408 19 17
303 280 17 19
302 158 17 23
302 326 40 39
302 465 32 27
302 494 62 47
301 156 35 38
301 429 43 36
301 62 65 61
301 299 39 54
301 219 40 46
301 282 43 33
301 1 26 26
300 271 71 49
300 378 47 43
300 394 41 31
300 162 17 14
299 62 54 55
299 291 69 64
299 301 54 56
299 126 70 80
299 219 17 21
299 153 20 19
298 441 61 45
298 477 52 49
298 3 11 13
298 86 79 80
298 212 93 94
298 267 83 77
297 331 41 31
297 375 49 45
297 398 21 20
297 449 76 78
296 148 19 19
296 257 36 37
296 289 35 31
296 414 61 57
296 274 45 56
296 60 63 48
295 459 52 70
295 225 41 30
295 23 66 66
295 338 68 66
295 244 28 33
295 176 3 4
295 49 29 27
294 88 44 53
294 129 48 35
294 200 63 70
294 31 62 56
294 232 38 39
294 323 30 30
293 284 62 60
293 216 39 39
293 376 67 59
293 487 30 43
293 48 39 42
293 195 49 54
292 5 13 12
292 264 15 15
292 58 49 58
292 470 52 50
292 26 31 29
292 96 50 38
291 388 115 111
291 230 32 35
291 62 19 23
291 299 86 63
291 126 17 14
290 408 22 23
290 112 105 76
290 208 84 84
290 95 43 50
290 280 6 7
289 191 28 23
289 368 33 30
289 486 35 28
289 148 33 34
289 201 41 51
289 133 62 55
289 414 99 93
289 296 32 34
288 282 128 131
288 203 82 89
288 223 117 86
288 92 127 121
288 376 28 28
288 331 38 42
288 273 75 73
287 275 73 71
287 435 78 97
287 167 36 36
287 429 25 18
287 234 13 11
287 156 6 7
286 317 32 35
286 69 27 24
286 160 64 58
286 444 51 55
286 308 69 66
286 63 60 75
285 342 133 134
285 103 110 106
285 263 51 55
285 43 116 133
285 207 81 116
285 389 86 68
285 231 74 88
285 352 62 64
284 31 17 21
284 203 109 89
284 200 64 52
284 376 85 76
284 293 59 61
284 216 40 34
283 240 34 32
283 186 56 52
283 39 40 36
283 281 28 28
283 307 52 44
283 184 58 75
282 301 44 41
282 1 17 13
282 219 49 56
282 92 65 75
282 288 110 127
282 223 50 47
281 307 41 40
281 283 28 29
281 104 45 50
281 39 12 13
280 421 23 20
280 303 19 17
280 408 16 18
280 95 43 45
280 290 8 6
279 343 44 41
279 428 40 48
279 432 45 37
279 261 35 26
279 402 61 45
279 13 68 76
279 488 91 94
278 211 56 46
278 16 32 27
278 52 19 18
278 21 57 50
278 404 54 50
277 131 48 44
277 12 34 44
277 388 22 33
277 259 55 50
277 90 52 46
276 262 79 60
276 333 65 62
276 210 40 30
276 248 32 37
276 77 95 81
276 446 81 78
275 452 54 42
275 90 24 25
275 259 18 18
275 435 43 54
275 230 95 75
275 287 64 80
275 429 67 69
274 257 57 52
274 434 32 33
274 406 55 45
274 78 32 38
274 296 47 47
274 60 25 23
273 288 64 87
273 376 84 84
273 487 39 47
273 331 90 90
273 344 27 22
273 375 28 25
272 13 27 31
272 66 66 53
272 488 37 36
272 55 19 20
272 15 69 79
272 318 81 94
272 106 126 116
272 317 136 117
272 69 116 136
271 49 73 60
271 176 53 51
271 455 51 41
271 394 64 61
271 300 63 69
271 378 46 52
271 453 48 50
270 16 34 41
270 404 26 26
270 134 49 42
270 202 60 75
270 157 50 40
269 458 99 103
269 241 55 51
269 498 20 29
269 181 64 76
269 266 37 30
269 72 87 93
268 475 22 24
268 77 35 36
268 500 13 11
268 205 9 9
268 338 63 64
267 298 64 85
267 212 60 67
267 243 39 48
267 86 17 17
267 333 28 32
267 345 44 36
267 339 38 33
266 181 51 68
266 269 37 39
266 72 73 73
266 180 48 50
266 142 50 46
265 499 27 28
265 472 45 45
265 336 13 13
265 4 17 21
265 327 53 64
264 29 52 41
264 5 5 5
264 292 11 15
264 26 23 24
263 137 105 89
263 96 56 43
263 32 65 54
263 103 101 94
263 285 53 62
263 352 64 74
263 199 92 79
263 362 77 69
263 416 100 98
262 86 32 33
262 25 75 99
262 3 65 56
262 412 58 59
262 333 24 29
262 276 78 57
262 210 75 81
261 461 76 67
261 474 49 47
261 343 33 34
261 279 30 31
261 432 21 21
260 396 234 250
260 312 173 164
260 246 35 32
260 44 73 79
260 136 38 33
260 371 198 217
260 66 103 122
259 388 85 58
259 277 55 55
259 90 8 8
259 275 18 17
259 230 82 93
258 255 58 53
258 334 64 68
258 84 56 57
258 309 33 33
258 9 76 76
258 80 38 37
257 94 42 40
257 393 32 37
257 20 36 36
257 486 23 32
257 148 31 31
257 296 38 32
257 274 49 57
257 434 50 60
256 337 68 72
256 65 90 83
256 101 37 51
256 165 67 61
256 167 101 85
255 38 75 88
255 304 65 75
255 334 83 59
255 215 85 87
255 442 28 35
255 309 26 31
255 258 53 60
254 71 153 126
254 132 70 74
254 236 341 342
254 466 39 35
254 105 65 59
254 169 53 72
254 319 199 190
253 146 73 86
253 180 8 8
253 237 35 31
253 355 95 104
253 154 55 70
252 185 61 76
252 140 13 14
252 475 18 25
252 192 52 56
252 304 61 49
252 440 49 42
251 385 18 23
251 93 18 19
251 304 26 28
251 440 10 10
250 338 26 24
250 205 49 43
250 38 66 71
250 455 30 29
250 176 58 59
249 374 15 16
249 182 58 59
249 196 8 8
249 99 52 47
248 333 51 54
248 345 48 43
248 276 34 37
248 417 43 47
248 446 81 81
248 100 67 88
247 116 31 30
247 122 64 59
247 235 3 3
247 351 81 81
247 422 101 74
247 204 35 42
247 134 62 51
246 312 124 141
246 220 92 81
246 311 41 36
246 260 36 37
246 136 32 26
245 426 32 26
245 467 42 41
245 165 52 55
245 427 13 14
245 200 87 105
245 203 79 74
244 199 22 16
244 225 16 18
244 233 8 7
244 295 31 31
244 49 30 24
243 212 53 47
243 267 45 45
243 485 52 41
243 187 54 54
243 339 17 21
243 324 10 12
242 454 48 61
242 14 50 58
242 409 46 49
242 76 56 65
242 184 86 89
242 480 43 45
242 468 99 85
242 240 105 90
241 458 99 86
241 347 33 31
241 186 15 17
241 468 24 26
241 498 26 29
241 269 38 46
240 242 110 107
240 468 30 24
240 186 32 42
240 283 34 30
240 184 63 76
239 445 54 48
239 181 44 46
239 458 87 70
239 41 50 48
239 496 52 56
239 166 67 53
238 495 36 39
238 131 6 6
238 75 48 43
238 12 26 27
237 180 35 34
237 253 34 35
237 395 20 23
237 154 48 50
237 397 31 33
237 400 31 27
236 71 437 417
236 254 436 348
236 319 156 165
236 365 56 60
236 316 42 36
236 81 70 80
236 8 94 105
236 346 65 75
235 116 31 33
235 319 63 72
235 351 82 83
235 247 4 3
234 287 11 11
234 167 30 31
234 1 44 43
234 156 18 18
233 199 24 23
233 244 7 7
233 49 22 24
233 125 8 8
233 352 36 47
232 129 57 53
232 419 61 67
232 139 41 37
232 294 33 30
232 323 21 19
232 82 62 61
232 405 38 50
231 285 83 68
231 352 46 46
231 389 40 50
231 17 51 60
231 211 52 46
231 128 46 51
230 259 84 77
230 275 72 73
230 429 80 83
230 388 111 101
230 62 22 27
230 291 44 36
229 332 32 33
229 42 53 50
229 320 56 43
229 330 129 106
229 451 147 198
229 224 57 51
229 208 109 114
228 170 66 64
228 61 64 66
228 7 48 41
228 57 74 53
228 135 18 20
227 155 100 104
227 196 78 73
227 209 37 38
227 386 117 118
227 391 30 34
227 218 31 32
227 27 81 58
227 420 111 86
227 151 99 88
226 115 18 16
226 18 73 83
226 473 55 70
226 368 47 49
226 191 60 52
226 201 51 70
225 416 52 54
225 360 33 36
225 459 40 40
225 295 28 33
225 244 20 20
225 199 11 9
224 42 28 31
224 229 51 51
224 208 94 75
223 1 79 58
223 467 25 25
223 282 50 64
223 203 33 34
223 288 94 106
222 378 60 54
222 476 23 16
222 162 18 21
222 370 48 57
222 367 53 42
222 110 52 47
221 45 69 83
221 381 60 57
221 410 76 92
221 41 44 38
221 445 65 70
221 461 90 81
221 418 81 70
220 312 79 57
220 425 47 40
220 246 72 89
220 311 44 45
220 172 14 11
220 372 23 26
219 301 34 42
219 282 53 39
219 299 15 19
219 92 45 56
219 153 28 20
218 391 11 11
218 227 28 35
218 27 55 43
218 382 14 15
217 206 25 29
217 482 25 24
217 111 16 19
217 139 34 34
217 30 33 26
217 405 38 42
216 323 57 53
216 31 30 35
216 284 37 33
216 293 47 56
216 479 31 24
216 48 32 28
215 38 80 81
215 453 37 35
215 370 35 30
215 255 70 75
215 393 61 51
215 442 47 50
214 495 122 132
214 337 118 92
214 452 46 63
214 435 45 31
214 101 8 9
214 167 96 83
213 118 45 39
213 127 45 38
213 108 33 27
213 178 38 44
213 97 32 28
212 441 109 93
212 175 81 71
212 485 14 14
212 298 99 92
212 267 81 64
212 243 50 49
211 231 44 52
211 128 66 64
211 17 45 45
211 52 58 45
211 278 62 64
211 394 91 86
211 21 71 62
211 341 50 67
210 412 28 30
210 262 82 55
210 58 72 82
210 362 130 94
210 416 132 112
210 23 139 132
210 276 36 37
210 77 114 124
209 438 27 26
209 374 59 65
209 196 70 60
209 227 34 34
209 391 56 57
208 42 100 86
208 229 105 138
208 224 91 67
208 168 90 91
208 95 45 39
208 290 89 63
208 112 156 155
208 414 384 431
208 451 282 284
207 43 85 68
207 285 91 95
207 173 55 54
207 150 29 30
207 389 56 46
207 174 51 53
206 104 30 26
206 482 27 27
206 217 20 22
206 139 43 38
206 419 33 38
205 338 50 69
205 268 8 9
205 250 46 39
205 38 57 62
205 140 37 44
205 475 26 28
204 122 33 42
204 16 61 47
204 247 33 35
204 134 32 40
203 467 44 46
203 245 72 69
203 288 79 75
203 223 28 26
203 376 93 73
203 200 88 108
203 284 94 118
202 134 69 54
202 270 52 58
202 157 59 73
202 422 47 48
202 59 47 38
202 40 49 67
202 152 32 42
201 226 64 53
201 191 32 30
201 473 22 17
201 79 28 37
201 289 38 51
201 133 39 44
200 426 100 74
200 322 96 91
200 88 92 88
200 245 103 103
200 294 61 77
200 31 42 54
200 203 90 108
200 284 52 44
199 263 96 83
199 416 48 53
199 352 43 40
199 233 25 21
199 244 20 16
199 225 11 11
198 361 9 8
198 183 40 29
198 462 29 25
198 43 26 22
198 117 20 22
197 169 53 51
197 358 18 21
197 319 97 138
197 481 44 51
197 19 76 65
196 374 20 22
196 99 54 50
196 249 10 10
196 155 58 55
196 209 50 49
196 227 85 94
195 293 50 49
195 48 37 45
195 54 70 57
195 107 46 52
195 487 65 59
195 29 93 86
195 26 96 93
194 100 64 64
194 420 64 68
194 493 53 67
194 33 24 29
193 387 35 38
193 67 23 26
193 303 21 29
193 408 37 34
193 179 29 36
192 185 72 63
192 383 17 18
192 385 23 21
192 440 24 20
192 252 40 40
191 368 12 16
191 226 45 51
191 289 27 23
191 201 28 34
190 441 77 110
190 30 66 79
190 70 28 36
190 477 43 51
190 91 16 14
190 37 22 27
189 379 28 35
189 171 82 83
189 325 14 14
189 308 18 15
188 4 70 74
188 327 17 19
188 28 44 33
188 168 46 47
188 332 57 52
187 99 14 12
187 413 30 31
187 155 44 52
187 324 42 41
187 485 40 35
187 243 55 55
186 241 17 18
186 468 20 19
186 240 36 43
186 283 60 61
186 39 79 79
186 498 18 19
185 100 84 80
185 446 16 14
185 500 56 60
185 33 79 60
185 475 62 50
185 252 57 67
185 383 53 70
185 192 82 73
184 242 75 93
184 76 21 19
184 497 22 19
184 143 56 55
184 240 66 70
184 307 89 79
184 283 77 74
183 132 97 98
183 361 35 33
183 398 141 138
183 177 91 80
183 466 83 93
183 198 38 40
183 462 13 15
183 356 10 10
182 35 24 33
182 141 29 24
182 119 91 71
182 99 66 84
182 348 32 23
182 374 53 42
182 249 53 65
181 458 91 78
181 239 58 65
181 269 68 91
181 266 49 48
181 496 44 46
181 180 52 65
180 181 49 62
180 496 90 77
180 266 57 47
180 142 54 42
180 146 79 65
180 395 50 46
180 253 7 9
180 237 35 41
179 387 30 30
179 314 39 47
179 114 45 44
179 193 30 28
179 408 45 57
179 357 38 41
179 112 56 77
178 118 71 72
178 213 48 40
178 89 103 109
178 6 96 120
178 403 80 87
178 97 15 13
178 67 85 85
178 387 53 56
178 68 49 40
177 375 68 60
177 344 62 73
177 361 50 62
177 342 20 27
177 183 74 107
177 398 84 73
176 338 70 66
176 295 4 3
176 49 30 25
176 271 53 59
176 250 68 78
176 455 91 91
175 355 83 79
175 145 30 34
175 350 84 117
175 447 102 88
175 441 95 75
175 212 67 82
175 485 80 65
175 119 67 48
174 150 54 60
174 207 48 51
174 389 44 58
174 17 42 33
174 469 50 58
174 47 18 14
174 122 43 52
173 117 57 61
173 43 55 51
173 489 18 21
173 207 53 52
173 83 55 63
173 150 46 37
173 74 57 51
172 372 14 13
172 220 14 11
172 311 43 39
172 474 69 62
171 189 82 80
171 379 103 116
171 325 74 83
171 423 34 38
171 436 55 47
171 492 13 17
170 454 81 60
170 149 59 60
170 61 52 42
170 228 54 65
170 57 41 40
170 409 30 34
169 105 35 31
169 254 53 72
169 319 142 194
169 358 48 51
169 197 42 52
168 4 77 81
168 97 177 160
168 188 51 48
168 332 60 67
168 42 12 14
168 67 110 162
168 95 122 110
168 208 105 81
167 214 81 81
167 101 88 68
167 256 98 95
167 165 89 69
167 435 84 103
167 287 37 35
167 234 37 37
167 467 68 67
167 1 67 71
166 239 51 46
166 445 56 50
166 418 40 55
166 496 25 26
166 433 54 51
166 305 51 48
165 65 82 85
165 471 86 82
165 256 79 67
165 167 93 71
165 426 59 60
165 467 60 78
165 427 43 46
165 245 59 49
164 400 42 40
164 460 6 6
164 450 54 51
164 397 53 52
164 464 28 31
163 392 73 70
163 391 63 65
163 490 75 71
163 399 68 59
163 457 59 53
163 53 64 47
163 56 30 30
163 407 44 34
163 359 55 75
162 341 69 73
162 378 53 61
162 394 49 47
162 300 16 18
162 476 32 33
162 222 22 22
161 319 79 101
161 377 14 12
161 351 16 14
161 316 25 33
160 69 65 69
160 286 68 65
160 348 75 80
160 438 59 66
160 430 24 32
160 444 16 17
159 399 82 104
159 492 65 59
159 436 56 60
159 6 98 126
159 89 41 33
159 56 83 109
158 315 40 36
158 22 1 1
158 326 44 41
158 302 24 19
158 465 36 42
158 79 45 38
157 404 52 56
157 18 20 20
157 270 36 45
157 40 37 45
157 202 56 67
156 287 5 7
156 429 20 16
156 301 44 41
156 1 52 45
156 234 14 16
155 187 37 39
155 99 54 42
155 196 48 47
155 227 95 110
155 386 26 19
155 324 40 56
154 237 44 49
154 397 13 17
154 253 60 58
154 464 33 37
154 450 46 47
154 355 98 92
154 145 63 57
153 299 16 19
153 219 27 21
153 126 79 87
153 92 47 46
153 328 44 53
152 59 52 44
152 202 36 39
152 40 37 42
152 24 57 54
152 8 76 80
152 315 35 32
152 326 41 36
152 102 67 84
151 27 35 34
151 2 14 12
151 420 29 27
151 227 96 88
150 207 37 37
150 173 32 37
150 74 19 20
150 174 57 63
150 469 44 39
149 495 291 336
149 439 195 151
149 61 11 11
149 147 133 120
149 454 89 75
149 170 46 47
148 257 23 32
148 296 19 18
148 289 30 28
148 486 15 14
147 149 138 126
147 454 70 73
147 10 216 218
147 124 162 165
147 390 139 111
147 11 51 68
147 14 64 50
146 496 50 47
146 180 85 89
146 253 70 82
146 433 16 20
146 355 69 63
145 154 63 65
145 355 88 88
145 450 66 68
145 175 27 34
145 441 80 72
144 472 49 49
144 493 68 80
144 51 59 49
144 84 63 59
144 401 53 51
144 327 61 51
144 28 48 48
143 497 45 47
143 184 60 65
143 50 36 39
143 138 17 20
143 307 76 76
143 113 71 75
142 266 40 50
142 180 47 42
142 395 8 8
142 400 9 11
142 72 35 29
141 106 19 17
141 35 12 14
141 348 25 25
141 182 21 23
140 252 14 11
140 205 35 32
140 475 21 23
140 304 54 57
140 38 48 48
139 419 32 33
139 206 36 38
139 232 47 52
139 217 34 34
139 405 12 16
138 50 40 42
138 143 22 16
138 491 64 58
138 113 87 88
138 322 43 46
138 88 49 58
137 107 33 38
137 484 34 46
137 103 48 43
137 263 93 102
137 26 58 55
137 96 78 104
136 311 37 42
136 246 34 23
136 478 45 45
136 448 36 28
136 260 38 47
136 44 64 79
135 228 22 16
135 7 39 34
135 109 41 34
135 456 37 48
135 57 59 60
135 98 53 61
134 16 49 69
134 202 59 54
134 270 40 43
134 422 56 50
134 247 62 63
134 204 31 37
133 201 43 50
133 289 58 64
133 79 49 44
133 465 60 62
133 414 76 106
133 380 45 56
132 449 127 126
132 431 89 76
132 71 108 92
132 398 125 114
132 254 82 68
132 183 94 102
132 466 78 82
131 495 35 40
131 238 7 6
131 388 60 67
131 12 37 27
131 277 45 39
130 401 50 41
130 84 22 28
130 80 55 51
130 424 28 33
130 349 44 49
130 320 50 47
129 113 74 53
129 491 5 6
129 88 16 12
129 294 45 46
129 232 67 68
129 419 73 65
128 352 40 33
128 125 50 41
128 231 43 51
128 211 75 75
128 394 81 75
128 49 45 57
127 56 68 61
127 407 43 45
127 415 55 62
127 108 53 46
127 118 33 33
127 213 49 41
126 291 16 13
126 388 150 146
126 306 111 126
126 299 83 91
126 153 92 98
126 328 119 111
125 352 42 35
125 233 9 8
125 49 23 18
125 128 42 50
124 10 20 19
124 147 173 199
124 390 60 64
124 369 37 39
124 45 32 24
123 402 72 75
123 15 9 9
123 483 8 6
123 310 32 25
122 469 57 57
122 174 41 53
122 47 48 47
122 52 53 56
122 116 65 71
122 16 40 40
122 204 41 43
122 247 67 66
121 30 81 98
121 54 30 37
121 82 7 7
121 70 48 51
121 411 33 34
121 335 44 45
120 362 9 11
120 32 2 2
120 470 14 13
119 447 131 120
119 35 94 98
119 175 59 50
119 485 31 29
119 413 22 23
119 99 39 42
119 182 86 77
118 56 66 79
118 89 44 35
118 178 76 89
118 213 38 49
118 127 29 24
117 198 24 20
117 43 10 8
117 173 61 57
117 489 44 36
117 462 31 25
116 481 58 65
116 469 62 75
116 19 42 39
116 319 59 65
116 235 30 28
116 247 37 40
116 122 56 65
115 21 101 85
115 341 98 78
115 476 38 37
115 18 70 68
115 226 17 19
115 368 59 48
115 110 69 73
114 6 97 94
114 403 51 65
114 314 64 53
114 179 42 54
114 112 75 71
114 357 23 30
113 138 87 95
113 307 18 19
113 143 79 75
113 419 21 21
113 129 68 67
113 491 76 76
112 6 121 130
112 114 61 61
112 357 44 41
112 179 68 73
112 408 82 78
112 290 98 112
112 414 565 674
112 208 194 157
111 482 18 19
111 217 21 18
111 460 56 75
111 30 45 40
110 476 57 52
110 222 39 52
110 367 14 15
110 115 74 56
110 368 58 61
110 20 16 16
109 7 39 35
109 135 39 43
109 456 10 13
109 471 6 7
108 127 56 41
108 415 40 41
108 213 34 35
108 97 59 54
108 34 41 50
107 487 68 61
107 195 54 46
107 484 7 7
107 137 48 34
107 26 73 74
106 318 52 56
106 272 103 93
106 141 19 24
106 35 31 25
106 69 95 121
106 348 34 31
105 254 56 47
105 466 34 39
105 169 29 27
105 329 25 34
105 358 52 48
104 281 38 42
104 307 42 54
104 39 44 49
104 340 43 41
104 419 51 40
104 482 22 23
104 206 25 27
103 344 73 57
103 484 53 56
103 137 49 50
103 342 36 39
103 285 93 87
103 263 94 90
102 152 70 94
102 8 14 12
102 326 73 62
102 346 48 45
102 494 72 68
102 64 63 88
101 337 78 83
101 214 8 10
101 256 51 50
101 167 83 84
100 386 90 85
100 417 36 34
100 420 101 120
100 194 70 54
100 446 70 64
100 248 79 83
100 33 51 42
100 185 88 81
99 119 49 41
99 182 70 66
99 187 14 11
99 413 37 39
99 155 51 49
99 196 61 58
99 249 47 58
98 135 63 57
98 57 81 65
98 456 37 44
98 364 31 26
98 50 16 15
98 322 28 27
97 108 51 56
97 34 105 81
97 213 32 29
97 4 125 125
97 168 148 173
97 67 98 71
97 178 14 16
96 137 107 109
96 26 78 56
96 292 46 39
96 470 32 29
96 263 55 58
96 32 24 29
95 67 52 62
95 421 35 32
95 168 125 88
95 208 39 35
95 280 36 41
95 290 43 43
94 370 42 33
94 393 10 14
94 257 39 32
94 20 24 33
94 367 29 27
93 385 14 17
93 493 66 83
93 304 38 36
93 251 19 19
93 334 44 51
93 51 44 63
92 282 85 72
92 219 42 48
92 153 46 40
92 328 36 35
92 46 37 52
92 449 68 68
92 331 78 107
92 288 98 128
91 190 16 15
91 477 30 26
91 37 13 12
90 12 26 34
90 75 35 31
90 452 34 35
90 275 26 20
90 259 7 7
90 277 44 45
89 118 52 35
89 56 74 73
89 159 43 39
89 178 106 125
89 6 128 99
88 322 95 65
88 138 51 60
88 200 74 68
88 294 42 47
88 491 9 9
88 129 12 14
87 420 95 97
87 2 92 87
87 443 83 76
87 493 91 93
87 472 27 28
87 499 30 32
87 336 31 37
86 3 51 52
86 298 78 73
86 262 25 33
86 267 18 15
86 333 21 22
85 14 44 43
85 463 46 47
85 480 31 30
85 347 36 34
85 468 52 67
84 51 54 40
84 144 77 58
84 334 52 55
84 401 50 51
84 258 66 70
84 130 24 27
84 80 47 51
83 329 80 76
83 489 58 63
83 358 63 53
83 173 65 70
83 481 37 36
83 74 43 36
83 469 40 36
82 232 89 74
82 323 64 69
82 405 60 81
82 30 83 97
82 479 77 61
82 54 43 42
82 121 7 8
81 236 59 74
81 346 33 47
81 64 18 19
80 84 42 45
80 130 52 56
80 258 53 50
80 9 70 87
80 424 30 29
80 330 43 55
79 22 47 45
79 473 16 20
79 201 28 26
79 158 50 47
79 133 53 46
79 465 35 34
78 274 36 42
78 60 18 23
78 406 29 25
78 414 50 54
77 210 122 126
77 276 95 77
77 446 50 58
77 23 55 71
77 338 72 61
77 268 33 43
77 500 35 40
76 409 63 54
76 242 70 80
76 57 47 45
76 184 23 20
76 497 16 20
75 238 41 42
75 495 75 57
75 12 20 21
75 452 19 24
75 90 35 33
74 173 51 53
74 150 17 21
74 469 19 26
74 83 35 32
73 474 53 45
73 311 49 59
73 478 4 3
73 343 32 34
72 498 92 90
72 269 71 76
72 266 58 61
72 340 49 39
72 460 35 38
72 400 28 27
72 142 36 37
71 388 348 248
71 306 41 36
71 431 20 23
71 236 468 566
71 132 105 91
71 254 127 133
70 30 93 87
70 190 38 33
70 411 20 19
70 121 49 57
70 25 43 47
70 37 45 37
69 106 129 87
69 272 112 94
69 317 25 24
69 348 130 90
69 286 24 25
69 160 58 64
68 403 29 32
68 314 15 17
68 387 19 22
68 178 46 39
67 97 83 72
67 178 77 76
67 387 55 53
67 168 158 110
67 193 23 27
67 303 25 23
67 95 68 47
67 421 22 21
66 44 41 50
66 260 118 123
66 272 67 62
66 488 58 56
66 371 131 151
66 317 119 107
65 439 55 67
65 61 119 155
65 337 59 68
65 256 93 96
65 165 95 98
65 471 57 69
65 7 46 42
64 346 44 32
64 81 19 19
64 102 83 74
64 494 111 132
64 380 228 204
64 414 307 307
63 286 78 77
63 444 63 76
63 308 52 38
63 325 36 38
63 373 53 52
63 437 17 17
63 313 50 36
62 230 23 25
62 429 74 88
62 291 23 17
62 301 71 63
62 299 58 62
61 149 10 13
61 439 165 141
61 65 112 127
61 170 52 51
61 228 58 60
61 7 105 98
60 296 50 60
60 274 29 29
60 78 24 24
60 414 35 45
59 422 44 43
59 202 49 49
59 351 56 66
59 152 51 56
59 24 12 13
58 29 88 96
58 5 58 60
58 25 104 106
58 412 76 56
58 292 49 51
58 470 41 41
58 210 80 68
58 362 55 48
57 170 44 34
57 409 19 22
57 228 60 68
57 135 57 73
57 98 63 88
57 76 39 51
57 497 62 59
57 50 71 81
56 399 76 75
56 163 25 22
56 407 33 37
56 127 70 80
56 118 85 90
56 89 100 82
56 159 88 110
55 13 33 25
55 402 100 94
55 272 16 19
55 15 55 56
54 48 68 65
54 479 51 52
54 82 42 37
54 121 36 43
54 195 64 68
54 335 29 30
54 29 38 48
53 457 28 29
53 163 51 63
53 359 22 19
53 382 27 26
53 27 20 23
52 17 46 35
52 211 50 42
52 47 19 21
52 122 53 52
52 278 18 23
52 16 50 45
51 93 57 63
51 334 38 40
51 493 75 91
51 144 56 52
51 84 49 58
50 57 77 61
50 497 59 59
50 98 16 18
50 322 23 29
50 138 42 43
50 143 31 35
49 233 21 26
49 125 22 21
49 244 23 25
49 295 28 30
49 176 21 27
49 128 52 44
49 271 69 69
49 394 85 67
48 216 37 35
48 479 16 17
48 293 52 47
48 195 34 48
48 54 67 51
47 17 31 25
47 174 21 20
47 52 23 22
47 122 46 46
46 328 14 14
46 92 39 43
46 306 62 74
46 449 38 47
46 431 76 62
45 10 27 31
45 369 49 47
45 124 30 27
45 410 75 67
45 221 75 69
45 381 44 56
44 260 89 83
44 136 69 89
44 66 45 37
44 488 49 49
44 428 85 70
44 448 65 71
43 361 24 34
43 198 28 20
43 342 90 74
43 117 8 9
43 173 46 65
43 285 109 123
43 207 97 94
42 332 75 77
42 168 11 12
42 208 77 80
42 224 23 28
42 229 49 63
41 410 53 56
41 221 53 52
41 445 63 58
41 458 64 61
41 239 48 46
40 157 52 55
40 18 49 67
40 202 60 49
40 152 39 53
40 315 26 22
40 473 74 70
40 22 34 45
39 186 90 87
39 498 71 78
39 283 38 43
39 281 12 10
39 104 49 39
39 340 19 16
38 250 67 74
38 205 55 56
38 140 41 44
38 455 52 43
38 453 74 79
38 215 76 87
38 255 84 85
38 304 70 84
37 190 26 23
37 91 13 14
37 477 33 30
37 25 21 17
37 70 43 43
36 310 18 14
36 483 23 32
36 318 32 33
36 35 53 59
36 447 8 7
35 318 54 49
35 36 63 65
35 447 64 64
35 119 92 99
35 106 22 28
35 141 14 12
35 182 33 27
34 415 24 18
34 108 38 43
34 499 41 45
34 97 80 78
34 4 27 27
33 100 42 55
33 185 74 57
33 383 48 50
33 493 73 62
33 194 26 21
32 470 11 14
32 120 2 2
32 362 12 9
32 263 65 68
32 96 20 22
31 294 74 53
31 284 19 19
31 200 47 48
31 323 74 72
31 216 35 33
30 111 32 34
30 460 86 81
30 217 33 31
30 405 54 47
30 82 75 89
30 121 79 81
30 441 140 124
30 450 90 95
30 190 87 73
30 70 82 77
29 335 25 26
29 54 45 44
29 411 58 57
29 195 91 74
29 26 47 57
29 25 107 108
29 58 78 97
29 5 50 54
29 264 51 43
28 188 31 31
28 332 31 32
28 401 20 20
28 144 63 46
28 327 32 39
27 227 60 74
27 218 51 51
27 151 36 35
27 382 43 33
27 53 20 22
27 2 47 37
27 359 31 29
27 443 41 39
26 107 70 87
26 195 70 91
26 29 46 57
26 137 62 55
26 264 21 20
26 292 33 26
26 96 81 72
25 411 72 60
25 70 45 54
25 37 16 19
25 477 50 54
25 29 107 102
25 262 86 77
25 3 87 80
25 412 71 72
25 58 117 82
24 351 65 69
24 59 12 14
24 316 84 79
24 152 50 59
24 8 45 41
23 210 101 123
23 416 36 38
23 459 24 34
23 77 57 63
23 338 32 28
23 295 70 69
22 40 44 41
22 473 62 63
22 79 50 45
22 158 2 2
22 315 32 32
21 278 53 58
21 211 74 75
21 341 14 13
21 404 36 34
21 115 83 97
21 18 49 53
20 367 17 20
20 94 25 27
20 110 13 13
20 368 42 58
20 257 31 36
20 486 30 35
19 197 73 72
19 481 37 46
19 116 45 42
19 319 62 70
18 21 47 62
18 157 18 24
18 404 55 49
18 40 65 48
18 115 62 70
18 473 80 85
18 226 83 83
17 389 34 30
17 231 65 61
17 174 39 35
17 47 26 33
17 211 40 37
17 52 36 35
16 122 60 58
16 278 25 27
16 52 41 50
16 204 53 52
16 134 72 53
16 404 29 39
16 270 37 39
15 402 73 94
15 123 8 8
15 55 55 48
15 272 64 71
15 318 19 21
15 483 11 16
14 147 63 61
14 11 55 52
14 454 56 72
14 242 46 53
14 480 22 22
14 463 49 40
14 85 43 38
13 279 84 87
13 488 5 4
13 272 37 30
13 402 89 71
13 55 34 28
12 131 29 33
12 238 36 31
12 75 23 19
12 90 26 35
12 277 45 31
11 390 83 79
11 147 50 60
11 14 46 40
11 366 22 30
11 363 16 18
11 463 19 26
10 124 22 21
10 147 233 220
10 45 30 35
10 396 296 219
10 384 144 143
10 381 68 70
9 309 52 47
9 258 66 80
9 80 91 85
9 434 73 56
9 406 71 83
9 330 76 94
9 451 49 61
8 316 96 108
8 24 42 43
8 152 84 89
8 236 91 84
8 102 12 11
8 346 35 38
7 61 90 95
7 228 46 41
7 109 30 29
7 135 40 39
7 471 30 25
7 65 45 37
6 371 304 392
6 436 133 170
6 159 126 106
6 403 47 42
6 112 163 138
6 114 68 73
6 178 87 105
6 89 118 128
5 29 45 57
5 58 44 61
5 292 16 11
5 264 4 5
4 499 44 41
4 34 26 31
4 265 19 22
4 327 68 59
4 188 56 60
4 168 94 78
4 97 100 123
3 477 41 52
3 298 13 14
3 86 56 62
3 262 54 48
3 25 83 72
2 151 11 13
2 27 34 39
2 420 21 27
2 87 81 84
2 443 55 47
1 156 38 45
1 234 43 38
1 167 78 62
1 467 87 67
1 223 53 58
1 282 16 16
1 301 31 26
