nnodes narcs source target drone_limit type
1000 5960 199 979 32 drone_routing_pli_project1
nodename posx posy
1000 946.171 653.157
999 523.824 528.14
998 8.2427 772.93
997 337.227 884.335
996 575.393 626.914
995 695.296 43.8913
994 171.77 605.78
993 772.028 938.579
992 723.37 297.021
991 726.046 306.185
990 206.216 343.534
989 25.7035 121.582
988 811.813 611.214
987 222.625 231.632
986 198.053 145.247
985 558.684 477.218
984 278.811 161.15
983 631.54 655.4
982 301.853 197.733
981 423.901 927.945
980 935.046 688.677
979 576.514 1.45301
978 284.855 80.603
977 531.315 855.689
976 315.081 340.91
975 437.77 481.405
974 921.154 220.076
973 772.809 992.329
972 896.157 31.9854
971 915.127 317.803
970 446.3 422.713
969 302.45 166.867
968 569.555 653.165
967 821.589 19.886
966 92.6549 223.436
965 193.883 972.993
964 106.123 225.505
963 952.724 490.841
962 879.191 994.077
961 217.158 656.053
960 557.662 410.577
959 569.533 715.31
958 326.467 439.397
957 591.505 472.598
956 579.887 84.783
955 818.623 964.362
954 608.36 256.891
953 278.615 448.488
952 550.341 941.584
951 293.388 862.397
950 836.679 354.894
949 682.72 853.151
948 86.0819 313.514
947 913.545 286.398
946 703.123 110.406
945 519.295 817.95
944 141.166 602.127
943 367.735 912.69
942 575.108 703.694
941 103.434 355.704
940 282.912 869.065
939 525.047 289.843
938 357.812 591.191
937 391.992 586.263
936 8.58601 275.243
935 476.205 598.569
934 994.356 671.325
933 790.315 239.643
932 70.6374 157.65
931 213.774 760.448
930 379.352 659.869
929 4.90294 493.572
928 728.776 604.597
927 403.154 277.055
926 708.143 622.03
925 87.6089 906.409
924 641.147 430.245
923 232.234 119.514
922 874.843 507.941
921 274.977 629.231
920 744.548 458.058
919 957.477 145.744
918 466.891 906.356
917 278.085 222.51
916 955.079 0.352226
915 487.834 898.651
914 182.131 68.2857
913 323.767 263.136
912 845.803 367.413
911 165.282 233.215
910 116.515 557.959
909 487.339 506.643
908 626.965 154.681
907 811.877 33.9286
906 336.325 662.921
905 689.982 667.359
904 766.979 940.303
903 118.149 316.257
902 458.411 938.228
901 160.658 895.791
900 448.861 877.871
899 546.251 256.761
898 615.233 971.634
897 182.98 767.915
896 756.982 490.491
895 113.679 166.261
894 178.584 637.311
893 561.687 55.1316
892 32.935 762.321
891 709.523 108.89
890 956.683 755.062
889 451.403 716.52
888 227.05 382.54
887 975.058 777.116
886 263.904 190.155
885 992.094 446.597
884 303.481 724.24
883 254.16 358.784
882 290.707 15.8232
881 591.179 722.168
880 832.037 837.003
879 686.368 476.956
878 573.452 416.127
877 681.464 620.933
876 818.833 397.002
875 176.596 846.814
874 79.5378 531.296
873 367.118 732.382
872 590.565 192.216
871 730.335 76.099
870 482.926 440.841
869 546.643 248.102
868 153.632 322.904
867 491.854 36.5489
866 608.413 941.625
865 872.304 803.98
864 899.536 868.792
863 765.262 453.528
862 770.071 708.754
861 269.744 850.873
860 821.94 314.414
859 334.459 799.501
858 820.129 826.567
857 699.518 253.196
856 548.451 532.904
855 527.847 234.248
854 159.106 545.153
853 394.033 456.437
852 471.641 606.011
851 697.348 210.685
850 736.337 454.759
849 948.897 925.006
848 89.0218 204.451
847 98.6138 459.874
846 192.124 76.0993
845 386.922 630.897
844 330.623 667.707
843 570.495 382.315
842 758.527 138.997
841 646.062 171.496
840 165.532 306.21
839 916.668 404.78
838 345.415 564.95
837 869.283 611.484
836 135.19 801.346
835 490.985 613
834 391.691 381.138
833 394.922 379.123
832 661.426 900.052
831 180.503 940.169
830 558.698 474.031
829 460.295 501.319
828 21.189 890.767
827 766.231 379.769
826 183.615 240.2
825 339.374 134.704
824 767.584 606.331
823 521.576 98.3936
822 595.228 810.066
821 937.058 741.591
820 108.31 926.936
819 882.075 950.273
818 922.787 607.265
817 758.128 369.987
816 327.764 952.532
815 87.3577 739.878
814 900.731 561.949
813 658.178 325.981
812 758.029 179.136
811 857.483 642.515
810 387.864 320.77
809 866.863 74.6383
808 66.6684 147.27
807 420.595 474.988
806 879.164 289.455
805 450.548 472.175
804 735.669 133.301
803 557.551 9.44132
802 191.702 305.79
801 651.937 417.496
800 556.111 525.741
799 771.496 243.178
798 753.24 171.495
797 408.548 715.318
796 757.04 568.602
795 226.543 475.742
794 512.879 170.903
793 809.878 365.931
792 24.7517 162.709
791 729.551 201.786
790 427.706 72.4843
789 304.876 638.245
788 150.13 393.367
787 752.677 204.208
786 757.715 946.22
785 116.859 143.159
784 366.862 399.136
783 311.714 826.785
782 23.3359 435.44
781 562.226 703.333
780 612.323 111.434
779 426.388 218.981
778 445.732 896.196
777 802.391 113.351
776 955.602 278.535
775 893.669 377.867
774 999.604 60.3916
773 985.047 900.826
772 293.594 40.0322
771 203.768 63.045
770 861.534 590.789
769 751.445 934.376
768 116.266 139.145
767 620.887 130.186
766 34.0149 76.7038
765 700.582 178.469
764 686.173 650.278
763 736.924 517.308
762 266.078 668.589
761 609.219 68.035
760 364.97 858.028
759 186.203 25.101
758 76.0552 667.894
757 8.41911 867.291
756 51.1277 651.389
755 682.953 158.605
754 710.295 975.481
753 112.774 987.616
752 768.251 493.171
751 110.624 642.28
750 243.732 357.554
749 87.7739 568.397
748 362.343 689.706
747 53.265 783.971
746 744.043 12.4672
745 223.765 672.621
744 29.0472 319.697
743 914.093 645.489
742 480.673 914.955
741 761.709 215.593
740 998.367 783.607
739 614.967 978.541
738 563.348 876.211
737 886.46 230.508
736 154.522 506.267
735 812.928 104.423
734 141.756 188.943
733 767.524 278.705
732 662.586 865.429
731 606.033 354.4
730 388.907 125.921
729 485.301 735.29
728 811.21 927.781
727 830.649 344.916
726 925.231 428.705
725 232.53 322.416
724 262.205 51.4659
723 275.969 237.736
722 118.826 260.159
721 326.198 622.836
720 722.944 860.457
719 458.913 229.879
718 819.308 900.012
717 304.418 385.493
716 726.49 511.157
715 13.7015 831.647
714 548.554 737.159
713 715.78 232.716
712 717.042 555.398
711 255.281 23.3039
710 981.187 855.524
709 135.459 895.217
708 994.761 56.5487
707 74.3998 131.929
706 700.989 722.267
705 462.842 336.438
704 274.208 936.721
703 14.5314 239.68
702 716.477 167.75
701 669.736 81.8802
700 654.581 823.122
699 166.96 123.21
698 59.7161 996.081
697 876.173 741.917
696 687.638 920.36
695 400.241 131.172
694 976.999 183.271
693 932.637 108.188
692 960.631 663.09
691 413.862 32.7537
690 748.356 706.888
689 583.013 314.017
688 186.774 99.6288
687 173.345 714.889
686 44.9195 606.8
685 771.825 378.408
684 214.719 122.25
683 445.119 669.284
682 948.987 901.003
681 742.344 1.01823
680 631.193 793.633
679 404.412 492.607
678 321.205 473.683
677 248.901 742.113
676 737.416 121.482
675 638.041 124.186
674 102.61 14.5865
673 477.234 706.849
672 630.096 704.635
671 306.325 265.271
670 386.339 519.437
669 130.987 557.358
668 911.763 713.999
667 764.534 362.401
666 684.627 760.544
665 600.455 98.9184
664 192.863 680.46
663 574.121 694.634
662 751.302 504.915
661 181.44 828.139
660 29.5361 539.432
659 557.646 480.39
658 598.295 94.1051
657 957.6 691.41
656 266.135 328.03
655 368.677 514.369
654 966.75 305.689
653 198.913 880.975
652 920.529 845.846
651 959.078 658.485
650 479.142 190.663
649 961.9 793.862
648 762.918 474.141
647 330.983 542.999
646 8.39411 824.249
645 3.9958 295.453
644 595.325 200.784
643 59.3936 84.9802
642 453.285 619.48
641 144.982 164.896
640 939.141 719.546
639 263.707 900.989
638 106.518 33.6167
637 822.637 53.5929
636 382.025 262.43
635 992.626 379.314
634 142.649 146.854
633 797.771 460.918
632 223.171 582.468
631 366.78 84.3517
630 437.627 710.951
629 765.582 122.857
628 287.403 231.987
627 297.015 291.677
626 960.036 852.318
625 25.7584 819.658
624 853.728 977.616
623 163.711 797.089
622 346.184 669.759
621 353.03 937.668
620 562.96 858.357
619 503.586 706.385
618 987.018 491.503
617 792.859 168.369
616 931.687 26.8109
615 505.365 694.844
614 14.4028 549.29
613 283.742 494.259
612 706.333 116.229
611 964.296 226.382
610 977.626 289.222
609 778.075 96.5433
608 741.223 447.299
607 287.9 442.074
606 748.072 469.721
605 897.816 23.7197
604 378.547 928.656
603 181.454 866.185
602 280.8 596.392
601 119.178 382.996
600 445.776 13.8701
599 771.607 735.121
598 296.374 111.709
597 32.3354 458.065
596 967.558 555.222
595 150.151 630.65
594 724.568 94.3814
593 367.643 517.133
592 514.299 840.849
591 637.354 193.496
590 873.671 28.9268
589 219.131 154.179
588 778.577 516.894
587 475.4 6.86975
586 754.93 480.368
585 229.031 804.283
584 483.264 480.075
583 167.357 271.734
582 801.223 252.153
581 423.855 590.479
580 81.6221 178.642
579 275.724 646.572
578 372.405 817.316
577 913.064 894.902
576 909.889 80.9488
575 187.007 594.166
574 936.808 493.528
573 775.601 1.13775
572 496.783 360.943
571 134.889 766.35
570 659.219 982.157
569 167.595 827.52
568 622.054 108.647
567 654.45 364.945
566 310.219 509.557
565 986.278 162.71
564 447.666 601.23
563 613.525 43.064
562 940.094 895.77
561 320.689 925.267
560 620.382 366.597
559 34.6669 755.668
558 632.593 431.464
557 408.962 798.01
556 663.473 936.413
555 82.3298 31.7797
554 869.621 468.351
553 905.051 135.81
552 237.952 319.31
551 844.741 422.949
550 597.558 121.484
549 934.446 312.081
548 960.21 327.544
547 888.595 383.557
546 989.164 443.774
545 689.002 654.561
544 413.098 961.653
543 7.06291 558.275
542 142.151 863.685
541 175.201 825.097
540 781.458 97.7281
539 117.757 390.458
538 546.286 576.533
537 188.232 920.99
536 180.792 730.67
535 897.165 122.495
534 85.4844 947.926
533 635.975 717.051
532 229.217 4.37236
531 461.704 635.102
530 619.653 824.851
529 982.544 327.893
528 738.045 206.035
527 222.925 167.281
526 813.132 955.525
525 820.238 149.058
524 565.252 816.868
523 955.545 772.126
522 842.388 493.571
521 411.812 233.45
520 688.829 595.235
519 121.837 395.916
518 925.192 805.254
517 471.703 276.135
516 413.437 520.799
515 594.576 718.875
514 266.838 510.389
513 475.365 115.929
512 323.96 249.576
511 113.094 365.733
510 16.0072 868.233
509 400.132 116.286
508 143.555 519.766
507 93.1469 782.684
506 163.74 269.064
505 9.02217 960.866
504 41.4247 707.104
503 791.174 984.569
502 3.50719 710.331
501 590.658 290.741
500 167.027 455.929
499 297.154 502.088
498 798.731 723.16
497 463.999 220.576
496 262.626 8.53808
495 397.667 203.567
494 676.138 270.665
493 545.822 100.197
492 125.024 520.356
491 11.8773 229.3
490 479.189 663.943
489 861.895 935.833
488 449.999 282.307
487 658.056 58.6722
486 375.355 534.779
485 59.5693 651.9
484 199.462 374.267
483 256.885 731.31
482 414.369 366.006
481 749.987 859.565
480 81.4783 844.781
479 520.168 463.16
478 981.636 11.1248
477 872.398 2.41396
476 27.3116 52.2816
475 209.712 336.937
474 181.793 34.2301
473 231.05 672.408
472 687.281 311.801
471 681.016 403.558
470 622.003 569.399
469 906.902 530.916
468 948.721 468.75
467 350.046 407.193
466 842.88 735.67
465 391.915 629.954
464 304.481 467.586
463 38.7544 441.276
462 766.996 449.368
461 32.9048 7.8685
460 569.4 398.263
459 566.129 156.282
458 0.771307 749.954
457 704.996 231.557
456 954.827 887.124
455 456.458 672.324
454 635.09 498.75
453 561.425 73.9096
452 867.753 51.4461
451 235.097 100.602
450 343.326 521.796
449 226.99 750.519
448 1.29481 558.136
447 474.452 547.427
446 72.5143 948.756
445 916.672 93.8
444 327.208 617.114
443 538.977 663.074
442 464.25 649.219
441 668.979 715.511
440 488.825 998.703
439 857.909 204.901
438 326.435 285.886
437 185.31 600.279
436 824.231 391.898
435 528.062 710.153
434 5.33721 591.07
433 662.152 683.071
432 824.721 616.657
431 116.424 218.635
430 379.49 28.5703
429 492.185 792.666
428 252.481 368.42
427 693.375 48.855
426 412.778 27.4344
425 793.355 891.024
424 404.183 306.822
423 382.303 913.511
422 763.624 467.248
421 401.763 805.058
420 113.58 403.128
419 59.9496 161.158
418 850.518 56.5321
417 234.708 632.664
416 36.4287 532.207
415 284.266 650.609
414 21.2031 676.483
413 794.474 708.958
412 554.964 334.869
411 62.6429 703.108
410 63.6264 661.698
409 41.4875 441.542
408 276.894 385.239
407 703.295 734.55
406 231.382 357.707
405 917.188 465.187
404 585.289 675.302
403 716.196 545.975
402 234.641 132.034
401 442.504 426.715
400 20.9597 375.129
399 547.341 845.312
398 269.676 321.181
397 557.049 289.921
396 447.852 742.244
395 841.266 386.815
394 125.872 370.334
393 697.19 348.275
392 964.686 937.47
391 931.608 146.862
390 718.727 665.773
389 537.875 149.687
388 382.506 357.043
387 358.146 205.764
386 50.6166 271.86
385 343.624 273.033
384 788.02 912.156
383 401.137 474.954
382 598.217 965.149
381 988.352 350.182
380 256.527 477.065
379 909.889 97.4181
378 466.262 607.59
377 911.69 900.175
376 165.948 485.719
375 82.4047 256.429
374 331.902 18.9539
373 81.2292 433.738
372 794.913 384.405
371 326.561 253.649
370 232.248 95.4987
369 425.623 896.749
368 963.05 344.175
367 900.658 62.3739
366 619.744 977.607
365 192.751 850.287
364 390.572 301.891
363 692.337 125.181
362 825.852 593.492
361 270.125 832.824
360 216.945 32.4727
359 249.701 947.461
358 133.089 899.268
357 681.524 116.67
356 724.88 557.505
355 27.1599 39.2915
354 58.7672 597.574
353 244.293 556.157
352 766.073 766.644
351 750.854 977.84
350 200.889 47.6051
349 736.059 429.134
348 679.067 668.281
347 844.679 800.966
346 87.4408 478.847
345 877.574 96.2245
344 627.306 194.742
343 987.803 599.897
342 904.905 488.923
341 990.189 943.853
340 266.905 964.808
339 98.1929 54.8599
338 760.149 142.932
337 331.954 437.454
336 478.831 852.666
335 354.066 752.249
334 251.887 797.276
333 855.59 190.328
332 569.168 627.403
331 276.309 435.407
330 593.768 45.413
329 464.617 751.498
328 853.801 310.968
327 399.777 873.306
326 340.681 926.138
325 770.628 332.5
324 900.329 255.067
323 660.042 782.415
322 923.211 746.886
321 875.279 928.398
320 900.196 258.725
319 314.523 206.737
318 692.241 555.237
317 814.739 242.427
316 687.966 338.308
315 3.06843 949.5
314 16.5085 441.219
313 12.4252 496.487
312 812.391 20.5835
311 432.951 57.2044
310 160.516 471.136
309 387.569 601.367
308 795.341 256.925
307 146.857 982.697
306 198.489 140.611
305 662.658 270.86
304 289.868 253.066
303 899.85 898.69
302 92.1709 790.161
301 902.096 493.104
300 267.627 673.854
299 332.395 696.591
298 276.039 451.041
297 397.387 320.27
296 628.569 816.224
295 881.449 487.768
294 653.122 82.2772
293 690.941 204.372
292 732.252 446.165
291 220.223 925.319
290 807.9 121.704
289 801.077 92.2892
288 300.346 66.7461
287 959.623 384.167
286 489.846 704.487
285 575.097 197.212
284 933.814 424.293
283 880.505 975.773
282 11.9882 802.035
281 555.26 786.573
280 125.972 68.6029
279 595.755 530.96
278 143.441 902.364
277 794.292 468.11
276 134.063 760.626
275 264.852 60.3665
274 353.182 689.893
273 702.547 316.083
272 397.192 467.33
271 800.945 796.729
270 884.396 488.303
269 248.2 758.756
268 357.389 598.504
267 921.605 736.689
266 104.571 4.52917
265 664.854 446.097
264 553.281 24.0381
263 399.307 632.056
262 886.05 155.09
261 247.727 333.276
260 712.307 262.766
259 966.317 631.407
258 425.115 467.904
257 840.048 950.865
256 267.567 55.2473
255 521.058 242.667
254 904.702 733.375
253 225.589 286.768
252 269.397 322.893
251 569.135 975.746
250 746.698 227.969
249 851.253 877.743
248 49.4036 274.637
247 212.125 931.586
246 884.341 951.653
245 105.387 599.998
244 226.172 149.888
243 470.81 729.901
242 513.529 907.489
241 773.014 258.662
240 717.049 782.805
239 296.987 512.645
238 153.97 507.335
237 278.422 405.092
236 339.335 837.943
235 289.048 323.724
234 566.874 712.018
233 908.557 858.753
232 346.929 201.136
231 881.469 947.674
230 135.487 507.518
229 387.448 177.073
228 854.91 612.019
227 626.931 291.02
226 718.082 780.602
225 942.346 802
224 554.738 195.857
223 132.212 609.746
222 730.09 588.026
221 366.594 816.079
220 416.694 92.419
219 245.11 324.805
218 302.869 212.818
217 542.168 163.745
216 213.873 888.399
215 219.529 824.786
214 801.189 269.343
213 436.665 835.114
212 683.52 37.4445
211 809.51 530.872
210 759.834 455.738
209 734.958 869.894
208 966.636 898.128
207 560.374 593.921
206 421.77 358.003
205 5.04665 118.175
204 635.787 435.238
203 976.242 906.996
202 526.179 984.405
201 630.592 492.668
200 133.703 13.569
199 748.141 648.886
198 804.204 452.057
197 669.435 963.591
196 801.722 65.9025
195 825.464 325.137
194 793.589 459.427
193 317.851 782.748
192 877.311 738.194
191 806.008 242.85
190 80.4526 859.191
189 774.597 377.429
188 883.862 904.985
187 905.888 543.969
186 917.261 795.276
185 6.78814 27.6491
184 723.638 206.879
183 650.545 328.998
182 350.649 486.096
181 221.399 831.798
180 516.201 989.431
179 401.676 29.0986
178 521.026 822.881
177 741.719 576.169
176 799.844 219.122
175 902.314 29.2058
174 668.015 507.694
173 477.305 952.904
172 132.49 617.089
171 183.414 608.296
170 591.555 480.12
169 259.036 118.761
168 391.238 385.114
167 430.164 545.172
166 878.093 874.79
165 987.574 853.704
164 176.144 0.872175
163 754.915 239.094
162 104.606 713.798
161 814.092 563.672
160 674.053 630.761
159 265.955 914.323
158 480.25 968.77
157 436.369 75.9848
156 132.236 748.659
155 357.54 416.101
154 976.282 526.702
153 51.3441 598.684
152 729.27 557.739
151 776.42 262.859
150 929.431 961.916
149 557.008 356.73
148 112.045 790.035
147 743.781 995.361
146 382.268 853.331
145 242.002 278.308
144 193.002 404.696
143 228.885 458.275
142 46.1281 691.953
141 440.553 683.606
140 970.614 620.969
139 381.805 463.113
138 738.026 197.899
137 463.381 226.28
136 148.856 605.672
135 137.576 313.693
134 452.531 109.4
133 541.982 354.419
132 187.807 987.51
131 102.686 926.294
130 882.898 218.195
129 544.185 293.185
128 117.79 191.849
127 27.2113 746.362
126 202.836 606.338
125 833.145 5.37841
124 993.318 379.607
123 452.055 352.122
122 261.102 688.899
121 849.944 759.073
120 250.899 532.717
119 500.619 542.67
118 25.67 785.175
117 801.729 823.019
116 466.11 956.145
115 257.859 834.109
114 142.583 527.951
113 232.813 420.9
112 80.6191 162.746
111 747.086 631.994
110 846.607 476.014
109 245.45 404.619
108 588.741 772.276
107 175.976 911.849
106 176.69 819.554
105 719.96 154.634
104 435.802 689.662
103 878.162 21.7504
102 508.747 61.2016
101 60.6903 981.966
100 487.068 430.172
99 225.39 221.913
98 821.646 17.4299
97 764.758 791.882
96 376.149 30.4311
95 727.632 795.988
94 859.32 415.666
93 474.805 973.298
92 335.768 524.249
91 574.644 7.21638
90 442.773 761.886
89 135.006 400.871
88 251.452 471.019
87 2.38575 829.85
86 620.283 21.6354
85 421.304 78.2843
84 660.17 501.997
83 91.3012 262.176
82 122.463 994.324
81 762.385 311.632
80 241.126 296.047
79 920.894 122.273
78 710.89 66.3188
77 7.13974 380.877
76 14.8563 811.484
75 416.116 541.027
74 474.833 302.753
73 127.379 475.23
72 979.495 984.428
71 726.01 899.247
70 940.191 581.16
69 271.32 174.879
68 269.496 456.638
67 573.65 706.617
66 8.06031 681.926
65 3.87955 996.879
64 122.3 217.063
63 708.827 889.995
62 237.434 931.247
61 684.053 477.071
60 982.395 331.397
59 381.046 147.048
58 827.346 141.671
57 637.682 932.797
56 959.896 192.72
55 630.293 428.399
54 838.342 213.472
53 85.6546 442.747
52 592.216 953.826
51 166.665 237.487
50 721.493 847.03
49 683.106 690.632
48 432.617 998.16
47 677.315 282.034
46 95.2227 372.039
45 14.4322 148.498
44 408.344 471.286
43 560.338 74.5028
42 926.049 723.788
41 471.948 623.31
40 153.765 28.6283
39 340.067 361.149
38 828.899 89.9173
37 622.765 457.085
36 630.371 57.7588
35 366.91 760.268
34 106.003 712.986
33 438.992 656.149
32 295.697 704.781
31 847.217 709.923
30 390.405 764.816
29 630.597 929.251
28 877.155 74.4134
27 784.828 763.968
26 350.988 108.022
25 778.294 37.0751
24 444.482 982.164
23 45.8001 432.362
22 850.44 128.297
21 15.5657 997.311
20 955.938 614.512
19 481.48 137.769
18 225.964 657.914
17 654.453 549.801
16 778.592 399.323
15 862.447 455.172
14 984.527 316.605
13 388.979 865.367
12 851.977 303.747
11 286.993 614.677
10 170.354 370.348
9 543.106 779.788
8 177.094 660.641
7 732.693 279.944
6 971.862 451.813
5 256.869 850.988
4 169.171 477.105
3 518.233 865.638
2 788.599 198.069
1 524.84 272.854
tail head car_cost drone_cost
1000 259 30 9
1000 20 36 11
1000 692 15 5
1000 651 17 4
1000 980 38 8
1000 818 44 15
1000 743 38 10
999 800 35 8
999 856 22 7
999 659 52 14
999 909 39 13
999 479 74 17
999 538 57 15
999 119 25 8
998 892 31 8
998 127 35 7
998 118 18 6
998 282 26 9
998 458 25 6
998 87 61 17
997 943 34 12
997 760 33 10
997 236 53 11
997 326 37 13
997 561 50 13
997 940 62 17
997 951 53 11
996 470 77 21
996 983 55 14
996 968 27 8
996 332 6 2
996 207 36 10
995 681 69 15
995 746 68 13
995 212 14 3
995 427 7 2
995 78 25 8
994 437 13 3
994 171 14 3
994 575 20 5
994 894 33 9
994 854 61 18
994 595 39 9
994 136 19 5
993 526 52 13
993 728 39 11
993 384 31 9
993 769 24 5
993 904 6 2
993 503 49 12
992 7 16 5
992 260 35 9
992 47 50 13
992 472 35 12
992 991 10 3
992 273 27 8
991 325 43 15
991 81 43 9
991 7 27 6
991 992 11 3
991 273 28 6
991 667 60 15
991 393 49 16
990 406 34 8
990 475 9 2
990 484 32 8
990 802 46 11
990 10 53 12
990 868 48 12
989 808 50 14
989 707 53 14
989 643 41 12
989 792 48 11
989 766 38 13
989 205 20 6
989 45 30 7
988 362 24 7
988 161 53 11
988 432 16 3
988 413 93 23
988 824 47 13
988 199 88 20
987 145 60 11
987 723 45 14
987 99 9 3
987 253 58 15
987 826 44 9
986 306 5 2
986 589 23 5
986 527 40 10
986 634 55 14
986 699 40 11
986 734 60 21
986 641 56 13
985 659 3 1
985 830 4 1
985 170 37 9
985 957 32 9
984 969 22 6
984 598 45 13
984 69 19 5
984 244 50 15
984 169 50 13
984 402 57 14
983 348 59 12
983 160 49 14
983 433 38 11
983 672 54 13
983 404 46 13
983 470 80 25
983 996 51 14
983 968 62 19
982 319 15 5
982 969 31 9
982 218 13 5
982 917 36 11
982 69 38 11
982 886 47 9
981 902 32 9
981 778 40 10
981 369 36 8
981 544 42 9
981 423 38 10
981 604 55 12
980 692 36 9
980 657 22 6
980 1000 39 11
980 640 37 9
980 743 56 12
980 668 35 10
979 681 157 38
979 91 6 2
979 86 48 13
979 803 19 6
979 164 352 111
979 587 109 24
978 288 21 5
978 598 29 9
978 169 44 11
978 256 30 7
978 275 26 8
978 451 47 12
977 399 17 5
977 592 25 5
977 3 18 4
977 738 39 11
977 620 28 9
976 810 63 17
976 438 63 12
976 717 50 14
976 39 27 8
976 627 45 15
976 235 32 7
976 408 48 18
975 805 15 5
975 829 34 9
975 516 48 14
975 258 20 6
975 679 38 9
975 807 22 5
974 611 38 11
974 56 42 13
974 391 76 21
974 776 55 14
974 324 47 13
974 262 64 18
974 130 46 11
974 737 35 9
973 962 124 28
973 503 22 5
973 351 30 7
973 147 25 9
972 175 7 2
972 605 10 3
972 367 25 7
972 103 25 5
972 452 34 9
972 590 24 6
971 368 51 13
971 549 20 5
971 775 68 18
971 947 33 8
971 806 41 11
971 328 57 15
970 100 35 13
970 572 69 24
970 123 74 16
970 401 6 2
970 870 43 11
970 168 72 15
970 833 59 18
970 482 57 19
969 232 65 12
969 825 54 13
969 319 35 10
969 982 37 9
969 598 58 12
969 984 23 6
969 69 34 8
968 404 29 8
968 983 58 18
968 996 30 8
968 663 50 10
968 443 33 10
968 332 31 6
967 418 55 12
967 590 46 12
967 125 15 5
967 98 3 1
967 637 41 10
967 907 18 5
967 312 8 2
966 964 14 3
966 375 37 8
966 703 92 20
966 848 19 5
966 491 82 17
965 340 84 16
965 359 63 17
965 247 43 13
965 132 19 5
965 831 38 10
965 307 47 15
964 722 35 10
964 431 15 4
964 848 32 6
964 966 17 4
964 375 33 10
964 83 44 10
963 618 40 8
963 468 20 7
963 154 50 13
963 574 19 5
962 72 121 22
962 150 56 14
962 283 19 5
962 440 441 111
962 147 152 36
962 973 112 26
962 624 31 7
962 503 90 21
961 18 11 3
961 417 35 7
961 745 16 5
961 664 41 10
961 126 55 11
961 8 42 12
961 894 42 13
960 460 19 4
960 843 28 9
960 878 18 5
960 830 63 18
960 479 77 16
960 100 87 20
960 572 93 20
960 133 65 14
959 67 12 3
959 881 27 6
959 714 32 7
959 234 5 2
958 337 7 2
958 678 29 8
958 464 39 9
958 607 33 9
958 237 71 17
958 717 50 14
957 37 38 9
957 878 64 13
957 830 29 8
957 170 7 3
957 985 36 8
956 658 20 6
956 665 24 6
956 761 28 7
956 330 45 13
956 550 34 10
956 893 36 8
956 493 45 9
956 453 19 5
956 43 25 6
955 624 40 10
955 257 23 7
955 526 13 3
955 503 37 10
954 305 62 17
954 591 61 21
954 344 64 15
954 227 45 11
954 501 42 10
954 644 53 13
954 869 56 19
954 899 70 14
953 607 10 4
953 331 14 3
953 464 28 7
953 298 4 1
952 52 46 12
952 251 37 9
952 866 64 14
952 738 57 17
952 202 56 15
952 242 52 14
952 173 89 22
951 236 48 13
951 783 44 9
951 940 14 3
951 997 47 11
951 361 37 10
951 861 25 8
950 328 52 14
950 912 16 4
950 793 25 7
950 727 10 3
949 720 43 11
949 50 32 12
949 95 77 22
949 700 39 11
949 732 25 6
949 63 38 11
948 941 41 12
948 903 36 9
948 83 56 12
948 248 45 14
948 46 65 18
948 744 58 17
947 549 35 8
947 776 49 12
947 971 26 7
947 320 31 9
947 806 32 9
946 891 7 2
946 78 49 14
946 612 8 2
946 701 37 10
946 363 22 6
946 357 19 6
945 524 52 14
945 281 45 11
945 9 52 13
945 178 6 2
945 429 33 10
945 592 24 6
944 854 68 13
944 136 10 3
944 223 14 3
944 245 30 9
944 669 44 13
944 910 44 11
943 423 14 4
943 13 43 12
943 604 22 5
943 621 28 7
943 760 55 13
943 997 38 12
943 326 25 8
942 663 9 3
942 781 16 4
942 67 4 1
942 515 28 7
941 903 40 9
941 511 13 4
941 948 47 11
941 46 19 6
940 997 62 12
940 951 11 3
940 561 55 17
940 639 38 9
940 861 23 6
940 5 31 7
939 412 63 16
939 129 20 5
939 133 67 15
939 572 78 19
939 74 54 14
939 1 15 4
939 517 59 13
938 309 37 9
938 268 9 3
938 937 35 8
938 444 38 10
938 838 29 7
937 75 57 14
937 581 30 7
937 309 15 4
937 486 47 12
937 838 52 14
937 938 39 8
936 386 42 13
936 703 34 9
936 491 56 12
936 645 17 5
936 248 48 11
935 538 88 22
935 119 59 18
935 835 24 6
935 852 9 2
935 447 47 11
935 564 24 8
935 378 14 4
934 124 328 74
934 885 268 62
934 740 110 28
934 692 35 8
934 651 39 11
934 259 45 13
934 657 35 12
934 890 98 27
934 140 60 15
934 343 59 19
933 191 14 5
933 582 18 5
933 176 24 7
933 308 15 5
933 741 40 9
933 799 23 5
933 241 29 8
932 808 11 3
932 419 12 3
932 112 11 4
932 580 26 8
931 449 15 5
931 269 41 9
931 536 44 14
931 585 41 11
931 897 37 8
930 104 67 19
930 33 69 13
930 263 32 10
930 845 28 7
930 797 67 16
930 748 34 9
930 906 41 12
930 622 32 10
929 597 52 10
929 314 63 13
929 77 135 32
929 614 47 12
929 313 7 2
929 645 238 53
929 448 54 17
928 824 46 10
928 222 19 5
928 111 35 8
928 926 33 8
928 520 44 9
927 488 52 13
927 521 46 13
927 424 30 7
927 636 22 6
927 364 25 8
926 111 39 10
926 928 31 6
926 390 49 14
926 545 33 9
926 520 30 7
926 877 26 7
926 764 38 8
925 358 53 14
925 820 30 7
925 131 30 7
925 709 54 15
925 534 44 10
925 446 38 13
925 190 52 12
925 828 66 18
924 801 20 5
924 204 8 2
924 265 24 8
924 55 13 4
924 558 11 3
923 169 24 8
923 451 17 6
923 684 16 5
923 402 13 4
922 187 51 10
922 469 48 10
922 301 33 10
922 270 26 7
922 295 25 5
922 814 64 18
922 770 98 24
922 161 72 19
922 211 80 20
922 522 35 8
921 789 35 9
921 11 22 5
921 602 33 9
921 415 28 7
921 417 47 10
921 579 20 4
920 210 17 5
920 608 12 3
920 850 8 3
920 606 15 4
919 774 112 24
919 565 34 8
919 694 40 12
919 693 45 10
919 391 28 7
919 56 50 14
918 915 20 6
918 742 15 4
918 902 29 9
918 900 36 10
918 778 25 7
917 218 28 7
917 982 33 8
917 628 13 4
917 723 14 4
917 99 60 13
917 886 31 9
916 573 199 50
916 164 883 173
916 681 203 54
916 616 36 9
916 478 34 6
916 477 73 24
916 605 56 14
915 3 40 10
915 742 21 5
915 242 29 6
915 918 22 6
915 900 50 12
915 336 57 11
914 771 23 5
914 846 14 4
914 350 26 8
914 688 31 9
914 280 63 17
914 40 57 12
914 474 31 9
913 385 27 6
913 371 12 3
913 512 14 4
913 671 17 6
913 438 26 5
912 775 41 15
912 328 67 12
912 547 39 13
912 395 19 5
912 436 36 9
912 793 34 11
912 950 14 5
911 99 69 17
911 527 86 18
911 826 19 5
911 51 4 2
911 722 48 12
911 734 47 13
911 64 49 14
910 492 33 10
910 669 13 4
910 944 47 16
910 245 36 11
910 874 40 10
910 749 25 7
909 999 49 13
909 479 48 16
909 119 45 10
909 447 52 12
909 584 26 8
909 829 32 8
908 841 23 6
908 675 38 9
908 344 42 10
908 872 46 12
908 459 70 17
908 767 30 6
908 550 52 12
907 967 19 5
907 312 14 4
907 25 36 9
907 196 34 9
907 637 25 6
906 930 42 12
906 845 55 14
906 622 13 4
906 844 8 3
906 789 48 10
906 721 48 9
905 390 24 7
905 49 27 6
905 348 11 3
905 545 12 3
904 993 5 2
904 503 49 15
904 769 19 5
904 786 13 3
903 135 19 5
903 722 48 17
903 394 65 14
903 511 51 14
903 941 47 13
903 948 34 8
903 83 66 16
902 173 20 7
902 742 35 8
902 116 19 6
902 918 28 10
902 24 38 10
902 778 48 13
902 981 37 9
902 544 54 16
901 653 46 12
901 603 33 9
901 107 23 6
901 278 20 5
901 542 31 10
901 709 26 7
900 915 38 10
900 336 47 10
900 918 40 10
900 778 19 5
900 369 28 7
900 327 50 13
900 213 36 12
899 501 49 16
899 397 36 9
899 129 44 11
899 954 74 19
899 869 10 2
899 255 24 7
899 1 22 6
898 57 46 14
898 366 7 2
898 739 8 2
898 866 30 8
898 382 19 5
897 585 63 13
897 931 28 8
897 106 58 14
897 623 42 8
897 571 39 14
897 536 36 10
897 276 47 13
896 648 18 4
896 586 9 3
896 716 37 11
896 662 18 4
896 752 14 3
895 641 33 8
895 734 36 8
895 634 31 8
895 785 22 6
895 128 23 6
895 580 35 9
895 112 40 10
894 961 46 10
894 126 33 11
894 171 34 8
894 8 20 7
894 595 25 8
894 994 29 8
893 956 29 9
893 330 36 10
893 453 19 5
893 43 23 5
893 264 29 10
893 102 63 16
892 118 28 8
892 998 26 8
892 127 15 5
892 747 27 8
892 559 8 3
891 594 21 6
891 78 38 11
891 946 7 2
891 612 7 3
891 676 36 10
890 740 60 13
890 934 85 21
890 657 72 18
890 887 28 9
890 523 18 5
890 640 44 9
890 821 25 7
889 673 27 8
889 243 28 7
889 396 30 7
889 630 14 4
889 104 29 9
889 141 37 10
888 109 26 9
888 428 33 7
888 406 28 8
888 113 37 10
888 144 42 11
888 484 29 8
887 649 25 5
887 740 25 7
887 890 25 9
887 523 21 5
886 982 32 9
886 69 18 5
886 917 36 8
886 99 47 15
886 527 45 11
885 124 77 19
885 934 211 63
885 343 160 36
885 618 39 11
885 6 25 5
885 546 5 2
884 335 69 16
884 299 46 11
884 193 65 18
884 269 73 14
884 483 53 10
884 32 19 6
883 408 32 9
883 235 48 15
883 656 36 8
883 428 12 2
883 261 29 8
883 750 12 3
882 374 34 12
882 772 21 8
882 496 33 7
882 711 43 10
881 533 54 14
881 515 5 1
881 108 47 11
881 67 23 7
881 714 39 14
881 959 27 7
880 166 69 16
880 865 51 11
880 347 41 10
880 249 53 10
880 718 71 19
880 425 56 20
880 117 36 8
880 858 15 5
879 850 51 13
879 292 57 13
879 265 41 10
879 716 50 12
879 174 33 11
879 61 3 1
878 55 57 16
878 37 73 14
878 560 75 17
878 957 61 15
878 460 20 5
878 960 15 4
878 830 58 14
877 926 30 7
877 520 25 6
877 764 27 7
877 470 82 19
877 160 12 3
876 551 33 9
876 436 8 2
876 198 52 16
876 372 27 7
876 16 37 10
875 365 18 4
875 661 20 6
875 603 17 5
875 569 21 5
875 542 40 9
874 910 39 12
874 492 45 15
874 346 48 15
874 416 46 10
874 749 38 9
873 30 47 10
873 797 52 11
873 35 23 7
873 335 25 8
873 748 47 10
873 299 44 15
873 274 42 11
872 344 34 11
872 908 54 11
872 459 45 11
872 644 9 3
872 285 18 5
871 25 62 17
871 746 60 16
871 78 26 5
871 594 21 6
871 609 59 13
870 479 46 13
870 100 10 4
870 584 43 9
870 805 48 13
870 401 50 11
870 970 48 11
869 644 69 20
869 285 53 17
869 224 63 12
869 954 67 15
869 899 8 3
869 855 21 7
869 255 23 7
868 990 58 14
868 802 46 13
868 840 22 5
868 10 48 14
868 135 16 5
868 394 47 17
867 264 55 14
867 803 58 15
867 102 35 9
867 157 71 17
867 311 56 14
867 600 56 15
867 587 36 10
866 29 21 6
866 57 27 8
866 898 30 8
866 382 21 7
866 52 22 5
866 738 70 23
866 952 52 17
865 652 73 14
865 518 48 15
865 186 50 14
865 233 74 19
865 697 68 18
865 166 79 16
865 121 58 15
865 347 28 8
865 880 47 12
864 577 29 9
864 233 15 4
864 166 26 5
864 303 32 7
863 210 7 2
863 422 17 4
863 462 6 2
863 194 32 8
862 498 35 7
862 413 29 6
862 599 27 7
862 690 18 6
862 199 72 19
861 951 30 6
861 361 19 5
861 940 21 6
861 115 18 5
861 5 11 4
860 328 28 9
860 12 37 8
860 195 10 4
860 325 49 16
860 81 69 13
860 214 58 13
859 221 30 8
859 35 58 13
859 335 54 15
859 236 44 11
859 193 23 5
859 783 39 8
858 347 42 11
858 271 33 9
858 117 17 5
858 880 16 5
857 713 28 8
857 457 26 6
857 260 18 4
857 293 55 11
857 305 49 12
857 494 28 9
856 279 49 14
856 800 12 3
856 999 29 7
856 538 42 12
855 224 49 12
855 869 24 7
855 255 10 3
855 794 60 18
855 650 54 15
854 353 89 18
854 120 105 28
854 632 73 21
854 575 56 13
854 994 75 15
854 136 56 14
854 736 35 11
854 944 66 14
854 238 44 9
854 508 35 7
854 114 25 6
854 669 35 7
853 258 38 10
853 401 67 14
853 44 25 5
853 272 11 3
853 139 14 4
853 168 62 21
853 155 50 14
853 784 69 18
852 835 19 6
852 935 9 3
852 378 7 2
852 41 18 5
851 184 28 8
851 765 27 8
851 293 9 2
851 457 21 7
850 608 10 2
850 920 10 3
850 606 21 4
850 716 53 13
850 292 10 3
850 879 64 15
849 203 34 7
849 392 17 5
849 208 30 9
849 682 24 6
849 150 44 11
849 562 28 7
849 377 51 13
848 431 28 8
848 128 33 9
848 964 33 8
848 966 21 4
848 491 66 18
848 580 26 7
847 89 75 20
847 420 68 17
847 53 25 5
847 346 23 6
847 73 33 9
846 914 11 3
846 688 29 5
846 370 52 13
846 771 21 5
845 309 34 9
845 263 14 4
845 465 5 2
845 930 33 7
845 906 67 16
845 268 44 13
845 721 50 17
844 622 15 5
844 906 7 2
844 299 33 7
844 32 42 13
844 789 43 11
844 415 44 13
843 460 15 4
843 560 43 16
843 731 44 13
843 960 36 9
843 149 26 8
843 133 39 12
842 629 15 5
842 338 4 1
842 804 22 5
842 676 25 7
841 591 24 7
841 675 53 14
841 293 46 14
841 755 41 9
841 908 27 7
841 344 25 7
840 583 33 8
840 506 41 11
840 135 26 8
840 868 22 5
840 802 32 7
839 287 42 14
839 284 26 6
839 775 38 8
839 726 27 8
839 94 64 17
839 547 29 10
838 486 49 11
838 937 58 15
838 938 30 9
838 444 65 17
838 647 31 7
838 602 83 21
837 818 61 12
837 814 66 12
837 770 27 7
837 228 16 5
837 743 59 14
837 811 35 8
836 569 34 13
836 623 31 7
836 542 57 19
836 571 34 10
836 148 29 7
836 480 83 17
835 332 90 21
835 207 60 18
835 538 68 16
835 443 69 18
835 490 46 16
835 41 22 7
835 852 23 5
835 935 22 5
834 833 4 1
834 168 5 1
834 388 26 6
834 784 36 9
833 970 79 18
833 482 21 6
833 388 21 6
833 834 4 2
833 168 8 2
832 696 30 7
832 63 56 11
832 732 29 8
832 556 31 8
832 29 39 12
832 57 39 11
831 247 33 8
831 965 38 9
831 537 19 6
831 307 47 15
831 107 30 8
831 278 47 16
831 820 80 21
830 878 69 17
830 985 3 1
830 957 36 9
830 659 7 2
830 960 57 19
830 479 46 9
829 909 27 7
829 584 26 9
829 167 64 11
829 447 57 13
829 805 26 7
829 516 45 13
829 975 30 9
828 925 66 18
828 190 60 21
828 446 92 17
828 315 64 17
828 757 26 8
828 510 20 6
827 685 7 2
827 16 28 5
827 667 18 4
827 817 14 4
827 349 57 18
826 99 40 10
826 987 37 11
826 911 22 5
826 583 40 10
826 253 68 18
826 51 18 4
826 506 42 8
825 59 36 10
825 26 29 8
825 232 63 14
825 598 56 13
825 969 49 14
824 161 69 19
824 988 45 13
824 199 38 12
824 111 31 7
824 796 34 9
824 177 39 12
824 928 44 12
824 222 48 11
823 493 26 7
823 43 52 12
823 389 51 13
823 19 65 15
823 102 46 9
823 513 43 11
822 296 38 8
822 680 35 10
822 530 30 9
822 108 44 10
822 620 55 14
822 524 26 9
822 281 54 12
821 890 25 6
821 640 21 6
821 42 18 6
821 267 15 5
821 322 14 5
821 523 40 9
820 831 65 22
820 278 50 11
820 358 42 12
820 307 68 20
820 753 65 14
820 925 31 7
820 131 7 2
820 534 37 8
819 246 3 1
819 283 23 7
819 624 42 9
819 231 3 1
819 489 24 6
818 20 38 10
818 70 30 8
818 1000 45 11
818 743 37 9
818 837 60 16
818 814 47 11
817 667 12 2
817 827 13 4
817 349 75 16
817 471 68 20
817 393 70 15
816 621 33 7
816 326 30 9
816 48 93 26
816 544 103 25
816 340 65 18
816 561 27 7
816 704 59 14
815 276 45 11
815 156 37 10
815 162 32 7
815 507 52 11
815 747 52 17
815 559 64 14
815 411 53 10
815 504 46 15
814 70 42 10
814 187 17 6
814 818 50 15
814 837 59 17
814 922 57 18
814 770 49 15
813 316 27 9
813 472 29 9
813 183 10 3
813 567 39 12
813 47 41 10
813 227 40 11
812 617 38 10
812 2 29 8
812 798 9 3
812 787 31 7
812 138 23 8
811 668 84 27
811 31 56 17
811 743 68 13
811 837 28 8
811 228 27 8
811 432 45 9
811 413 95 26
810 364 19 5
810 388 33 10
810 297 10 3
810 39 72 16
810 385 66 20
810 976 88 22
810 438 81 15
809 452 25 7
809 28 12 3
809 345 29 7
809 418 28 7
809 38 42 9
808 112 19 7
808 707 15 5
808 419 19 4
808 932 10 3
808 989 47 11
808 792 45 13
807 258 8 3
807 975 16 5
807 679 20 7
807 44 12 3
806 947 29 9
806 320 43 9
806 737 53 16
806 12 27 9
806 317 83 20
806 328 35 10
806 971 50 10
805 584 34 10
805 870 38 10
805 401 48 11
805 258 22 6
805 975 19 4
805 829 27 9
804 338 25 6
804 842 29 7
804 676 13 4
804 798 46 11
804 612 40 9
804 105 26 8
803 979 23 5
803 264 14 4
803 91 16 5
803 587 94 21
803 867 76 16
802 725 50 12
802 253 33 10
802 475 39 11
802 990 48 13
802 583 45 12
802 868 49 12
802 840 29 7
801 471 38 9
801 567 62 16
801 924 18 5
801 265 32 7
801 560 56 14
801 55 24 7
800 170 57 18
800 659 48 13
800 999 27 9
800 856 13 3
800 279 42 12
799 933 17 5
799 241 19 4
799 163 20 4
799 741 29 6
798 617 33 12
798 338 28 7
798 812 9 2
798 138 27 8
798 804 36 9
798 702 41 11
798 105 35 9
797 90 62 12
797 104 31 9
797 396 54 12
797 630 26 7
797 30 63 16
797 930 74 15
797 873 49 13
797 748 64 15
796 161 55 17
796 211 55 14
796 588 61 16
796 824 33 9
796 177 15 4
796 152 36 9
796 763 45 13
795 380 35 8
795 514 51 15
795 88 23 7
795 143 19 4
795 500 52 18
795 120 63 18
795 4 57 17
795 376 55 15
795 736 86 22
794 224 58 12
794 217 34 9
794 389 35 7
794 19 43 14
794 855 69 18
794 650 35 12
793 912 38 9
793 950 30 8
793 727 33 8
793 195 42 9
793 436 35 7
793 372 27 5
793 189 35 8
793 667 43 12
793 325 54 15
792 808 50 10
792 989 47 9
792 419 39 11
792 45 19 5
792 491 71 15
791 184 8 2
791 528 8 3
791 138 10 3
791 765 40 10
791 702 39 11
790 311 19 4
790 157 10 3
790 85 8 3
789 906 40 9
789 721 23 8
789 844 33 9
789 415 22 6
789 11 32 9
789 921 35 10
788 144 39 14
788 10 37 7
788 500 78 17
788 89 18 5
788 394 36 10
788 601 32 10
787 2 31 9
787 812 29 6
787 741 16 4
787 250 23 6
787 528 14 5
787 138 17 4
786 503 57 11
786 904 10 3
786 351 29 10
786 769 16 3
786 754 57 13
785 634 23 7
785 768 4 2
785 895 24 7
785 112 50 13
784 168 26 9
784 834 25 8
784 388 53 10
784 155 22 5
784 853 64 17
784 39 50 14
784 467 17 5
783 859 29 11
783 193 39 13
783 236 26 8
783 951 43 12
783 334 61 16
783 361 35 13
782 463 19 4
782 23 19 6
782 400 68 13
782 77 55 14
782 314 10 3
782 597 25 6
781 942 13 4
781 663 18 4
781 67 12 4
781 234 9 3
781 714 44 8
781 443 46 13
781 435 35 8
780 568 12 3
780 665 15 6
780 550 17 5
780 767 21 6
779 497 32 11
779 650 67 16
779 521 24 5
779 719 38 9
779 495 29 9
779 229 55 14
778 918 20 7
778 900 17 5
778 902 37 13
778 369 19 5
778 981 44 9
777 735 12 4
777 290 9 3
777 629 44 11
777 540 24 7
777 289 26 6
776 610 23 5
776 611 46 15
776 549 41 11
776 654 32 8
776 947 52 11
776 974 60 19
776 320 67 18
776 324 65 15
775 287 73 15
775 368 83 23
775 971 73 19
775 839 31 11
775 547 8 2
775 328 78 18
775 912 56 11
774 740 722 165
774 478 49 14
774 124 373 87
774 565 96 27
774 919 80 29
774 693 71 21
774 708 6 2
773 165 45 14
773 203 13 3
773 341 44 12
773 710 48 13
773 208 17 4
772 374 42 10
772 288 25 7
772 256 34 9
772 724 35 10
772 711 44 10
772 882 28 7
771 275 59 17
771 724 72 16
771 360 40 8
771 350 18 5
771 914 21 6
771 370 49 10
771 846 21 5
770 814 53 14
770 922 76 20
770 837 22 5
770 228 24 7
770 161 44 16
770 362 40 8
769 993 18 6
769 904 19 5
769 384 46 12
769 786 12 4
769 754 52 12
769 71 42 11
769 696 68 16
768 634 23 6
768 699 45 15
768 280 80 17
768 785 5 2
768 707 37 12
768 112 41 10
767 675 20 4
767 568 21 6
767 780 19 5
767 908 21 6
767 550 26 7
766 643 29 7
766 476 29 8
766 205 59 11
766 989 48 12
765 184 30 8
765 791 33 10
765 702 20 5
765 851 34 10
765 755 31 8
765 293 23 9
764 926 34 9
764 545 5 2
764 348 22 5
764 877 25 7
764 160 19 5
763 588 47 9
763 662 21 6
763 796 48 13
763 152 45 12
763 403 39 11
763 716 15 3
762 415 29 8
762 579 27 6
762 122 23 5
762 300 7 2
762 473 43 8
762 417 55 11
762 18 42 10
761 294 43 11
761 36 22 7
761 563 27 7
761 568 38 11
761 658 27 7
761 330 26 8
761 956 34 10
760 13 28 7
760 146 21 5
760 578 41 9
760 221 46 11
760 943 51 17
760 236 37 8
760 997 33 11
759 360 27 7
759 532 54 13
759 350 29 6
759 474 12 3
759 164 29 6
759 40 39 10
758 34 59 16
758 751 36 10
758 485 19 6
758 410 17 3
758 142 33 12
758 411 34 11
758 162 52 15
757 715 42 10
757 828 27 7
757 510 9 2
757 87 31 8
757 315 94 24
756 410 17 5
756 485 9 3
756 142 44 13
756 686 45 13
756 414 37 9
755 702 29 9
755 765 28 8
755 105 34 9
755 363 37 8
755 675 46 13
755 357 47 13
755 293 41 10
755 841 42 9
754 786 53 14
754 351 41 11
754 147 35 10
754 769 67 16
754 570 50 12
754 696 66 15
754 197 37 10
753 82 13 4
753 307 37 10
753 698 58 12
753 820 56 13
753 534 44 10
753 101 62 11
752 277 31 8
752 588 25 6
752 648 22 6
752 662 25 6
752 896 10 3
751 8 76 18
751 595 50 12
751 172 40 8
751 34 60 17
751 758 44 11
751 485 44 13
751 245 48 10
750 883 9 3
750 261 30 8
750 428 14 4
750 406 15 3
749 910 30 9
749 245 34 10
749 354 40 9
749 660 55 16
749 874 38 12
749 416 64 19
748 930 37 9
748 797 49 15
748 873 50 12
748 622 28 6
748 274 11 3
747 302 34 11
747 507 41 10
747 815 56 16
747 480 56 15
747 625 44 11
747 118 24 7
747 559 32 7
747 892 33 7
746 871 77 15
746 78 73 14
746 25 36 11
746 573 37 9
746 681 11 3
746 995 56 17
745 483 66 18
745 473 9 3
745 18 17 4
745 961 15 5
745 664 35 8
745 449 92 18
744 248 52 11
744 46 101 18
744 948 69 16
744 400 56 13
744 645 39 10
744 77 60 18
743 1000 27 9
743 818 43 9
743 980 54 11
743 668 58 19
743 837 59 15
743 811 58 13
742 242 31 10
742 915 18 5
742 173 31 10
742 918 16 5
742 902 33 9
741 933 43 12
741 176 31 8
741 2 32 9
741 799 27 8
741 163 26 7
741 787 17 5
741 250 18 6
740 774 617 152
740 341 163 39
740 124 387 109
740 165 58 16
740 890 46 12
740 934 114 34
740 887 26 7
740 649 43 12
739 570 49 11
739 366 5 2
739 898 6 2
739 440 111 39
739 382 25 6
739 251 37 10
739 180 108 27
738 29 78 24
738 732 92 21
738 530 71 18
738 866 84 21
738 952 78 19
738 242 59 15
738 3 40 12
738 620 16 5
738 977 43 11
737 324 25 8
737 974 34 10
737 320 32 7
737 806 61 15
737 130 15 3
737 439 35 11
737 54 53 13
737 317 81 22
736 120 107 30
736 795 64 18
736 376 27 7
736 854 39 9
736 238 2 1
736 230 19 5
736 73 38 9
735 38 22 5
735 22 50 12
735 290 15 6
735 289 17 5
735 777 12 4
734 527 92 25
734 986 61 22
734 641 26 6
734 895 44 10
734 128 24 7
734 911 43 11
734 64 37 10
733 241 23 7
733 214 38 8
733 151 20 6
733 7 40 10
733 81 34 8
732 63 63 15
732 949 26 5
732 832 31 8
732 29 70 19
732 700 47 10
732 530 50 18
732 738 105 25
731 183 56 14
731 227 71 20
731 149 52 12
731 560 16 5
731 843 49 12
731 689 52 13
731 412 56 14
730 695 11 3
730 509 14 4
730 59 26 7
730 631 43 14
730 26 37 9
729 9 84 17
729 714 72 15
729 435 52 12
729 619 38 8
729 286 36 10
729 429 50 14
729 673 25 7
729 243 16 4
729 329 29 8
728 489 50 13
728 257 39 8
728 718 35 9
728 526 30 8
728 384 34 8
728 993 44 10
727 328 34 13
727 950 13 3
727 195 22 6
727 793 28 9
726 468 50 13
726 284 12 2
726 405 32 10
726 15 55 21
726 839 23 6
726 94 64 20
725 261 17 5
725 80 23 8
725 219 13 4
725 552 8 2
725 406 33 10
725 475 29 8
725 802 44 12
725 253 35 11
724 772 36 10
724 256 6 2
724 275 12 3
724 711 26 9
724 360 54 12
724 771 70 13
723 917 19 4
723 628 14 4
723 304 22 6
723 145 57 14
723 987 58 11
723 99 63 12
722 51 53 12
722 506 37 13
722 911 52 11
722 135 62 16
722 64 39 10
722 903 66 12
722 83 26 8
722 431 34 10
722 964 41 9
721 845 65 19
721 268 48 11
721 444 7 2
721 11 46 11
721 789 24 7
721 906 47 10
720 481 30 8
720 209 14 4
720 63 28 8
720 949 49 10
720 50 15 4
719 497 10 4
719 517 46 10
719 137 6 2
719 488 46 16
719 521 43 10
719 779 30 9
718 249 40 9
718 880 54 16
718 489 51 14
718 728 35 7
718 425 30 6
718 384 40 8
717 467 42 11
717 337 60 14
717 39 39 10
717 976 46 10
717 958 64 15
717 408 27 7
717 237 38 10
716 896 43 10
716 662 25 7
716 586 35 13
716 606 41 10
716 850 57 14
716 763 10 4
716 403 43 11
716 174 60 16
716 879 62 12
715 625 15 5
715 510 41 9
715 757 36 10
715 87 13 4
715 646 10 3
714 108 60 15
714 881 51 14
714 959 29 7
714 234 35 7
714 781 31 8
714 281 44 15
714 9 36 13
714 435 32 8
714 729 73 14
713 184 27 6
713 260 31 7
713 163 35 10
713 250 29 8
713 457 13 3
713 857 22 8
712 520 46 12
712 222 40 9
712 356 9 3
712 318 25 6
712 403 10 2
711 772 43 9
711 882 33 9
711 496 15 5
711 724 35 9
711 532 32 7
711 360 38 10
710 165 7 2
710 773 54 13
710 208 39 11
710 649 73 19
710 626 25 6
710 456 35 11
709 901 27 8
709 542 33 7
709 278 12 3
709 358 6 2
709 190 74 20
709 925 41 12
708 774 6 2
708 693 93 21
708 478 45 12
708 445 70 19
708 616 76 19
708 576 99 22
707 768 34 12
707 280 66 23
707 112 28 7
707 808 14 5
707 643 48 13
707 989 45 12
706 690 52 14
706 390 59 16
706 407 13 3
706 49 43 9
706 441 38 9
705 74 32 10
705 123 23 6
705 572 49 10
705 206 47 11
705 424 65 19
705 488 66 13
704 816 62 15
704 561 45 14
704 340 31 7
704 159 21 7
704 359 23 7
703 966 96 23
703 375 80 18
703 386 46 11
703 936 33 8
703 491 10 3
702 138 31 8
702 798 36 9
702 105 14 4
702 755 33 9
702 765 18 6
702 791 38 10
701 946 37 11
701 78 50 12
701 427 49 10
701 487 24 7
701 294 16 5
701 357 38 10
700 95 83 22
700 949 47 9
700 240 74 21
700 323 43 12
700 732 42 13
700 680 34 10
700 530 37 11
700 296 30 8
699 306 39 10
699 688 35 9
699 986 41 11
699 634 40 8
699 280 73 17
699 768 63 15
698 48 347 107
698 82 61 14
698 753 49 15
698 101 16 5
698 21 38 10
697 186 70 20
697 322 46 10
697 254 34 8
697 192 5 1
697 865 67 14
697 466 33 9
697 121 30 9
696 769 65 19
696 754 54 14
696 71 38 12
696 63 45 8
696 197 43 10
696 832 32 8
696 556 33 6
695 19 90 19
695 134 64 17
695 650 112 23
695 229 40 12
695 59 25 6
695 730 11 3
695 509 15 5
694 565 27 5
694 611 37 13
694 610 86 29
694 919 46 13
694 56 17 4
693 774 84 22
693 708 92 17
693 919 39 11
693 391 35 9
693 79 20 4
693 445 22 6
693 379 30 7
692 934 29 8
692 657 27 9
692 980 37 11
692 651 5 2
692 1000 16 4
691 311 35 10
691 600 39 11
691 426 7 2
691 179 15 3
691 85 38 14
690 862 23 5
690 599 42 9
690 407 44 12
690 706 52 12
690 199 53 16
690 390 57 14
689 227 53 11
689 501 22 7
689 731 49 11
689 397 38 10
689 412 32 9
688 684 34 8
688 370 39 11
688 846 20 7
688 306 44 12
688 699 34 9
688 914 33 10
688 280 72 20
687 664 37 11
687 8 49 13
687 536 19 5
687 34 70 20
687 156 60 12
686 485 51 11
686 354 19 5
686 153 10 3
686 756 52 10
686 434 41 10
686 414 75 22
685 189 4 1
685 16 22 6
685 827 6 2
685 667 16 5
684 451 27 8
684 923 18 5
684 402 22 6
684 370 28 8
684 688 37 10
684 244 27 9
684 306 24 6
683 442 28 6
683 33 14 4
683 141 16 5
683 455 10 4
682 208 17 4
682 456 13 5
682 562 13 4
682 849 24 6
681 916 213 50
681 573 28 8
681 212 80 20
681 164 644 153
681 995 75 17
681 746 13 3
681 979 195 47
681 86 108 32
680 323 35 7
680 533 74 17
680 700 41 11
680 296 20 7
680 108 51 14
680 822 39 11
679 975 38 8
679 807 22 6
679 44 19 7
679 516 36 7
679 670 37 9
679 655 35 13
679 383 15 5
679 139 36 9
678 337 38 9
678 958 29 10
678 566 35 9
678 182 38 8
678 499 40 10
678 464 16 4
677 483 15 4
677 449 24 6
677 269 16 5
676 629 26 8
676 609 57 14
676 804 13 3
676 842 23 7
676 594 30 9
676 612 28 7
676 891 34 10
675 755 61 17
675 357 47 13
675 294 46 9
675 841 46 13
675 908 28 9
675 767 16 4
675 568 23 5
674 555 26 8
674 638 18 5
674 200 31 7
674 266 9 3
673 286 15 3
673 490 40 10
673 243 21 6
673 729 34 9
673 889 27 7
673 141 44 10
673 455 35 12
672 433 36 12
672 983 47 12
672 404 60 13
672 515 31 9
672 533 16 4
671 438 31 9
671 913 21 5
671 512 22 7
671 627 23 8
671 304 20 6
670 679 38 9
670 75 41 9
670 516 22 7
670 486 22 5
670 655 18 5
670 593 16 5
669 854 28 7
669 114 29 8
669 492 34 9
669 910 15 4
669 944 49 12
668 640 25 7
668 980 40 10
668 743 63 21
668 42 16 4
668 254 22 7
668 192 36 11
668 811 72 23
668 31 67 17
667 189 20 5
667 685 21 4
667 793 51 13
667 325 30 7
667 827 16 5
667 817 9 3
667 991 60 20
667 393 69 17
666 226 38 12
666 407 37 8
666 240 47 10
666 323 35 9
666 533 70 20
666 441 46 10
665 780 20 5
665 550 24 7
665 956 24 7
665 568 26 6
665 658 6 2
664 961 32 8
664 536 48 11
664 745 30 8
664 449 63 24
664 8 22 7
664 687 41 9
663 404 27 6
663 515 31 8
663 942 8 3
663 781 17 4
663 443 53 13
663 968 48 12
662 752 25 5
662 896 16 5
662 588 28 9
662 763 20 5
662 716 23 8
661 215 43 11
661 365 22 6
661 875 18 6
661 106 11 3
661 541 7 2
661 569 17 3
660 749 54 19
660 354 56 14
660 416 11 3
660 313 47 10
660 153 75 14
660 614 18 5
659 170 30 8
659 985 3 1
659 830 7 2
659 800 52 11
659 479 36 9
659 999 66 16
658 761 25 7
658 956 18 5
658 568 33 8
658 665 5 2
657 934 44 10
657 692 27 7
657 890 60 18
657 980 26 6
657 640 29 10
656 398 9 3
656 883 30 10
656 261 22 5
656 219 19 5
656 252 8 2
656 235 26 5
655 679 43 9
655 139 54 13
655 670 18 4
655 593 3 1
655 450 31 6
655 182 35 10
654 610 17 6
654 14 18 6
654 548 26 6
654 776 35 9
654 549 37 10
653 216 19 5
653 537 45 10
653 365 32 9
653 107 38 10
653 901 45 10
653 603 25 6
652 456 46 16
652 626 39 10
652 225 44 11
652 518 36 11
652 562 62 15
652 865 63 18
652 233 20 5
651 934 41 10
651 259 32 8
651 692 5 2
651 1000 16 4
650 19 61 13
650 855 65 17
650 794 37 12
650 255 55 17
650 497 37 11
650 779 71 15
650 695 111 29
650 229 87 24
649 165 66 17
649 710 55 15
649 887 19 6
649 740 44 9
649 626 55 13
649 523 27 7
649 225 24 5
648 277 33 9
648 422 6 2
648 752 23 5
648 896 18 4
648 606 13 5
648 586 10 3
647 486 49 11
647 450 20 8
647 92 20 5
647 838 32 6
647 602 79 22
647 239 46 10
647 566 36 10
646 625 16 4
646 282 23 6
646 76 17 5
646 87 10 3
646 715 10 3
645 744 33 8
645 936 23 5
645 248 45 11
645 77 80 22
645 491 68 14
645 205 208 40
645 448 291 69
645 929 212 59
644 344 38 8
644 954 65 14
644 869 57 15
644 872 11 3
644 285 25 6
643 280 60 18
643 339 52 13
643 555 61 14
643 476 51 14
643 707 56 13
643 989 52 12
643 766 22 7
642 41 23 5
642 378 17 5
642 531 17 5
642 33 34 9
642 263 57 14
642 564 22 6
642 581 36 13
641 634 22 5
641 895 33 9
641 734 28 6
641 986 64 16
640 657 38 7
640 890 36 9
640 821 19 6
640 980 28 7
640 42 16 4
640 668 23 8
639 561 68 16
639 940 32 9
639 159 13 4
639 62 48 10
639 5 60 15
639 216 52 14
639 291 48 13
638 40 52 13
638 200 36 10
638 280 39 9
638 674 18 5
638 555 29 6
638 339 23 6
637 418 30 7
637 967 39 10
637 38 40 10
637 196 28 7
637 907 26 6
636 927 27 7
636 521 34 11
636 495 55 15
636 371 55 17
636 387 65 17
636 385 47 10
636 364 49 11
635 124 1 1
635 381 28 9
635 287 39 7
634 986 53 15
634 699 36 10
634 641 20 6
634 768 26 7
634 785 27 8
634 895 33 8
633 194 4 2
633 277 9 2
633 198 12 3
633 110 45 13
632 602 56 14
632 353 34 9
632 417 52 14
632 126 34 9
632 575 44 9
632 854 74 17
631 220 59 13
631 85 64 15
631 509 52 10
631 179 67 17
631 96 56 16
631 730 56 14
631 26 27 7
631 288 70 17
631 374 70 20
630 889 15 5
630 104 24 6
630 797 26 7
630 396 36 8
629 777 44 10
629 290 36 10
629 540 35 8
629 609 32 7
629 338 23 5
629 676 33 7
629 842 15 4
628 512 42 10
628 218 21 7
628 917 16 4
628 304 23 6
628 723 15 3
627 438 27 7
627 671 28 8
627 398 47 12
627 235 30 10
627 976 61 12
627 304 40 9
627 80 49 15
627 145 49 13
626 710 26 6
626 649 57 18
626 456 29 8
626 225 60 14
626 652 47 9
625 747 42 12
625 480 70 16
625 510 46 13
625 715 16 4
625 118 30 8
625 76 13 4
625 646 22 5
624 819 47 11
624 283 30 7
624 489 43 13
624 962 34 7
624 503 65 13
624 257 35 9
624 955 36 9
623 897 41 9
623 106 26 7
623 569 33 7
623 571 35 12
623 836 24 8
622 748 23 7
622 930 39 8
622 274 20 7
622 299 29 7
622 844 19 5
622 906 13 3
621 544 64 14
621 604 28 9
621 943 33 9
621 326 15 5
621 816 25 8
620 530 76 18
620 822 64 17
620 524 38 11
620 399 22 6
620 738 20 4
620 977 31 8
619 615 14 4
619 435 24 7
619 286 16 3
619 729 37 10
618 885 49 10
618 154 44 8
618 343 101 27
618 963 32 10
618 6 35 11
618 468 49 12
617 54 64 16
617 290 41 14
617 333 58 15
617 525 31 9
617 2 35 7
617 812 33 11
617 798 32 12
617 338 41 10
616 916 32 10
616 478 52 15
616 605 31 10
616 708 58 16
616 576 62 14
616 367 53 12
616 175 29 7
615 443 48 13
615 619 14 4
615 435 27 8
615 490 36 11
615 286 17 6
614 660 21 5
614 448 13 5
614 153 73 19
614 543 11 4
614 313 51 13
614 929 52 16
613 499 14 5
613 464 31 9
613 239 24 6
613 514 24 6
613 380 28 7
613 68 42 11
612 804 37 10
612 676 32 7
612 891 9 3
612 105 40 11
612 946 8 2
612 363 15 5
611 694 38 12
611 610 55 19
611 776 44 14
611 974 48 11
611 56 33 10
610 565 137 36
610 694 124 32
610 654 18 6
610 14 33 6
610 611 58 18
610 776 23 8
609 196 37 10
609 25 50 14
609 629 35 8
609 540 4 1
609 676 50 13
609 594 64 13
609 871 46 13
608 210 23 5
608 462 25 6
608 920 13 3
608 850 9 3
608 292 8 3
608 349 21 4
607 958 33 11
607 464 33 9
607 953 12 4
607 331 13 4
607 237 36 12
606 648 19 4
606 422 16 5
606 210 19 4
606 586 14 4
606 716 56 11
606 920 14 3
606 850 16 6
605 616 36 10
605 916 54 13
605 175 8 2
605 972 8 2
605 477 37 7
605 103 17 6
604 981 54 12
604 423 18 5
604 544 46 11
604 943 23 6
604 621 30 7
603 365 23 6
603 653 24 6
603 901 31 10
603 542 34 12
603 875 20 5
602 838 77 20
602 647 66 22
602 444 45 13
602 239 87 25
602 11 17 6
602 921 40 10
602 120 67 16
602 417 56 14
602 632 59 16
602 353 51 14
601 89 20 6
601 788 32 8
601 394 17 5
601 519 12 3
601 539 7 2
601 511 22 5
601 46 23 8
600 867 52 15
600 587 33 8
600 311 42 14
600 426 34 8
600 691 37 8
600 374 130 24
600 430 58 21
599 498 27 9
599 862 24 8
599 352 31 8
599 27 33 8
599 690 31 9
599 407 66 18
598 825 43 13
598 26 54 14
598 288 54 11
598 969 64 16
598 978 28 9
598 984 63 14
598 169 44 9
597 409 20 5
597 463 19 4
597 346 52 16
597 313 44 12
597 782 26 7
597 929 48 10
597 314 27 6
596 154 34 9
596 343 58 13
596 70 31 9
596 469 74 20
596 187 70 13
595 894 31 7
595 994 34 9
595 136 30 7
595 8 34 9
595 172 18 6
595 751 37 9
594 609 50 15
594 871 22 6
594 676 27 7
594 891 21 5
594 78 35 7
593 670 22 6
593 655 4 1
593 450 20 6
593 486 21 6
592 977 24 7
592 399 34 9
592 178 17 5
592 945 21 5
592 3 30 8
592 336 31 9
592 429 55 13
591 293 65 16
591 841 25 7
591 305 94 20
591 344 9 3
591 954 80 16
590 103 9 3
590 477 26 7
590 972 26 5
590 452 26 7
590 418 35 8
590 125 39 12
590 967 46 13
589 244 9 2
589 306 27 7
589 527 14 4
589 986 23 5
588 277 62 11
588 211 28 9
588 796 48 17
588 752 29 8
588 763 42 13
588 662 32 8
587 979 115 24
587 803 92 20
587 600 30 9
587 867 36 8
587 164 269 79
587 532 202 60
587 496 177 45
587 374 162 43
586 648 9 3
586 896 9 3
586 606 11 4
586 716 35 11
585 269 50 12
585 334 23 7
585 115 37 10
585 215 23 6
585 106 52 15
585 931 39 10
585 897 52 12
584 479 34 11
584 909 31 8
584 829 26 10
584 805 33 10
584 870 42 10
583 802 48 12
583 253 55 16
583 826 37 10
583 506 4 2
583 840 39 9
582 317 19 4
582 191 11 3
582 214 16 4
582 308 10 2
582 933 18 5
581 167 49 11
581 564 22 7
581 642 49 9
581 263 41 15
581 75 53 11
581 937 39 9
581 309 31 10
580 128 47 9
580 895 30 10
580 419 31 8
580 112 18 4
580 932 20 6
580 491 98 20
580 848 23 7
579 415 11 3
579 762 21 8
579 417 40 12
579 921 15 5
578 421 37 10
578 30 55 14
578 146 36 12
578 221 7 2
578 760 46 10
577 562 25 6
577 377 6 2
577 303 14 4
577 233 41 11
577 864 31 8
576 708 81 21
576 616 70 15
576 445 17 4
576 379 14 4
576 345 33 10
576 28 36 8
576 367 23 6
575 632 45 10
575 437 8 2
575 126 23 6
575 854 53 15
575 994 21 6
574 468 29 8
574 469 54 14
574 405 30 9
574 154 47 14
574 963 20 5
574 301 28 9
574 342 28 9
573 916 156 48
573 477 105 24
573 125 70 13
573 312 40 12
573 681 37 10
573 25 35 11
573 746 38 9
572 939 72 22
572 100 80 15
572 960 87 20
572 133 52 11
572 74 72 15
572 970 69 19
572 123 42 12
572 705 35 9
571 897 48 14
571 623 47 9
571 836 40 10
571 276 7 2
571 148 32 10
570 147 102 24
570 754 44 15
570 197 24 6
570 440 167 37
570 366 47 12
570 739 53 12
569 541 8 3
569 661 12 3
569 106 10 4
569 875 20 5
569 542 36 12
569 623 32 8
569 836 36 11
568 294 46 10
568 767 23 7
568 675 26 6
568 780 11 3
568 761 49 10
568 658 28 6
568 665 27 6
567 393 50 10
567 316 38 10
567 471 55 11
567 813 35 9
567 801 48 12
567 560 33 11
567 183 42 8
566 92 29 8
566 182 51 11
566 678 42 11
566 499 18 4
566 239 16 4
566 647 42 10
565 774 86 25
565 124 187 52
565 14 157 35
565 610 114 31
565 919 38 8
565 694 28 6
564 935 25 6
564 378 17 6
564 447 70 15
564 167 54 13
564 581 24 7
564 642 21 5
563 86 26 6
563 36 24 7
563 330 24 6
563 761 26 7
562 682 12 3
562 456 20 4
562 849 26 8
562 377 30 9
562 577 26 8
562 652 57 12
562 233 54 15
561 326 22 6
561 997 37 10
561 816 25 8
561 704 50 14
561 159 48 17
561 639 68 17
561 940 64 18
560 567 32 7
560 801 72 13
560 183 48 13
560 55 60 16
560 878 66 17
560 460 70 14
560 731 16 4
560 843 46 12
559 815 52 13
559 504 45 13
559 127 15 4
559 747 35 8
559 892 7 2
558 924 11 3
558 204 6 2
558 37 30 9
558 55 4 1
557 90 40 11
557 213 42 12
557 30 45 12
557 421 12 3
556 696 30 8
556 197 30 7
556 832 33 11
556 57 28 7
555 674 29 6
555 266 40 11
555 638 24 6
555 339 26 6
555 643 70 13
555 461 58 13
555 355 58 17
555 476 66 13
554 405 46 11
554 270 21 7
554 295 21 6
554 15 14 4
554 110 29 7
553 79 18 6
553 535 17 4
553 262 26 7
553 391 27 9
552 80 29 6
552 725 8 2
552 219 9 3
551 15 40 11
551 94 14 5
551 110 57 15
551 198 46 12
551 876 42 11
551 395 35 11
551 436 41 11
550 665 28 7
550 780 20 5
550 908 41 13
550 767 26 8
550 459 41 13
550 493 57 16
550 956 48 11
549 776 44 10
549 654 38 8
549 971 18 6
549 947 39 8
549 368 37 11
549 548 34 7
548 529 21 6
548 60 23 6
548 14 25 8
548 654 20 7
548 549 30 8
548 368 20 4
547 775 10 2
547 94 46 10
547 839 31 11
547 912 41 11
547 395 47 14
546 124 60 19
546 885 4 1
546 6 21 6
546 287 75 20
546 284 49 15
545 390 39 10
545 926 39 11
545 905 15 4
545 348 17 5
545 764 5 2
544 24 31 9
544 902 50 12
544 981 41 8
544 604 47 14
544 621 72 17
544 816 85 24
544 48 41 11
543 448 7 2
543 434 34 9
543 153 63 18
543 614 14 4
542 603 44 11
542 875 43 12
542 569 46 14
542 901 38 11
542 709 33 10
542 836 53 17
542 480 72 19
542 190 63 16
541 106 5 2
541 569 8 2
541 661 7 2
540 196 38 10
540 629 31 8
540 609 4 1
540 777 25 7
540 289 25 6
539 601 9 2
539 519 8 2
539 420 12 4
539 46 28 8
538 279 71 18
538 856 45 12
538 207 24 5
538 835 71 18
538 935 80 22
538 999 59 12
538 119 68 15
537 291 27 8
537 216 40 12
537 653 44 12
537 247 28 8
537 107 16 4
537 831 22 5
536 449 61 12
536 931 51 10
536 664 46 14
536 897 41 9
536 276 62 13
536 687 17 5
536 156 57 11
535 79 23 6
535 379 24 7
535 553 18 5
535 262 36 11
535 345 29 8
535 22 56 10
534 820 28 7
534 131 26 6
534 925 44 12
534 753 54 13
534 446 16 3
534 101 35 10
533 666 55 15
533 441 28 9
533 433 38 13
533 323 78 15
533 680 68 19
533 108 87 16
533 672 14 4
533 515 39 13
533 881 50 11
532 587 281 52
532 496 36 8
532 711 28 9
532 360 28 9
532 164 61 14
532 759 57 11
531 41 19 5
531 442 14 3
531 33 30 7
531 642 16 5
530 700 33 9
530 296 13 4
530 732 69 13
530 738 80 20
530 620 70 15
530 822 32 7
529 14 11 4
529 548 19 5
529 60 4 1
529 381 19 5
528 787 15 5
528 250 21 7
528 184 16 4
528 138 9 3
528 791 9 3
527 886 41 14
527 69 43 12
527 244 20 5
527 99 46 13
527 911 89 19
527 589 15 3
527 734 85 24
527 986 37 7
526 955 12 3
526 257 28 8
526 503 40 8
526 728 23 6
526 993 53 11
525 58 10 3
525 290 25 9
525 617 32 8
525 333 65 15
524 822 37 10
524 620 45 12
524 399 40 9
524 178 48 13
524 945 38 13
524 281 37 9
523 887 17 5
523 890 16 4
523 649 26 7
523 225 31 10
523 186 43 11
523 322 36 12
523 821 38 10
522 295 33 11
522 110 17 6
522 277 56 14
522 211 56 14
522 922 35 11
521 488 55 16
521 719 39 12
521 779 22 6
521 927 49 12
521 495 35 8
521 636 45 12
520 928 50 9
520 222 45 11
520 712 45 14
520 318 40 10
520 926 33 9
520 877 31 8
520 17 67 15
520 470 86 19
519 601 12 3
519 539 7 2
519 89 16 5
519 420 10 3
518 225 21 4
518 652 38 10
518 865 44 14
518 186 11 3
517 939 49 14
517 1 49 15
517 255 56 17
517 74 31 8
517 488 24 6
517 137 60 14
517 719 44 14
516 829 46 15
516 167 25 7
516 975 42 13
516 679 27 8
516 75 21 6
516 670 31 7
515 672 40 10
515 533 34 11
515 881 6 2
515 404 37 12
515 663 29 7
515 67 23 8
515 942 21 6
514 613 29 6
514 380 38 11
514 795 60 12
514 239 35 10
514 120 27 8
513 823 54 11
513 102 67 16
513 19 23 7
513 157 66 14
513 134 20 7
512 387 48 16
512 232 54 13
512 371 5 2
512 913 14 5
512 319 49 10
512 671 25 6
512 304 31 7
512 218 43 9
512 628 39 9
511 394 15 4
511 903 43 12
511 941 12 3
511 46 19 5
511 601 20 5
510 190 57 14
510 480 77 15
510 625 48 14
510 715 37 9
510 757 8 3
510 828 21 6
509 134 49 15
509 220 26 7
509 631 56 14
509 730 13 5
509 695 13 4
508 114 9 3
508 854 27 9
508 238 17 5
508 230 17 4
508 492 17 5
507 276 53 10
507 148 22 7
507 302 9 3
507 747 33 10
507 815 49 10
506 583 5 1
506 826 29 9
506 51 34 8
506 840 31 11
506 722 55 11
506 135 61 16
505 101 60 17
505 446 52 14
505 21 38 10
505 315 16 4
505 65 40 10
504 815 63 16
504 559 59 12
504 411 21 5
504 142 19 4
504 127 49 11
504 502 36 12
504 414 36 11
504 66 37 12
503 962 103 23
503 624 65 19
503 955 38 8
503 526 36 8
503 973 18 6
503 351 43 13
503 993 44 12
503 904 55 15
503 786 54 11
502 504 32 9
502 66 33 9
502 434 121 36
502 127 37 12
502 448 143 36
502 458 39 9
501 954 45 10
501 899 54 15
501 397 37 10
501 227 38 10
501 689 24 8
500 795 59 19
500 143 51 19
500 144 57 13
500 4 18 5
500 310 20 4
500 73 51 12
500 788 61 15
500 89 70 18
499 566 14 4
499 678 40 11
499 464 37 10
499 613 16 4
499 239 12 3
498 31 50 14
498 466 52 12
498 27 45 10
498 599 30 7
498 862 32 8
498 413 16 4
497 137 6 2
497 255 56 15
497 650 31 9
497 779 37 11
497 719 13 3
496 587 222 46
496 374 69 15
496 882 32 7
496 532 39 7
496 711 18 5
495 779 29 8
495 521 39 8
495 636 64 14
495 229 34 7
495 387 42 10
494 260 39 10
494 857 32 9
494 305 12 4
494 47 14 4
493 550 55 17
493 956 35 9
493 43 33 7
493 459 58 18
493 823 26 6
493 389 44 14
492 508 19 6
492 114 20 5
492 230 15 5
492 73 46 11
492 669 32 8
492 910 40 9
492 874 55 11
492 346 49 13
491 966 90 24
491 848 90 18
491 580 73 21
491 419 86 23
491 792 68 19
491 45 67 18
491 936 52 10
491 703 11 3
491 205 120 23
491 645 70 19
490 615 36 12
490 443 67 15
490 835 53 14
490 286 39 13
490 673 39 9
490 41 41 13
490 455 28 5
490 442 25 7
489 819 28 6
489 321 18 4
489 231 27 6
489 188 37 11
489 624 48 11
489 257 32 8
489 249 49 14
489 718 57 15
489 728 59 11
488 517 26 6
488 74 28 9
488 719 45 12
488 705 52 16
488 424 52 13
488 927 46 14
488 521 50 16
487 427 39 11
487 212 27 8
487 294 26 6
487 701 29 7
487 86 60 16
487 36 23 7
486 75 36 10
486 670 21 6
486 937 60 12
486 838 35 12
486 593 23 6
486 647 42 11
486 450 39 8
485 751 43 15
485 758 24 6
485 245 63 20
485 354 44 14
485 686 56 14
485 756 9 3
485 410 11 3
484 406 42 10
484 990 38 7
484 10 33 8
484 144 36 9
484 888 35 7
483 122 48 10
483 884 57 11
483 32 46 11
483 677 12 3
483 269 32 7
483 449 39 10
483 473 70 15
483 745 66 21
482 123 40 12
482 206 10 4
482 388 28 10
482 833 20 6
482 970 61 16
481 117 75 13
481 97 68 19
481 209 16 6
481 425 44 15
481 720 32 8
481 95 56 20
481 50 31 9
480 542 67 16
480 302 58 14
480 148 52 17
480 836 73 15
480 190 17 4
480 747 80 14
480 625 50 14
480 510 75 18
479 830 35 11
479 960 53 14
479 659 44 12
479 999 65 16
479 909 58 16
479 584 34 9
479 100 48 11
479 870 47 9
478 774 50 14
478 916 34 8
478 708 42 11
478 616 58 13
477 916 91 19
477 605 40 8
477 103 19 6
477 590 22 7
477 573 78 22
477 125 47 9
476 643 50 13
476 555 62 17
476 766 27 7
476 205 57 20
476 355 13 4
476 185 31 8
475 725 27 9
475 802 32 10
475 990 9 2
475 406 27 9
474 350 21 7
474 759 9 3
474 40 26 8
474 914 35 7
473 122 37 8
473 762 38 10
473 483 70 16
473 745 8 3
473 18 18 4
472 992 46 9
472 273 17 4
472 316 26 6
472 813 36 10
472 47 29 9
471 349 58 18
471 817 79 21
471 393 64 18
471 292 75 19
471 265 44 13
471 801 30 10
471 567 46 11
470 877 88 19
470 160 77 17
470 520 75 19
470 17 31 9
470 983 81 26
470 996 79 19
470 279 44 12
470 207 79 16
469 154 79 19
469 596 67 15
469 574 51 11
469 187 14 4
469 301 38 8
469 922 45 10
468 618 37 11
468 6 34 9
468 963 24 6
468 574 26 8
468 405 37 8
468 726 40 10
468 284 44 11
467 784 20 5
467 155 14 4
467 337 34 10
467 717 46 13
467 39 41 11
466 697 30 10
466 192 42 10
466 31 23 7
466 121 27 6
466 498 44 10
466 27 58 18
465 309 25 9
465 263 8 3
465 845 5 2
464 958 30 8
464 678 16 5
464 499 40 11
464 613 34 10
464 607 35 7
464 953 37 9
464 298 39 8
464 68 34 11
463 23 10 4
463 409 4 1
463 782 15 4
463 597 18 6
462 198 37 9
462 16 50 15
462 210 11 2
462 863 6 2
462 194 24 7
462 349 42 9
462 608 28 7
461 164 164 31
461 266 61 22
461 185 33 8
461 355 27 7
461 555 56 17
460 560 49 17
460 843 14 4
460 960 16 6
460 878 16 5
459 908 71 13
459 550 56 10
459 872 39 10
459 224 46 12
459 285 48 10
459 217 24 7
459 493 51 14
459 389 25 8
458 998 27 6
458 127 31 6
458 315 185 51
458 87 93 20
458 502 40 12
458 448 225 39
457 184 31 8
457 713 11 4
457 857 21 7
457 851 24 6
457 293 28 9
456 710 35 9
456 626 39 8
456 208 15 4
456 682 16 4
456 652 58 16
456 562 20 5
455 490 22 6
455 442 26 6
455 673 38 10
455 141 22 5
455 683 13 3
454 84 26 6
454 17 63 13
454 279 57 15
454 201 8 3
453 893 22 5
453 956 23 6
453 43 2 1
452 367 33 8
452 972 41 11
452 590 22 7
452 418 20 6
452 809 21 7
452 28 25 7
451 978 54 16
451 275 52 14
451 169 29 9
451 923 23 5
451 370 7 2
451 684 27 8
450 593 29 7
450 655 31 8
450 182 31 9
450 486 33 7
450 647 29 7
450 92 9 3
449 677 25 6
449 483 35 9
449 931 18 5
449 269 25 6
449 536 55 11
449 745 87 23
449 664 71 17
448 614 18 4
448 543 7 2
448 205 370 98
448 434 38 10
448 645 310 63
448 929 74 14
448 502 162 31
448 458 229 55
447 119 31 6
447 909 38 13
447 935 48 12
447 564 63 15
447 167 46 12
447 829 48 14
446 925 52 13
446 534 14 4
446 101 42 9
446 505 64 16
446 315 60 18
446 828 78 24
445 708 93 19
445 576 14 4
445 693 18 6
445 379 8 3
444 938 42 10
444 838 61 13
444 721 6 2
444 268 34 9
444 602 57 11
444 11 44 9
443 663 46 11
443 968 34 8
443 332 45 13
443 781 48 12
443 435 49 12
443 615 42 12
443 835 59 19
443 490 58 14
442 41 27 8
442 531 13 4
442 455 26 6
442 490 26 5
442 33 32 7
442 683 24 8
441 407 34 11
441 706 28 8
441 49 34 6
441 666 55 14
441 433 32 8
441 533 37 9
440 962 378 109
440 147 222 56
440 570 181 41
440 739 112 33
440 180 32 8
440 21 532 115
440 48 47 14
440 158 31 7
440 93 27 6
440 24 50 14
439 737 46 10
439 130 29 8
439 333 18 4
439 54 26 5
438 385 26 7
438 810 73 16
438 976 62 12
438 627 32 9
438 671 30 8
438 913 23 5
437 994 13 4
437 171 10 2
437 126 19 6
437 575 7 2
436 912 29 9
436 876 8 2
436 551 39 11
436 395 16 6
436 372 32 9
436 793 34 7
435 781 38 9
435 443 58 12
435 615 30 7
435 619 23 7
435 714 31 8
435 729 44 14
434 686 39 12
434 153 45 12
434 414 97 24
434 66 77 20
434 543 34 10
434 448 32 9
434 502 124 36
433 348 25 5
433 49 21 5
433 441 30 10
433 533 49 11
433 983 41 11
433 672 37 12
432 228 26 9
432 362 20 7
432 811 37 9
432 988 13 3
432 413 108 28
431 64 6 2
431 128 29 7
431 848 30 8
431 722 45 10
431 964 12 4
430 426 30 10
430 600 77 15
430 374 57 12
430 96 4 1
430 179 19 5
429 9 45 13
429 945 42 11
429 592 52 16
429 336 69 18
429 729 67 15
429 213 67 20
429 90 62 16
429 329 57 12
428 883 9 3
428 408 32 9
428 109 38 10
428 888 30 8
428 750 15 4
428 406 27 6
427 995 6 2
427 78 29 7
427 701 35 11
427 212 18 4
427 487 39 9
426 600 35 9
426 430 34 8
426 179 12 4
426 691 5 2
425 880 79 15
425 117 57 18
425 718 26 9
425 384 20 5
425 71 81 18
425 209 61 17
425 481 53 16
424 705 75 18
424 488 58 12
424 206 52 16
424 927 28 7
424 297 16 5
424 364 14 4
423 981 52 11
423 369 52 12
423 327 44 10
423 13 57 12
423 943 16 4
423 604 15 5
422 277 33 8
422 194 29 8
422 863 14 4
422 648 7 2
422 210 11 3
422 606 15 5
421 557 10 3
421 213 55 12
421 146 57 16
421 578 38 9
421 30 45 13
420 539 12 4
420 89 24 6
420 519 10 3
420 847 64 15
420 53 58 14
420 46 44 10
420 373 48 11
419 808 14 5
419 580 31 8
419 932 14 3
419 792 32 8
419 491 84 25
418 452 16 5
418 590 32 11
418 809 22 7
418 38 47 11
418 967 53 13
418 637 30 8
417 579 50 10
417 921 49 11
417 602 59 16
417 762 46 14
417 18 32 7
417 961 32 7
417 126 46 11
417 632 62 12
416 346 86 17
416 313 40 12
416 660 10 3
416 874 50 13
416 749 68 17
415 844 52 14
415 789 27 7
415 921 24 7
415 762 27 6
415 579 9 3
415 32 51 15
415 300 33 8
414 142 26 9
414 756 38 9
414 686 72 19
414 434 87 26
414 504 44 11
414 66 14 4
413 31 53 14
413 811 75 23
413 432 101 21
413 988 98 21
413 199 86 23
413 862 21 7
413 498 14 4
412 731 55 12
412 689 35 9
412 397 49 11
412 133 24 6
412 149 22 6
412 129 43 11
412 939 55 16
411 162 43 12
411 758 40 10
411 815 37 11
411 142 21 5
411 504 22 5
410 758 12 4
410 142 36 8
410 756 17 4
410 485 10 3
409 346 61 17
409 23 10 3
409 53 53 11
409 373 34 9
409 463 3 1
409 597 23 6
408 717 33 7
408 976 65 17
408 235 70 15
408 237 18 6
408 883 34 11
408 428 26 8
408 109 44 8
407 352 58 15
407 599 75 19
407 690 58 13
407 226 52 12
407 706 13 4
407 441 40 12
407 666 34 8
406 261 30 8
406 725 36 9
406 428 22 5
406 750 15 4
406 888 22 6
406 484 34 11
406 990 34 9
406 475 26 9
405 468 28 8
405 726 35 9
405 574 30 9
405 342 25 7
405 15 67 15
405 270 44 10
405 554 48 12
404 672 62 15
404 983 54 12
404 515 52 12
404 968 27 8
404 663 20 7
403 152 15 4
403 763 41 8
403 356 12 4
403 716 40 10
403 174 52 16
403 318 30 8
403 712 11 2
402 923 11 4
402 244 19 5
402 684 18 5
402 984 54 13
402 169 29 7
401 870 47 9
401 970 6 2
401 805 46 11
401 258 41 11
401 853 50 17
401 168 74 17
400 46 65 18
400 23 73 16
400 744 49 12
400 77 16 4
400 782 69 18
399 524 37 8
399 977 23 5
399 620 25 5
399 592 29 8
399 178 35 10
398 627 33 12
398 235 20 6
398 252 2 1
398 656 10 2
398 80 35 9
398 219 24 8
397 501 35 7
397 689 42 11
397 412 54 10
397 129 13 4
397 899 36 9
396 243 25 8
396 889 31 8
396 90 17 5
396 329 21 5
396 797 40 13
396 630 34 9
395 94 40 8
395 547 47 14
395 912 22 4
395 551 38 10
395 436 15 4
394 10 53 10
394 868 58 14
394 135 66 15
394 788 39 10
394 601 13 5
394 903 47 14
394 511 15 4
393 273 30 9
393 817 53 15
393 667 77 21
393 991 58 12
393 471 64 13
393 567 53 12
393 316 13 4
392 341 23 7
392 72 57 14
392 203 29 7
392 849 21 6
392 150 38 12
391 693 42 10
391 56 60 12
391 919 22 7
391 974 88 18
391 79 25 8
391 262 44 10
391 553 30 8
390 111 45 14
390 199 31 10
390 690 56 12
390 706 56 15
390 545 29 9
390 926 46 13
390 49 41 10
390 905 33 9
389 459 26 7
389 493 51 14
389 217 12 4
389 794 36 10
389 823 47 16
389 19 65 14
388 482 36 9
388 206 41 8
388 833 27 7
388 297 39 11
388 810 42 9
388 834 22 8
388 39 51 9
388 784 43 13
387 495 35 12
387 229 37 12
387 371 50 14
387 636 62 17
387 232 13 3
387 512 61 14
386 375 29 8
386 248 4 1
386 83 35 12
386 703 41 14
386 936 37 10
385 364 51 14
385 636 48 11
385 810 71 19
385 438 24 7
385 371 30 6
385 913 22 7
384 718 38 8
384 425 23 7
384 728 31 6
384 993 30 9
384 71 70 14
384 769 36 10
383 44 8 3
383 679 18 6
383 272 11 3
383 139 27 6
382 739 20 7
382 898 15 5
382 866 25 6
382 52 16 4
382 251 35 9
381 124 31 8
381 14 33 10
381 529 21 6
381 635 34 9
381 287 48 9
381 368 30 7
381 60 16 6
380 613 33 8
380 68 25 7
380 514 40 11
380 88 8 2
380 795 36 7
379 576 16 4
379 79 30 7
379 693 21 7
379 445 8 2
379 345 39 10
379 535 32 7
378 935 13 4
378 852 6 2
378 41 14 5
378 642 16 4
378 564 17 6
377 849 47 12
377 562 24 8
377 577 6 2
377 231 55 12
377 246 70 17
377 150 75 15
377 321 53 13
377 303 10 3
376 4 9 3
376 795 74 15
376 736 27 6
376 310 19 5
376 73 41 9
375 966 30 8
375 964 46 8
375 703 59 19
375 83 13 3
375 386 38 9
374 600 96 33
374 587 161 36
374 430 42 12
374 96 38 14
374 496 64 21
374 288 69 13
374 631 65 20
374 882 42 9
374 772 39 12
373 420 47 9
373 46 60 19
373 23 34 9
373 53 13 3
373 409 35 10
372 436 34 7
372 793 29 6
372 876 30 8
372 16 27 6
372 189 26 5
371 636 66 12
371 387 62 17
371 385 23 7
371 512 5 2
371 913 11 3
370 275 52 11
370 451 5 2
370 684 28 8
370 688 46 10
370 771 43 12
370 846 49 11
369 900 32 8
369 778 19 6
369 981 38 9
369 327 42 9
369 423 39 11
368 381 24 6
368 60 28 6
368 287 42 12
368 971 48 16
368 775 79 17
368 549 38 13
368 548 15 5
367 616 43 14
367 175 32 10
367 576 24 6
367 972 29 7
367 28 30 7
367 452 31 10
366 570 34 9
366 197 56 16
366 57 46 12
366 898 7 2
366 739 6 2
365 181 39 9
365 216 48 11
365 215 43 8
365 653 35 9
365 603 18 5
365 661 28 8
365 875 15 4
364 927 26 9
364 424 13 4
364 297 22 6
364 810 19 6
364 385 57 16
364 636 39 9
363 612 15 4
363 946 15 6
363 105 44 11
363 357 14 4
363 755 35 10
362 228 42 9
362 432 26 7
362 770 38 9
362 161 34 9
362 988 22 7
361 783 40 10
361 951 42 9
361 861 20 5
361 334 33 11
361 115 15 3
360 711 41 11
360 532 32 7
360 724 55 15
360 771 33 10
360 759 35 7
360 350 20 6
359 704 29 8
359 159 45 10
359 340 22 7
359 965 54 14
359 247 43 10
359 62 21 6
358 709 6 2
358 278 11 3
358 925 47 11
358 820 45 11
357 946 22 6
357 363 16 3
357 755 48 9
357 675 49 12
357 294 53 13
357 701 33 10
356 152 6 2
356 403 17 4
356 222 26 8
356 712 9 2
355 461 29 9
355 555 51 16
355 476 12 4
355 185 23 6
354 749 47 11
354 245 46 10
354 485 58 14
354 660 75 15
354 153 8 3
354 686 16 5
353 120 21 6
353 602 62 13
353 854 87 25
353 632 30 8
352 27 19 6
352 599 32 8
352 97 21 6
352 95 58 15
352 407 73 20
352 226 44 11
351 973 26 7
351 503 38 11
351 786 29 9
351 754 48 10
351 147 16 5
350 360 25 6
350 771 16 4
350 914 27 7
350 759 30 8
350 474 21 6
349 16 59 16
349 462 38 11
349 827 65 17
349 817 75 15
349 471 63 15
349 292 17 5
349 608 20 6
348 905 11 3
348 545 17 4
348 764 17 5
348 49 27 6
348 433 27 5
348 983 56 12
348 160 33 8
347 121 44 11
347 865 33 9
347 880 39 11
347 858 35 8
347 271 42 13
346 492 67 15
346 73 33 9
346 847 19 6
346 53 31 9
346 409 69 17
346 874 46 12
346 416 66 18
346 597 64 15
346 313 90 19
345 379 34 10
345 576 35 11
345 535 28 8
345 22 49 9
345 28 26 6
345 38 52 14
345 809 25 6
344 841 29 7
344 591 13 3
344 954 73 15
344 644 32 9
344 908 46 10
344 872 40 11
343 885 145 44
343 618 92 32
343 154 66 16
343 20 41 10
343 70 42 15
343 596 59 12
343 140 23 6
343 934 78 18
342 405 32 6
342 270 18 6
342 301 5 2
342 574 36 8
341 740 175 36
341 72 49 10
341 165 75 24
341 392 26 8
341 773 38 10
341 203 45 12
340 48 156 48
340 816 67 16
340 704 25 8
340 132 85 19
340 359 25 6
340 965 73 16
339 638 22 5
339 280 29 8
339 555 31 9
339 643 52 11
338 290 52 15
338 629 21 5
338 617 47 11
338 798 33 9
338 842 5 2
338 804 25 6
337 139 46 16
337 155 33 9
337 467 38 9
337 182 52 16
337 717 48 15
337 958 5 2
337 678 44 12
336 3 46 10
336 592 33 9
336 429 59 15
336 915 49 13
336 213 52 12
336 900 44 10
335 873 27 7
335 35 17 5
335 859 48 14
335 193 46 14
335 884 51 17
335 299 67 17
334 783 66 15
334 193 63 19
334 361 43 9
334 269 36 11
334 585 25 6
334 115 33 11
333 262 47 11
333 130 43 12
333 439 15 4
333 54 24 8
333 22 58 14
333 58 63 14
333 617 67 20
333 525 60 14
332 996 6 2
332 968 30 7
332 443 46 13
332 835 80 19
332 207 32 10
331 953 14 4
331 607 16 4
331 237 29 8
331 298 17 4
331 68 23 7
331 113 47 12
331 109 48 10
330 563 22 5
330 86 32 8
330 761 24 8
330 956 37 13
330 91 41 10
330 893 39 8
330 264 49 12
329 729 22 8
329 243 23 5
329 429 44 15
329 90 29 6
329 396 23 4
328 775 85 17
328 806 36 9
328 971 71 19
328 912 52 14
328 950 48 14
328 727 46 9
328 12 7 2
328 195 34 9
328 860 29 8
327 900 48 11
327 213 54 14
327 369 37 11
327 13 15 4
327 423 44 13
326 621 14 5
326 943 35 8
326 816 28 8
326 997 35 10
326 561 23 5
325 195 60 15
325 860 56 13
325 793 58 13
325 667 32 8
325 991 46 15
325 81 19 6
324 974 37 10
324 737 33 9
324 320 4 1
324 776 71 16
323 666 32 10
323 240 59 12
323 700 42 12
323 533 68 20
323 680 31 9
322 523 42 11
322 821 16 5
322 186 50 12
322 267 10 3
322 697 49 12
322 254 25 6
321 377 38 14
321 303 36 11
321 188 27 7
321 489 14 5
321 231 18 5
320 776 56 15
320 324 4 1
320 947 31 7
320 806 43 9
320 737 35 9
319 232 32 9
319 512 36 10
319 218 15 3
319 969 39 13
319 982 17 4
318 712 29 6
318 403 22 8
318 520 39 12
318 17 37 11
318 174 55 11
317 806 71 21
317 54 34 8
317 737 63 17
317 12 67 19
317 176 29 7
317 214 32 8
317 582 16 5
317 191 9 3
316 273 29 8
316 393 14 4
316 567 36 13
316 472 23 8
316 813 36 9
315 446 64 15
315 828 53 17
315 505 15 3
315 65 48 11
315 757 77 20
315 87 114 26
315 458 210 44
314 782 10 3
314 597 21 6
314 77 64 16
314 929 55 14
313 416 47 13
313 346 82 17
313 660 46 13
313 597 36 12
313 614 49 12
313 929 9 2
312 98 9 3
312 125 26 8
312 907 16 4
312 967 8 3
312 573 37 11
312 25 35 11
311 867 54 14
311 600 40 12
311 691 32 7
311 85 20 7
311 157 16 5
311 790 15 5
310 4 11 4
310 500 20 4
310 73 38 7
310 376 16 5
309 263 39 9
309 581 38 10
309 937 19 4
309 465 25 9
309 845 34 8
309 268 32 7
309 938 35 8
308 582 8 3
308 933 20 5
308 241 23 6
308 214 15 4
308 151 18 6
307 132 43 9
307 965 46 14
307 831 56 11
307 82 24 7
307 820 77 16
307 753 41 8
306 244 34 9
306 684 23 7
306 986 5 2
306 589 30 6
306 699 42 11
306 688 46 12
305 857 41 10
305 293 83 18
305 494 14 4
305 47 17 5
305 227 42 10
305 591 84 21
305 954 62 17
304 671 24 5
304 512 31 10
304 627 40 11
304 628 23 6
304 145 50 13
304 723 22 7
303 577 13 4
303 166 36 7
303 864 34 7
303 377 11 3
303 188 21 6
303 321 43 10
302 507 8 3
302 148 24 5
302 747 41 12
302 480 58 15
301 574 33 9
301 342 6 2
301 469 44 10
301 270 21 5
301 922 32 7
300 415 29 9
300 32 49 10
300 122 18 4
300 762 5 2
299 622 36 9
299 873 46 14
299 274 18 6
299 335 63 18
299 884 41 10
299 844 27 6
299 32 36 9
298 331 19 4
298 953 4 1
298 464 34 10
298 68 9 3
297 424 16 4
297 206 48 13
297 364 18 6
297 388 39 10
297 810 11 3
296 680 27 5
296 822 32 9
296 530 12 3
296 700 28 8
295 922 18 5
295 270 4 1
295 522 33 9
295 110 30 10
295 554 25 7
294 487 29 6
294 357 43 10
294 701 16 5
294 675 54 10
294 568 35 10
294 36 36 8
294 761 45 11
293 765 24 7
293 857 56 14
293 851 9 2
293 457 28 8
293 591 64 16
293 305 68 18
293 755 38 14
293 841 62 13
292 608 9 3
292 349 20 6
292 850 12 3
292 879 52 12
292 265 70 17
292 471 70 17
291 639 49 11
291 216 45 12
291 537 30 9
291 247 10 3
291 62 19 4
290 58 27 6
290 22 38 12
290 735 15 5
290 525 36 8
290 617 58 11
290 777 10 3
290 629 47 10
290 338 53 12
289 38 32 7
289 735 17 4
289 196 29 8
289 540 22 5
289 777 18 6
288 26 65 14
288 631 64 14
288 374 62 14
288 598 46 13
288 772 28 6
288 256 35 8
288 978 18 6
287 124 37 10
287 635 32 10
287 381 52 13
287 368 42 9
287 546 61 15
287 284 57 11
287 775 69 14
287 839 45 12
286 615 21 5
286 619 12 4
286 729 31 9
286 490 43 13
286 673 11 3
285 459 36 12
285 644 24 5
285 872 16 4
285 869 55 16
285 224 21 5
284 6 52 11
284 546 51 15
284 287 44 12
284 839 28 7
284 726 9 3
284 468 43 15
283 150 55 11
283 246 24 8
283 819 21 7
283 624 27 7
283 962 18 6
282 118 21 6
282 646 21 7
282 76 12 3
282 87 27 9
282 998 34 7
281 108 38 8
281 822 51 14
281 714 57 14
281 524 31 8
281 945 42 12
281 9 15 5
280 688 69 17
280 914 58 12
280 40 46 13
280 699 64 18
280 768 84 18
280 638 44 11
280 707 75 17
280 643 63 16
280 339 27 9
279 17 63 18
279 454 50 12
279 201 54 16
279 470 53 12
279 207 73 17
279 170 52 14
279 538 78 15
279 856 55 13
279 800 34 12
278 107 32 10
278 901 18 6
278 831 62 14
278 709 11 3
278 358 10 3
278 820 43 12
277 522 52 16
277 211 72 18
277 110 52 13
277 633 9 2
277 588 43 14
277 752 43 9
277 648 38 8
277 194 11 3
277 422 27 8
276 897 42 11
276 536 51 17
276 571 6 2
276 507 38 14
276 148 34 9
276 815 47 13
276 156 15 3
275 256 6 2
275 978 34 7
275 451 59 13
275 724 9 2
275 771 59 15
275 370 45 11
274 748 11 3
274 622 22 5
274 299 19 5
274 873 41 13
273 393 38 8
273 991 21 6
273 992 29 6
273 472 17 5
273 316 27 8
272 44 10 3
272 853 11 3
272 383 11 3
272 139 19 5
271 347 40 13
271 121 54 15
271 858 36 10
271 117 25 8
271 97 31 9
271 27 40 8
270 342 20 5
270 405 43 9
270 554 22 6
270 301 18 4
270 922 24 6
270 295 4 1
269 193 61 21
269 884 65 19
269 483 29 7
269 677 15 5
269 334 35 9
269 585 47 11
269 449 23 7
269 931 37 8
268 309 26 7
268 938 9 2
268 845 41 13
268 721 35 9
268 444 34 10
267 821 14 4
267 42 15 3
267 254 21 5
267 322 12 3
266 164 58 22
266 461 59 16
266 555 36 8
266 200 32 8
266 674 11 3
265 879 39 9
265 292 78 19
265 471 42 11
265 61 33 10
265 84 54 13
265 801 34 8
265 201 59 14
265 924 34 9
265 37 36 10
265 204 28 9
264 330 45 10
264 893 35 10
264 91 31 7
264 803 14 4
264 867 68 18
264 102 65 17
263 642 55 12
263 581 40 12
263 33 54 13
263 309 39 8
263 930 32 9
263 465 7 2
263 845 14 3
262 974 79 22
262 535 35 10
262 391 43 13
262 553 24 8
262 130 62 18
262 22 51 10
262 333 43 13
261 656 19 5
261 883 32 6
261 750 25 6
261 406 25 7
261 725 21 5
261 219 8 3
260 163 54 11
260 7 31 7
260 713 36 7
260 992 35 9
260 47 42 9
260 857 14 4
260 494 31 8
259 140 12 4
259 934 53 14
259 651 33 8
259 20 22 6
259 1000 31 8
258 805 30 7
258 401 51 10
258 807 8 2
258 975 20 5
258 44 21 4
258 853 28 9
257 489 28 7
257 624 27 7
257 955 24 7
257 728 36 11
257 526 24 6
256 772 33 9
256 288 30 8
256 724 7 2
256 275 5 2
256 978 25 8
255 899 29 7
255 869 23 8
255 855 12 3
255 1 36 8
255 517 63 17
255 137 64 15
255 650 55 16
255 497 66 14
254 267 19 5
254 42 26 7
254 668 19 5
254 322 23 7
254 697 35 7
254 192 32 8
253 80 19 5
253 145 17 4
253 725 42 9
253 802 39 10
253 987 61 14
253 583 66 17
253 826 53 18
252 398 2 1
252 656 7 2
252 235 20 5
251 382 27 9
251 52 27 10
251 739 45 12
251 180 60 14
251 952 34 10
251 202 40 11
250 741 21 6
250 787 26 7
250 528 20 6
250 184 27 7
250 163 13 4
250 713 34 8
249 188 43 9
249 166 23 8
249 489 55 12
249 880 40 11
249 718 36 12
248 948 58 13
248 83 49 10
248 386 4 1
248 744 51 13
248 936 37 9
248 645 52 13
247 359 43 9
247 62 29 7
247 291 9 3
247 965 54 10
247 537 28 7
247 831 39 9
246 150 44 11
246 377 53 16
246 283 28 6
246 231 6 2
246 819 3 1
245 944 35 8
245 910 51 11
245 172 31 9
245 223 27 7
245 751 51 13
245 749 36 9
245 354 44 12
245 485 69 19
244 69 49 14
244 984 60 15
244 402 19 6
244 527 20 5
244 589 9 3
244 684 35 8
244 306 25 9
243 673 26 6
243 729 13 4
243 329 27 6
243 889 20 7
243 396 28 7
242 738 50 13
242 3 47 10
242 952 46 14
242 173 47 15
242 742 33 10
242 915 25 7
241 308 20 5
241 933 24 8
241 151 5 2
241 733 18 6
241 799 19 5
241 7 41 10
241 163 25 8
240 226 3 1
240 95 19 6
240 666 39 11
240 323 47 16
240 700 76 16
239 499 10 3
239 647 47 11
239 566 12 4
239 602 86 21
239 613 21 7
239 514 31 9
239 120 47 14
238 736 2 1
238 230 16 5
238 854 41 11
238 508 17 5
237 958 60 17
237 717 38 7
237 408 19 5
237 109 30 8
237 331 33 9
237 607 43 10
236 221 37 9
236 760 28 10
236 997 39 12
236 859 42 11
236 783 33 9
236 951 51 11
235 627 40 8
235 976 30 10
235 408 60 16
235 398 21 5
235 883 59 12
235 252 24 5
235 656 23 7
234 67 10 3
234 959 4 1
234 781 12 3
234 714 32 7
233 562 45 10
233 652 18 5
233 577 42 9
233 864 14 3
233 865 62 20
233 166 35 8
232 229 55 13
232 59 68 18
232 969 48 13
232 825 55 15
232 387 12 4
232 319 30 8
232 512 61 14
231 377 57 17
231 246 6 2
231 819 3 1
231 321 20 5
231 489 25 6
230 238 17 6
230 736 22 4
230 508 17 4
230 73 38 7
230 492 18 4
229 779 68 17
229 650 80 26
229 695 42 11
229 495 25 7
229 387 42 10
229 59 31 8
229 232 53 13
228 770 23 5
228 837 16 4
228 811 36 9
228 432 32 9
228 362 31 10
227 47 53 11
227 813 39 12
227 305 43 10
227 183 50 10
227 731 68 17
227 954 40 11
227 501 32 8
227 689 59 10
226 352 59 15
226 240 3 1
226 95 20 5
226 666 45 10
226 407 54 11
225 649 21 6
225 523 28 8
225 626 62 14
225 186 29 7
225 518 20 4
225 652 56 10
224 459 45 12
224 869 46 12
224 285 17 5
224 855 47 11
224 217 39 10
224 794 50 12
223 944 10 4
223 136 20 5
223 172 6 2
223 245 33 8
222 177 18 5
222 152 27 9
222 928 16 4
222 824 45 13
222 520 44 11
222 356 28 8
222 712 37 11
221 578 7 2
221 30 46 14
221 35 57 12
221 760 48 12
221 859 34 9
221 236 41 9
220 85 16 4
220 157 30 7
220 134 43 10
220 509 29 7
220 631 47 16
219 656 22 5
219 398 29 7
219 80 34 6
219 261 11 3
219 725 15 4
219 552 9 3
218 319 16 3
218 512 50 11
218 982 16 4
218 917 23 7
218 628 22 7
217 459 24 6
217 389 17 4
217 224 37 9
217 794 33 9
216 639 47 13
216 5 55 16
216 181 60 13
216 291 33 8
216 365 44 11
216 653 15 5
216 537 47 11
215 115 34 11
215 585 20 7
215 181 8 2
215 365 45 8
215 106 37 12
215 661 38 11
214 12 68 16
214 317 25 9
214 582 18 4
214 860 52 13
214 81 55 13
214 308 12 4
214 151 24 8
214 733 29 10
213 336 41 12
213 429 62 18
213 90 69 16
213 900 49 10
213 327 43 16
213 557 38 14
213 421 46 10
213 146 56 17
213 13 50 13
212 681 77 16
212 995 13 4
212 427 13 4
212 86 57 17
212 487 35 7
211 922 64 18
211 522 53 14
211 277 56 14
211 161 32 7
211 588 28 9
211 796 71 15
210 863 6 2
210 462 9 3
210 422 11 3
210 608 20 6
210 606 19 4
210 920 18 5
209 425 70 13
209 481 18 5
209 71 36 10
209 720 18 4
209 63 35 9
208 773 16 4
208 710 47 12
208 203 14 4
208 849 37 10
208 456 17 5
208 682 15 5
207 470 68 16
207 279 69 18
207 996 35 8
207 332 37 11
207 538 20 6
207 835 72 21
206 705 45 14
206 123 31 9
206 482 13 3
206 424 44 15
206 297 47 12
206 388 33 9
205 185 106 26
205 476 81 16
205 766 45 13
205 989 21 5
205 45 36 8
205 491 108 29
205 448 442 104
205 645 165 43
204 924 8 2
204 265 27 7
204 558 5 2
204 37 26 6
203 773 11 3
203 341 43 12
203 392 28 10
203 208 12 3
203 849 30 10
202 251 51 10
202 952 57 14
202 180 13 3
202 173 52 13
202 158 40 10
201 265 63 16
201 84 32 9
201 454 7 2
201 279 46 11
201 37 42 11
201 170 49 11
200 164 52 11
200 40 21 7
200 638 40 10
200 266 29 8
200 674 35 8
199 413 73 22
199 862 74 14
199 988 88 18
199 824 39 13
199 111 21 4
199 390 40 9
199 690 61 13
198 551 56 11
198 876 51 17
198 194 12 4
198 16 57 13
198 462 45 12
198 633 12 4
198 110 55 14
197 754 40 12
197 696 47 12
197 570 25 5
197 556 23 7
197 57 46 11
197 366 61 13
196 38 40 10
196 637 29 7
196 907 40 8
196 289 26 7
196 540 33 8
196 25 45 10
196 609 42 9
195 328 33 8
195 727 21 6
195 793 44 11
195 325 47 14
195 860 10 3
194 633 6 2
194 198 13 3
194 277 8 3
194 422 35 9
194 462 24 9
194 863 35 8
193 335 42 11
193 859 26 6
193 783 53 10
193 334 75 20
193 884 66 16
193 269 64 17
192 668 38 9
192 697 5 1
192 254 32 7
192 31 35 11
192 466 33 9
191 317 10 3
191 582 12 3
191 176 30 6
191 933 19 4
190 542 66 17
190 709 68 20
190 480 15 3
190 925 39 11
190 510 66 18
190 828 73 14
189 372 25 6
189 793 34 12
189 667 15 5
189 16 27 5
189 685 3 1
188 303 16 5
188 321 27 7
188 166 37 7
188 249 45 9
188 489 33 11
187 596 53 15
187 469 15 4
187 70 43 14
187 922 46 12
187 814 16 5
186 225 27 7
186 523 41 10
186 322 57 11
186 518 13 4
186 865 39 12
186 697 66 19
185 461 38 8
185 205 83 24
185 476 33 10
185 355 27 5
184 250 28 8
184 528 14 4
184 791 8 2
184 713 28 6
184 765 40 9
184 851 26 7
184 457 27 10
183 813 9 3
183 567 37 8
183 560 52 15
183 731 50 12
183 227 47 10
182 139 41 9
182 655 32 10
182 450 36 8
182 92 45 12
182 337 50 12
182 566 44 13
182 678 33 8
181 115 33 11
181 5 36 11
181 216 64 17
181 215 8 3
181 365 30 9
180 739 102 28
180 251 50 13
180 202 10 3
180 158 44 9
180 440 32 7
179 426 13 3
179 85 59 13
179 691 15 4
179 631 60 17
179 430 21 6
179 96 22 6
178 524 52 13
178 399 35 10
178 945 6 2
178 592 17 5
177 796 16 4
177 152 22 6
177 222 16 4
177 824 44 10
176 54 34 12
176 317 32 7
176 191 22 6
176 933 19 7
176 2 24 7
176 741 34 10
175 367 35 8
175 616 35 9
175 605 7 3
175 972 8 2
174 403 61 14
174 716 57 13
174 879 33 8
174 61 38 10
174 318 51 15
174 84 11 3
174 17 49 14
173 202 53 15
173 952 83 18
173 242 55 17
173 742 41 9
173 158 19 4
173 902 21 7
173 116 13 4
172 136 21 5
172 595 19 5
172 751 40 9
172 223 8 2
172 245 27 10
171 437 7 2
171 994 11 3
171 894 29 7
171 126 23 6
170 201 42 12
170 37 36 12
170 279 44 13
170 800 69 14
170 659 40 8
170 957 9 3
170 985 36 8
169 598 41 10
169 978 48 14
169 451 34 8
169 923 27 8
169 984 43 10
169 402 34 6
168 401 63 14
168 970 75 20
168 833 8 2
168 834 5 1
168 853 83 20
168 784 33 8
167 447 45 12
167 829 56 13
167 564 64 13
167 581 48 10
167 516 31 8
167 75 12 4
166 303 29 7
166 864 23 6
166 233 37 11
166 188 37 7
166 249 31 7
166 880 65 15
166 865 65 17
165 740 83 16
165 341 104 26
165 773 48 10
165 649 54 15
165 710 6 2
164 916 815 166
164 681 634 129
164 979 355 94
164 587 259 76
164 532 49 16
164 759 26 6
164 40 33 10
164 200 40 13
164 461 137 38
164 266 59 21
163 799 15 5
163 741 29 7
163 260 42 14
163 7 42 10
163 241 32 8
163 250 12 5
163 713 35 12
162 156 45 10
162 34 2 1
162 815 37 9
162 411 40 12
162 758 48 14
161 922 77 23
161 770 52 13
161 362 30 9
161 988 44 10
161 824 62 14
161 211 37 9
161 796 66 14
160 764 23 7
160 877 11 4
160 348 41 11
160 983 47 15
160 470 82 22
159 561 48 13
159 704 23 6
159 359 38 8
159 639 13 3
159 62 35 10
158 180 42 12
158 202 40 11
158 440 32 10
158 93 7 2
158 173 17 4
158 116 21 6
157 102 73 17
157 867 71 14
157 513 61 16
157 311 22 6
157 790 8 3
157 85 14 5
157 134 44 10
157 220 23 7
156 536 46 14
156 687 44 14
156 276 15 4
156 815 46 14
156 162 44 13
156 34 40 13
155 853 55 15
155 784 22 5
155 139 52 12
155 467 14 3
155 337 33 8
154 618 43 9
154 343 83 19
154 596 29 8
154 469 61 19
154 963 42 11
154 574 47 12
153 354 9 3
153 686 11 3
153 434 55 13
153 660 68 19
153 614 62 19
153 543 69 18
152 177 20 6
152 796 33 9
152 763 44 12
152 222 35 9
152 403 18 5
152 356 5 2
151 308 21 5
151 241 5 2
151 214 26 8
151 733 22 5
150 72 61 15
150 392 50 10
150 849 50 10
150 962 66 15
150 283 59 11
150 246 48 13
150 377 72 16
149 731 49 10
149 412 23 5
149 843 25 7
149 133 18 5
148 571 36 9
148 276 33 8
148 507 23 6
148 302 18 6
148 480 64 14
148 836 30 8
147 962 111 33
147 973 26 8
147 351 22 6
147 440 306 63
147 754 34 11
147 570 93 22
146 213 49 17
146 421 54 11
146 13 12 4
146 578 37 11
146 760 19 6
145 304 56 16
145 723 59 13
145 80 21 5
145 627 56 14
145 987 59 12
145 253 19 4
144 113 52 9
144 888 48 12
144 484 32 9
144 143 60 17
144 500 58 14
144 10 44 12
144 788 37 12
143 68 35 10
143 113 41 9
143 795 20 5
143 88 27 8
143 500 53 16
143 144 68 17
142 758 33 10
142 410 34 9
142 756 39 13
142 414 29 8
142 411 23 5
142 504 14 4
141 673 44 11
141 455 21 5
141 683 16 4
141 889 42 8
141 33 29 7
141 104 9 2
140 20 19 5
140 259 12 4
140 934 60 16
140 343 23 8
139 679 42 10
139 853 13 4
139 383 26 6
139 272 15 4
139 655 52 16
139 182 37 11
139 155 53 13
139 337 53 13
138 812 29 8
138 787 14 4
138 798 28 8
138 702 43 10
138 528 10 3
138 791 11 3
137 255 67 15
137 497 7 2
137 517 58 12
137 719 7 2
136 854 65 14
136 994 27 6
136 944 7 3
136 595 27 6
136 223 19 5
136 172 17 6
135 840 28 8
135 506 47 13
135 868 22 5
135 394 51 18
135 722 46 16
135 903 21 5
134 513 22 7
134 19 42 10
134 695 65 15
134 157 43 9
134 509 55 13
134 220 44 11
133 412 28 6
133 843 43 11
133 149 18 4
133 939 66 14
133 572 39 12
133 960 57 14
132 48 293 65
132 340 81 22
132 965 15 5
132 307 36 13
132 82 75 16
131 820 7 2
131 925 27 6
131 534 32 6
130 974 46 9
130 262 75 15
130 333 43 11
130 737 11 4
130 439 33 7
129 397 13 4
129 899 43 10
129 412 42 9
129 939 20 5
129 1 29 7
128 734 25 7
128 64 29 6
128 431 31 8
128 848 34 8
128 580 39 10
128 895 29 7
127 559 10 4
127 504 40 11
127 892 15 5
127 998 31 9
127 458 25 8
127 502 52 10
126 417 42 12
126 632 32 9
126 961 47 11
126 437 16 5
126 575 17 5
126 894 36 10
126 171 22 4
125 477 33 10
125 590 42 10
125 967 16 5
125 98 17 5
125 573 54 16
125 312 22 8
124 740 397 101
124 774 313 90
124 934 314 66
124 885 63 17
124 546 66 18
124 635 1 1
124 287 28 7
124 381 32 8
124 565 195 55
124 14 62 19
123 572 45 12
123 705 17 6
123 970 83 20
123 206 37 8
123 482 42 11
122 32 32 11
122 300 18 5
122 762 22 6
122 473 34 8
122 483 50 11
121 697 31 7
121 865 54 12
121 347 35 12
121 271 65 14
121 27 63 18
121 466 27 7
120 602 67 21
120 353 26 7
120 239 57 12
120 514 31 7
120 854 92 27
120 736 100 28
120 795 67 19
119 538 60 17
119 999 30 9
119 935 64 19
119 909 35 11
119 447 32 6
118 747 32 8
118 892 23 6
118 76 33 7
118 625 30 9
118 998 18 6
118 282 19 7
117 880 35 9
117 858 23 5
117 425 77 17
117 481 73 18
117 271 26 7
117 97 44 14
116 158 20 6
116 173 12 4
116 93 23 5
116 902 23 6
116 24 31 9
115 361 12 4
115 861 23 5
115 5 16 5
115 181 31 10
115 334 38 8
115 215 41 9
115 585 39 9
114 508 8 3
114 854 28 6
114 492 17 5
114 669 36 8
113 68 61 14
113 331 41 13
113 109 20 6
113 143 41 9
113 888 44 11
113 144 47 10
112 785 38 10
112 768 37 10
112 895 34 10
112 707 27 8
112 808 18 6
112 932 11 3
112 580 14 5
111 824 27 8
111 926 41 11
111 928 40 10
111 390 47 14
111 199 18 5
110 295 45 11
110 554 20 6
110 15 23 7
110 551 44 15
110 522 15 5
110 277 47 12
110 198 53 12
110 633 47 13
109 237 27 10
109 408 39 11
109 428 33 8
109 888 31 7
109 113 24 5
109 331 43 11
108 533 64 17
108 680 45 11
108 881 60 13
108 822 37 11
108 714 57 13
108 281 32 11
107 537 14 4
107 653 38 12
107 831 27 8
107 901 20 5
107 278 29 10
106 215 43 10
106 585 47 14
106 897 60 14
106 661 9 3
106 541 6 2
106 623 27 7
106 569 11 3
105 804 22 6
105 702 14 4
105 798 41 11
105 612 42 10
105 363 48 10
105 755 33 11
104 889 26 8
104 141 10 2
104 33 39 10
104 630 19 5
104 797 40 9
104 930 58 17
103 605 23 4
103 972 24 5
103 477 23 6
103 590 8 3
102 893 55 13
102 43 64 14
102 264 59 14
102 823 38 10
102 513 63 16
102 867 33 9
102 157 81 16
101 753 52 13
101 534 41 11
101 446 31 10
101 698 16 4
101 505 59 15
101 21 47 12
100 960 85 17
100 572 73 17
100 479 41 13
100 970 40 10
100 870 14 3
99 917 63 12
99 886 45 13
99 826 45 11
99 987 11 3
99 723 53 15
99 527 55 13
99 911 51 13
98 312 12 3
98 967 3 1
98 125 19 5
97 117 48 10
97 352 30 6
97 271 41 9
97 27 34 10
97 95 41 11
97 481 66 15
96 374 53 11
96 631 56 15
96 430 5 2
96 179 27 6
95 97 32 12
95 352 51 11
95 481 69 20
95 50 46 15
95 226 16 5
95 949 84 17
95 700 84 19
95 240 19 4
94 726 59 14
94 839 66 13
94 547 48 9
94 15 35 9
94 551 19 5
94 395 28 7
93 158 7 2
93 440 25 7
93 116 18 6
93 24 28 10
92 182 38 10
92 566 25 7
92 647 21 6
92 450 8 3
91 86 56 13
91 979 6 2
91 330 40 10
91 264 29 8
91 803 20 5
90 429 61 16
90 329 28 7
90 396 18 7
90 213 87 21
90 557 51 13
90 30 51 14
90 797 55 16
89 500 75 15
89 788 18 5
89 73 85 18
89 601 21 7
89 847 64 17
89 519 14 4
89 420 26 6
88 68 22 7
88 380 7 3
88 795 30 7
88 143 23 8
87 757 43 11
87 715 12 4
87 646 9 3
87 282 27 9
87 998 66 17
87 315 119 32
87 458 72 24
86 212 63 19
86 681 116 36
86 487 64 13
86 563 26 7
86 36 32 9
86 330 38 10
86 91 51 13
86 979 58 10
85 311 23 8
85 220 18 4
85 157 16 4
85 790 8 3
85 631 50 12
85 179 63 14
85 691 40 13
84 61 33 9
84 265 57 13
84 174 10 3
84 17 43 12
84 454 30 7
84 201 36 9
83 722 31 8
83 964 35 9
83 948 43 14
83 903 60 17
83 375 13 3
83 248 49 11
83 386 39 9
82 48 274 87
82 132 66 14
82 307 22 8
82 753 13 3
82 698 56 17
81 860 55 13
81 214 60 15
81 733 28 7
81 325 20 7
81 7 44 11
81 991 35 11
80 398 39 12
80 627 56 13
80 145 18 5
80 552 27 6
80 219 35 8
80 253 20 5
80 725 30 7
79 693 19 6
79 379 32 9
79 535 24 6
79 391 23 8
79 553 19 7
78 746 58 14
78 871 24 7
78 891 43 11
78 594 26 7
78 946 50 12
78 995 31 9
78 701 38 9
78 427 22 6
77 400 17 4
77 782 60 14
77 744 74 17
77 314 65 13
77 645 87 22
77 929 119 27
76 118 24 7
76 625 14 4
76 282 10 3
76 646 18 4
75 167 16 4
75 581 47 13
75 937 58 16
75 486 36 12
75 516 18 6
75 670 42 8
74 939 63 12
74 572 53 18
74 517 29 7
74 705 42 9
74 488 33 9
73 310 40 8
73 376 48 10
73 500 41 10
73 736 49 12
73 89 72 23
73 230 28 8
73 492 50 12
73 346 41 10
73 847 28 10
72 341 51 11
72 962 82 30
72 392 40 15
72 150 55 13
71 384 68 19
71 425 56 17
71 209 33 8
71 769 51 13
71 63 18 6
71 696 44 10
70 343 58 11
70 596 43 9
70 20 35 10
70 818 29 9
70 187 53 12
70 814 42 12
69 969 32 9
69 984 17 4
69 982 40 9
69 886 15 4
69 527 48 11
69 244 56 14
68 331 19 6
68 464 31 10
68 298 8 3
68 613 42 11
68 380 20 7
68 88 23 7
68 113 46 13
68 143 35 12
67 515 21 7
67 942 3 1
67 959 12 3
67 881 20 6
67 781 14 4
67 234 10 3
66 434 109 20
66 502 30 7
66 504 37 10
66 414 15 5
65 21 14 3
65 505 39 10
65 315 48 11
64 722 37 11
64 911 55 10
64 734 30 8
64 128 24 8
64 431 8 2
63 209 38 10
63 720 35 9
63 71 18 5
63 696 31 10
63 832 41 11
63 732 51 14
63 949 54 13
62 159 36 9
62 639 44 12
62 359 18 5
62 247 31 7
62 291 21 6
61 879 3 1
61 174 40 9
61 84 41 8
61 265 41 8
60 529 3 1
60 548 25 7
60 368 24 6
60 381 24 6
59 695 27 6
59 730 19 6
59 229 37 8
59 232 64 16
59 26 49 15
59 825 53 13
58 22 31 6
58 290 26 8
58 525 9 3
58 333 50 14
57 556 24 7
57 197 44 14
57 832 46 10
57 366 47 11
57 898 42 10
57 29 9 3
57 866 37 7
56 694 22 5
56 611 36 8
56 974 54 10
56 391 65 14
56 919 41 14
55 924 13 3
55 801 23 5
55 558 5 1
55 37 26 7
55 560 63 18
55 878 60 16
54 439 26 6
54 333 32 7
54 317 37 11
54 737 45 12
54 176 33 11
54 2 43 16
54 617 71 19
53 420 56 12
53 847 21 7
53 346 35 11
53 373 10 3
53 409 52 12
52 382 11 4
52 866 23 5
52 952 46 13
52 251 32 8
51 826 18 5
51 911 6 2
51 506 31 10
51 722 56 15
50 481 35 8
50 95 42 15
50 949 42 11
50 720 11 4
49 390 52 10
49 905 25 6
49 348 26 6
49 433 21 6
49 706 44 11
49 441 34 8
48 440 55 17
48 24 22 6
48 21 342 114
48 698 374 92
48 82 297 73
48 132 197 58
48 340 157 37
48 816 103 28
48 544 48 10
47 992 44 10
47 260 42 9
47 472 31 7
47 494 13 3
47 305 15 5
47 227 45 11
47 813 39 15
46 539 25 8
46 941 21 5
46 420 30 9
46 511 18 6
46 601 28 8
46 373 58 15
46 23 73 23
46 400 77 18
46 948 71 16
46 744 73 25
45 989 26 9
45 792 19 4
45 205 29 7
45 491 88 22
44 258 20 5
44 679 18 7
44 807 12 3
44 383 9 3
44 853 23 5
44 272 13 3
43 893 21 6
43 493 26 8
43 956 21 7
43 453 2 1
43 102 47 16
43 823 46 14
42 640 14 3
42 821 25 6
42 267 16 4
42 668 18 6
42 254 25 7
41 835 23 7
41 490 37 12
41 442 31 6
41 531 15 4
41 852 18 4
41 378 18 5
41 642 17 6
40 759 34 7
40 164 37 11
40 914 50 11
40 474 29 9
40 200 28 7
40 280 56 12
40 638 50 13
39 388 37 10
39 810 64 18
39 784 41 13
39 467 44 13
39 717 45 12
39 976 26 9
38 345 45 15
38 809 40 9
38 418 37 10
38 22 49 10
38 289 27 8
38 735 18 5
38 196 35 9
38 637 40 9
37 265 49 12
37 204 26 6
37 558 32 8
37 55 28 8
37 201 31 11
37 170 43 10
37 957 33 11
37 878 62 17
36 487 32 8
36 294 33 10
36 86 39 11
36 563 25 6
36 761 22 5
35 30 26 7
35 873 33 8
35 221 64 17
35 859 52 15
35 335 17 4
34 687 59 17
34 8 74 19
34 751 70 18
34 758 49 13
34 162 2 1
34 156 50 11
33 442 30 6
33 531 26 8
33 642 37 10
33 683 14 4
33 141 32 7
33 104 41 8
33 930 55 13
33 263 41 12
32 299 31 10
32 844 52 15
32 415 58 14
32 122 43 9
32 300 47 12
32 483 47 14
32 884 25 7
31 668 70 17
31 811 58 17
31 192 47 13
31 466 25 7
31 413 56 12
31 498 45 13
30 90 56 16
30 557 38 10
30 797 62 11
30 421 48 10
30 578 58 17
30 873 37 11
30 35 26 6
30 221 61 12
29 832 36 11
29 732 61 15
29 738 90 25
29 866 26 7
29 57 7 3
28 576 39 8
28 367 24 6
28 452 25 8
28 809 12 3
28 345 22 5
27 121 59 20
27 466 72 15
27 498 49 13
27 352 17 6
27 599 38 9
27 97 28 11
27 271 31 11
26 730 45 12
26 631 29 9
26 59 57 15
26 825 34 8
26 288 77 18
26 598 57 14
25 907 36 8
25 312 36 9
25 196 31 11
25 609 61 18
25 871 65 14
25 573 31 10
25 746 44 13
24 440 51 12
24 93 35 8
24 116 31 9
24 902 43 10
24 544 32 12
24 48 20 5
23 46 84 20
23 409 9 3
23 373 35 10
23 463 14 3
23 400 60 16
23 782 24 7
22 262 42 12
22 535 40 14
22 345 43 13
22 333 62 16
22 38 39 11
22 58 25 6
22 735 42 13
22 290 36 11
21 440 424 116
21 48 441 86
21 698 45 10
21 101 40 15
21 505 44 10
21 65 12 3
20 140 15 5
20 343 36 8
20 259 21 6
20 1000 41 12
20 70 40 10
20 818 41 9
19 389 56 13
19 794 40 11
19 823 61 13
19 650 51 15
19 513 26 6
19 134 34 10
19 695 82 17
18 762 45 10
18 417 33 8
18 961 8 3
18 745 15 4
18 473 13 5
17 318 45 10
17 174 49 10
17 84 54 14
17 520 47 15
17 470 40 10
17 279 63 19
17 454 55 15
16 876 34 10
16 372 25 7
16 198 49 17
16 462 56 15
16 189 27 6
16 685 26 6
16 827 23 5
16 349 43 13
15 405 64 14
15 726 60 14
15 94 36 9
15 551 41 8
15 554 17 4
15 110 24 8
14 124 76 20
14 565 168 35
14 529 11 4
14 381 41 10
14 610 32 8
14 548 28 7
14 654 25 5
13 327 16 3
13 213 63 15
13 423 48 10
13 943 42 12
13 146 17 4
13 760 30 8
12 806 29 9
12 328 9 2
12 860 27 7
12 214 68 19
12 317 62 22
11 721 35 11
11 444 45 9
11 789 34 6
11 921 22 5
11 602 19 6
10 484 24 7
10 990 39 13
10 144 38 10
10 788 34 7
10 868 44 12
10 394 45 12
9 714 51 10
9 281 16 4
9 945 52 10
9 729 85 21
9 429 54 11
8 961 35 11
8 894 25 7
8 664 31 7
8 687 56 12
8 34 75 19
8 751 67 18
8 595 44 11
7 733 41 10
7 81 45 11
7 241 54 13
7 163 47 11
7 991 29 8
7 260 24 7
7 992 20 6
6 885 21 5
6 546 23 5
6 618 47 10
6 468 29 6
6 284 42 14
5 940 38 9
5 861 15 3
5 115 21 5
5 639 58 13
5 181 35 10
5 216 52 18
4 500 22 5
4 310 11 3
4 376 11 3
4 795 56 15
3 738 47 10
3 977 18 4
3 242 47 11
3 915 41 10
3 336 36 10
3 592 22 8
2 54 47 13
2 617 34 8
2 176 29 7
2 741 36 9
2 812 34 11
2 787 33 10
1 129 24 7
1 899 23 8
1 939 14 5
1 255 29 9
1 517 55 14
