nnodes narcs source target drone_limit type
1000 5958 939 362 331 drone_routing_pli_project1
nodename posx posy
1000 951.369 340.673
999 968.17 987.302
998 827.745 788.224
997 107.073 485.395
996 974.386 291.305
995 690.646 754.229
994 696.088 455.374
993 352.845 523.781
992 174.93 420.565
991 185.969 856.622
990 558.393 423.895
989 658.061 888.074
988 775.693 662.652
987 752.17 74.8777
986 275.503 63.6758
985 337.48 360.687
984 763.302 329.576
983 622.455 736.365
982 312.977 514.058
981 620.132 926.35
980 197.66 508.049
979 130.585 651.295
978 988.791 689.508
977 491.982 368.615
976 16.3621 705.187
975 618.283 77.1954
974 70.6463 874.047
973 898.947 675.968
972 206.61 100.887
971 826.462 207.819
970 933.696 895.615
969 605.274 804.625
968 729.712 148.563
967 16.9319 214.529
966 299.025 614.71
965 929.07 861.717
964 939.718 618.429
963 669.907 619.182
962 726.575 673.565
961 97.2507 7.88884
960 437.946 498.856
959 295.001 747.254
958 533.247 132.791
957 76.4351 332.472
956 349.059 461.303
955 679.52 198.443
954 647.754 771.807
953 444.357 627.209
952 892.107 853.179
951 777.776 679.195
950 98.3633 447.574
949 168.07 376.144
948 851.337 410.475
947 418.742 167.583
946 357.979 993.037
945 50.7697 389.609
944 126.807 78.3391
943 76.7784 225.689
942 643.092 692.362
941 98.3027 339.376
940 963.767 492.77
939 111.287 338.135
938 478.951 394.453
937 139.425 999.848
936 722.474 810.425
935 136.015 437.599
934 402.87 819.407
933 710.663 266.83
932 156.553 676.048
931 527.394 279.173
930 580.9 574.494
929 487.099 10.6935
928 118.198 188.34
927 523.654 45.1133
926 360.193 826.863
925 404.695 524.918
924 402.47 765.118
923 902.604 500.014
922 370.169 479.667
921 77.757 753.808
920 80.6429 817.382
919 855.841 173.686
918 720.194 66.3759
917 166.902 624.796
916 153.975 119.501
915 400.793 424.967
914 119.786 415.043
913 998.406 671.086
912 684.5 708.948
911 489.374 834.438
910 369.439 439.888
909 975.053 709.505
908 728.361 64.116
907 883.171 187.487
906 635.976 192.019
905 151.647 636.282
904 409.934 192.485
903 869.959 341.391
902 235.909 544.26
901 775.047 420.055
900 331.379 113.998
899 994.972 521.066
898 303.605 596.951
897 609.167 106.785
896 212.517 45.7436
895 172.758 57.8551
894 718.134 72.3033
893 479.575 105.34
892 199.83 384.128
891 831.545 274.208
890 3.4925 614.23
889 680.374 195.37
888 671.091 339.463
887 121.962 124.325
886 601.447 28.8119
885 687.791 590.695
884 593.581 805.486
883 695.577 326.83
882 944.601 87.4176
881 20.402 1.7776
880 569.047 742.561
879 126.088 70.2291
878 129.327 570.191
877 75.2022 969.957
876 617.473 18.4054
875 707.158 935.443
874 704.033 752.021
873 351.701 793.966
872 514.486 283.926
871 115.74 461.867
870 147.81 526.276
869 653.016 135.867
868 103.595 64.3268
867 278.406 784.439
866 17.8304 823.502
865 623.434 878.875
864 454.725 816.91
863 720.533 988.89
862 490.914 912.937
861 346.143 13.659
860 34.3921 247.051
859 714.378 270.845
858 115.534 574.125
857 682.898 252.548
856 190.617 682.611
855 671.917 641.661
854 25.072 994.058
853 589.084 712.677
852 237.069 784.579
851 451.982 799.874
850 641.474 582.215
849 783.186 369.459
848 246.165 318.045
847 568.604 881.837
846 20.5246 701.487
845 888.924 60.8676
844 329.773 122.631
843 698.599 118.629
842 455.76 587.451
841 501.31 620.877
840 698.879 805.289
839 391.325 958.525
838 767.649 471.555
837 554.646 236.987
836 150.004 30.9441
835 482.158 965.295
834 857.939 135.756
833 891.007 362.132
832 826.369 607.704
831 403.639 772.346
830 606.19 806.75
829 41.9761 465.373
828 145.744 853.442
827 374.353 561.161
826 26.2916 447.405
825 944.442 578.601
824 674.618 989.32
823 325.502 939.759
822 785.362 121.142
821 613 988.118
820 459.754 533.362
819 398.749 722.831
818 715.733 191.919
817 687.029 530.278
816 903.423 863.487
815 916.323 959.983
814 822.793 678.161
813 259.746 779.493
812 687.517 284.443
811 885.467 621.944
810 507.293 103.367
809 479.586 964.764
808 514.465 66.8712
807 354.226 636.863
806 280.276 679.309
805 90.9683 717.465
804 539.304 29.2668
803 284.198 469.772
802 152.129 619.642
801 352.054 738.519
800 317.472 304.908
799 48.2329 158.027
798 124.298 812.406
797 631.345 177.142
796 886.808 975.836
795 197.238 654.018
794 803.065 979.325
793 442.975 936.225
792 239.957 264.788
791 770.083 483.665
790 89.3181 817.965
789 732.308 261.014
788 924.839 953.499
787 144.275 105.173
786 176.6 459.722
785 868.977 828.094
784 835.982 642.089
783 242.421 947.295
782 711.759 882.291
781 43.7255 130.797
780 428.539 379.302
779 820.652 919.765
778 938.375 689.665
777 598.463 254.981
776 599.434 77.1236
775 570.056 220.842
774 952.683 915.886
773 245.656 155.766
772 336.58 975.87
771 860.805 517.856
770 855.05 220.681
769 153.732 281.128
768 937.272 247.121
767 151.023 46.3773
766 577.119 25.7764
765 489.39 842.379
764 140.825 611.902
763 368.623 862.115
762 505.573 790.114
761 215.749 204.394
760 908.214 610.32
759 954.157 386.867
758 708.015 740.328
757 747.003 760.07
756 812.914 886.388
755 726.423 515.826
754 594.809 959.792
753 455.78 263.816
752 82.3395 548.072
751 299.903 898.273
750 222.778 795.168
749 18.6316 928.034
748 248.239 327.623
747 444.272 567.164
746 162.482 63.8469
745 168.12 634.329
744 127.062 901.051
743 531.082 875.343
742 910.372 538.793
741 596.699 377.857
740 457.797 328.134
739 61.3722 697.089
738 230.424 649.259
737 528.117 548.515
736 974.961 145.658
735 210.325 73.4404
734 556.95 266.459
733 836.304 856.828
732 988.356 186.59
731 361.23 918.197
730 681.075 842.744
729 549.731 635.194
728 678.922 706.719
727 730.901 58.7561
726 377.972 40.9522
725 130.99 886.786
724 301.443 877.804
723 412.32 761.878
722 410.223 327.553
721 66.8231 814.733
720 310.071 152.568
719 477.657 989.245
718 464.801 808.829
717 43.1239 643.337
716 91.5827 421.926
715 195.976 941.115
714 46.9338 863.802
713 312.417 340.888
712 503.95 268.609
711 924.78 978.629
710 163.72 870.722
709 788.086 370.291
708 774.291 973.895
707 833.214 766.283
706 783.661 535.904
705 920.134 829.038
704 510.431 255.446
703 307.112 445.82
702 555.365 14.3045
701 521.508 294.157
700 624.266 4.27677
699 672.211 841.27
698 109.483 160.71
697 422.032 360.656
696 852.811 547.693
695 751.73 102.085
694 452.517 868.504
693 128.761 253.541
692 294.258 192.555
691 748.166 817.29
690 489.452 539.952
689 567.053 3.85589
688 951.572 999.525
687 6.5091 478.329
686 584.244 287.57
685 465.932 508.305
684 695.086 903.984
683 377.249 231.707
682 283.014 490.574
681 34.3225 339.852
680 318.268 433.102
679 152.392 144.809
678 884.348 823.571
677 251.483 443.297
676 467.265 371.09
675 896.367 709.227
674 444.475 836.553
673 365.486 835.192
672 175.018 795.925
671 936.076 25.6399
670 52.0888 595.937
669 57.8344 131.54
668 524.721 950.919
667 810.457 52.8082
666 798.48 795.801
665 190.334 149.598
664 605.05 423.245
663 609.849 460.43
662 803.156 116.619
661 102.077 971.683
660 401.053 79.1213
659 859.037 1.61014
658 933.469 445.738
657 69.9116 719.248
656 589.799 151.6
655 415.277 915.397
654 478.857 879.474
653 785.037 864.585
652 378.811 791.971
651 763.714 683.352
650 6.08518 201.138
649 531.343 205.367
648 537.996 279.585
647 97.476 496.295
646 931.489 772.468
645 177.914 643.861
644 632.274 937.407
643 668.398 38.4032
642 999.503 487.833
641 118.584 647.947
640 162.237 621.944
639 86.6768 665.509
638 853.86 621.282
637 905.707 725.247
636 864.179 446.196
635 533.904 742.966
634 228.64 45.8714
633 533.325 414.455
632 808.49 153.077
631 233.811 815.656
630 970.938 422.924
629 126.643 189.609
628 166.871 284.311
627 998.69 408.68
626 135.229 545.732
625 190.262 283.367
624 594.016 986.058
623 236.828 602.033
622 761.584 77.9362
621 556.847 764.461
620 88.3582 957.613
619 467.441 85.9999
618 665.71 451.174
617 760.952 252.369
616 959.166 683.258
615 144.467 186.264
614 628.35 679.794
613 739.439 418.814
612 133.726 689.935
611 439.207 348.693
610 774.92 312.328
609 530.475 911.079
608 488.532 144.663
607 574.2 793.477
606 683.298 670.082
605 7.31571 536.223
604 182.381 645.665
603 336.83 486.791
602 848.541 922.617
601 641.122 468.118
600 106.906 569.989
599 531.069 235.369
598 567.824 418.06
597 838.795 880.856
596 551.602 817.905
595 349.37 585.349
594 87.2828 23.1003
593 547.319 772.393
592 5.53026 240.676
591 964.13 301.495
590 974.438 33.184
589 555.381 821.439
588 686.859 453.332
587 49.2486 516.348
586 145.764 487.836
585 256.021 918.414
584 904.106 117.865
583 447.226 171.121
582 788.487 469.207
581 560.837 527.918
580 709.364 134.811
579 795.832 121.091
578 569.058 173.856
577 176.778 275.51
576 504.013 502.446
575 620.81 247.999
574 17.7748 228.431
573 570.803 105.68
572 301.344 892.902
571 187.169 110.432
570 819.885 869.348
569 655.709 30.7711
568 238.237 253.271
567 281.531 70.3857
566 928.054 224.709
565 532.174 882.184
564 659.473 967.308
563 71.6099 460.185
562 939.398 23.6305
561 517.584 585.574
560 673.44 309.635
559 256.306 198.674
558 52.3638 613.802
557 181.449 310.835
556 496.965 89.3975
555 881.009 329.05
554 134.555 192.531
553 190.249 395.52
552 169.678 514.097
551 447.597 232.958
550 992.167 649.668
549 441.281 206.954
548 324.77 406.868
547 297.253 776.415
546 835.025 382.742
545 235.605 93.6428
544 653.201 981.765
543 686.606 362.895
542 178.275 875.287
541 104.439 280.682
540 492.354 421.657
539 513.811 807.352
538 12.6161 728.76
537 361.357 986.723
536 607.832 512.11
535 281.117 102.189
534 9.51416 206.614
533 504.406 181.663
532 718.538 562.193
531 604.039 522.182
530 806.174 186.003
529 237.765 264.553
528 640.374 789.42
527 394.695 110.058
526 37.1057 718.256
525 121.826 520.355
524 92.8445 261.076
523 757.955 397.93
522 744.94 173.69
521 693.591 511.998
520 225.526 367.983
519 643.963 252.014
518 112.735 189.459
517 326.021 580.804
516 777.846 659.282
515 399.2 979.015
514 113.317 351.089
513 115.495 363.698
512 485.767 688.096
511 550.675 302.311
510 668.27 719.002
509 700.802 689.727
508 892.958 307.998
507 443.906 504.536
506 250.034 960.711
505 125.063 391.248
504 111.689 618.981
503 735.31 940.391
502 545.102 967.604
501 653.786 456.76
500 310.172 489.154
499 213.187 249.477
498 824.66 422.064
497 857.715 562.71
496 778.235 274.721
495 988.898 943.692
494 41.0761 836.416
493 258.438 350.689
492 342.171 25.7744
491 760.982 607.191
490 384.442 109.542
489 417.69 864.293
488 662.315 99.2956
487 609.798 729.14
486 92.9841 640.209
485 528.063 326.539
484 553.313 703.226
483 628.954 190.49
482 714.438 498.056
481 333.346 924.048
480 917.28 466.816
479 642.148 645.68
478 762.58 83.8433
477 570.959 468.34
476 173.956 672.462
475 290.17 478.708
474 803.915 109.994
473 86.9728 727.418
472 209.7 293.049
471 902.715 670.194
470 444.096 600.615
469 325.951 862.422
468 848.567 456.352
467 793.286 788.055
466 461.972 947.101
465 43.3573 764.494
464 673.938 404.328
463 932.839 409.139
462 461.222 861.077
461 827.539 166.089
460 698.116 430.195
459 368.953 592.625
458 875.369 340.884
457 351.304 198.815
456 889.972 659.944
455 262.223 558.254
454 971.521 510.921
453 199.851 586.506
452 927.203 897.512
451 10.1513 473.391
450 651.52 405.127
449 642.34 897.554
448 739.941 74.1049
447 621.255 222.683
446 346.244 446.519
445 828.644 234.651
444 456.39 132.201
443 288.19 222.535
442 139.625 524.107
441 600.814 412.941
440 248.889 433.57
439 988.608 749.85
438 443.522 186.719
437 410.567 69.1658
436 310.215 8.16307
435 916.081 880.463
434 72.9074 560.114
433 729.616 254.763
432 765.16 157.034
431 610.816 977.437
430 442.891 149.488
429 828.89 894.961
428 741.345 87.4792
427 821.006 732.83
426 824.927 713.861
425 885.738 43.7776
424 85.9302 392.375
423 380.562 48.8075
422 159.132 891.989
421 54.9398 131.412
420 321.347 288.243
419 737.592 544.937
418 822.935 221.388
417 409.876 385.901
416 383.334 597.84
415 210.378 198.21
414 3.38657 622.697
413 524.442 314.987
412 478.543 503.133
411 583.73 560.844
410 911.242 321.032
409 924.325 556.996
408 36.6587 103.283
407 288.497 158.123
406 9.52077 544.142
405 688.003 551.161
404 213.41 789.829
403 130.629 44.5211
402 707.568 174.091
401 123.348 338.114
400 726.075 397.528
399 353.559 91.068
398 593.7 834.871
397 684.94 380.449
396 972.003 4.35726
395 728.854 390.412
394 245.342 672.734
393 130.27 591.034
392 393.372 137.972
391 374.894 198.243
390 965.153 329.226
389 339.682 773.41
388 907.871 998.46
387 102.043 80.7269
386 444.915 318.795
385 245.498 413.937
384 925.161 128.497
383 275.106 407.321
382 356.084 203.533
381 929.961 219.454
380 12.925 752.087
379 470.031 16.8265
378 206.669 607.004
377 159.684 967.07
376 664.03 761.813
375 581.674 791.75
374 488.715 227.288
373 426.014 124.316
372 847.733 62.1039
371 513.104 2.0313
370 168.973 596.279
369 956.266 308.227
368 103.1 672.297
367 144.282 623.911
366 947.403 387.944
365 150.006 981.02
364 851.713 658.297
363 939.095 403.204
362 423.975 602.655
361 477.587 827.912
360 369.467 595.453
359 304.61 214.457
358 373.834 947.886
357 54.9049 29.1865
356 463.687 867.792
355 665.039 268.446
354 734.17 197.456
353 878.825 124.004
352 351.988 680.05
351 155.292 940.206
350 653.233 242.192
349 72.0197 367.526
348 533.267 198.958
347 875.121 428.256
346 42.752 944.286
345 443.941 405.79
344 578.884 749.069
343 774.766 112.902
342 509.574 775.766
341 226.418 734.367
340 753.549 465.903
339 466.606 357.491
338 320.676 558.461
337 987.877 767.193
336 200.635 255.523
335 574.737 591.206
334 177.755 428.449
333 469.449 421.051
332 95.5648 324.653
331 645.511 825.471
330 43.4372 422.442
329 419.209 919.051
328 683.62 929.266
327 146.966 288.258
326 70.7098 826.688
325 427.589 33.0467
324 474.983 342.104
323 683.695 611.579
322 840.504 640.895
321 287.481 220.277
320 69.9861 360.864
319 246.103 977.148
318 609.417 190.372
317 516.821 63.6295
316 131.516 968.847
315 99.1157 813.695
314 110.4 68.9424
313 389.445 97.7647
312 909.208 18.6409
311 795.296 46.6425
310 633.787 213.411
309 121.778 494.96
308 451.497 36.9514
307 770.963 526.802
306 644.384 997.225
305 758.407 194.855
304 216.809 444.983
303 51.2736 109.519
302 62.3845 786.671
301 788.86 891.412
300 214.108 653.813
299 751.38 919.125
298 551.712 427.351
297 610.92 838.236
296 65.7089 627.993
295 315.639 615.832
294 718.962 621.837
293 632.549 700
292 491.722 613.144
291 785.502 983.125
290 29.4301 121.334
289 75.0255 663.101
288 665.675 794.6
287 829.081 873.481
286 493.772 84.8255
285 404.135 722.729
284 684.822 694.215
283 801.527 488.707
282 769.697 858.613
281 774.273 486.417
280 36.3313 121.2
279 735.235 128.392
278 257.623 797.307
277 922.081 975.738
276 421.98 470.432
275 882.534 915.984
274 47.5738 584.241
273 591.729 768.141
272 629.215 107.944
271 250.888 606.694
270 196.654 814.963
269 813.235 400.059
268 305.343 498.347
267 481.772 394.934
266 782.266 381.847
265 188.2 250.235
264 504.327 612.744
263 429.28 671.2
262 485.791 441.052
261 764.114 138.846
260 732.124 8.19104
259 893.139 929.299
258 114.792 454.96
257 98.8813 613.323
256 916.661 791.109
255 153.193 494.553
254 468.857 983.887
253 731.479 345.912
252 272.536 467.03
251 238.563 432.066
250 295.026 550.286
249 482.664 240.82
248 418.173 437.896
247 244.554 901.387
246 763.304 16.8102
245 811.418 740.428
244 334.663 635.636
243 484.016 349.881
242 921.108 506.533
241 848.299 430.402
240 830.662 477.066
239 827.28 281.824
238 957.534 949.27
237 716.155 372.611
236 96.7167 990.159
235 245.861 903.734
234 824.174 862.383
233 331.651 642.637
232 695.029 595.556
231 330.072 728.678
230 818.781 967.585
229 57.8053 315.26
228 937.167 629.708
227 399.273 223.253
226 141.378 707.202
225 348.265 626.631
224 52.3868 267.333
223 765.885 800.689
222 179.519 653.994
221 888.294 245.98
220 843.196 40.9164
219 750.438 901.971
218 370.178 208.07
217 695.444 512.534
216 662.482 663.754
215 174.783 564.141
214 920.368 842.575
213 194.662 134.928
212 527.959 340.607
211 284.249 750.877
210 446.855 496.752
209 428.078 210.749
208 14.908 196.299
207 366.908 815.202
206 717.464 520.652
205 298.969 502.943
204 237.11 867.631
203 749.225 777.636
202 142.228 850.17
201 82.4324 707.683
200 738.568 687.795
199 352.281 635.341
198 472.266 834.247
197 362.019 964.882
196 475.076 244.985
195 591.367 668.782
194 317.54 348.001
193 72.1187 97.8897
192 264.865 418.203
191 94.1423 682.146
190 591.759 506.208
189 440.129 23.0269
188 131.526 283.301
187 498.672 302.253
186 833.478 440.971
185 330.458 442.442
184 850.078 541.076
183 472.564 867.905
182 537.038 225.576
181 794.15 325.389
180 738.525 346.794
179 68.0198 67.6044
178 155.305 113.451
177 523.467 793.384
176 312.408 616.777
175 595.045 328.292
174 308.225 816.807
173 399.968 853.769
172 838.834 52.7707
171 356.155 21.2448
170 947.06 573.95
169 407.683 974.106
168 89.142 258.548
167 840.812 833.484
166 783.7 247.431
165 859.703 756.398
164 695.813 425.79
163 326.483 154.033
162 197.808 657.09
161 157.035 955.476
160 469.426 137.534
159 275.537 44.0782
158 81.6022 782.744
157 162.817 790.031
156 825.42 877.563
155 453.4 298.588
154 672.893 370.661
153 732.999 917.585
152 108.096 842.839
151 323.205 264.131
150 361.59 846.129
149 996.361 586.305
148 80.7547 633.696
147 995.865 453.655
146 733.183 271.357
145 622.237 336.941
144 176.053 342.723
143 831.831 593.681
142 734.804 393.594
141 553.572 207.226
140 269.619 478.366
139 701.953 552.862
138 815.257 602.77
137 515.957 688.965
136 752.633 43.0297
135 919.765 633.08
134 200.022 861.133
133 40.0372 704.629
132 535.572 938.018
131 956.085 955.219
130 115.512 379.259
129 755.192 605.614
128 315.459 688.93
127 239.29 141.499
126 773.964 993.489
125 326.655 648.439
124 982.944 275.183
123 630.671 184.709
122 271.159 849.256
121 616.238 577.999
120 433.228 606.091
119 544.235 301.93
118 233.718 112.918
117 448.597 838.595
116 276.266 913.515
115 153.88 696.293
114 81.0752 21.644
113 760.455 543.82
112 16.9154 27.3448
111 698.325 495.045
110 139.26 636.559
109 899.502 665.466
108 194.609 165.129
107 555.246 695.701
106 559.478 188.758
105 422.65 949.482
104 734.852 500.972
103 510.986 734.242
102 54.0244 900.981
101 920.114 833.616
100 371.272 381.337
99 500.848 290.332
98 865.393 629.634
97 162.279 126.713
96 447.152 626.677
95 37.3174 164.238
94 131.516 602.526
93 230.585 413.751
92 699.319 897.891
91 579.761 498.613
90 900.889 927.087
89 251.655 73.5505
88 764.962 615.351
87 228.959 275.534
86 485.904 412.018
85 905.66 437.693
84 133.399 395.801
83 353.518 895.161
82 621.036 582.209
81 25.4143 979.522
80 89.9873 418.731
79 72.569 737.109
78 14.5932 572.455
77 341.965 501.234
76 868.353 548.843
75 930.281 919.098
74 348.572 859.891
73 765.432 84.8765
72 739.778 425.031
71 602.629 999.687
70 590.719 538.252
69 516.618 89.7065
68 125.046 78.8397
67 75.4573 122.849
66 636.227 48.9512
65 945.429 713.701
64 14.2393 966.641
63 425.294 71.9057
62 793.554 964.66
61 986.375 591.106
60 23.9189 589.814
59 120.469 888.776
58 469.697 570.474
57 909.466 570.773
56 308.831 136.007
55 640.013 121.756
54 594.783 605.917
53 326.537 211.631
52 276.704 802.099
51 181.401 390.999
50 854.214 617.943
49 308.569 641.987
48 629.926 655.753
47 295.632 805.608
46 668.613 930.768
45 958.834 258.462
44 676.797 57.5151
43 449.237 829.722
42 77.6951 262.774
41 869.674 288.204
40 117.803 799.177
39 767.7 477.191
38 243.705 513.901
37 567.506 504.639
36 618.735 216.69
35 563.419 215.444
34 193.435 208.825
33 321.145 372.362
32 432.736 607.173
31 693.701 678.851
30 664.867 511.938
29 552.795 600.871
28 127.261 319.624
27 330.428 230.363
26 515.31 629.498
25 549.054 509.701
24 109.646 897.715
23 352.918 567.454
22 82.5088 782.54
21 221.073 749.126
20 126.436 630.602
19 299.118 944.346
18 168.46 771.005
17 308.456 780.927
16 236.793 813.963
15 627.672 177.248
14 937.804 455.239
13 660.822 102.847
12 929.278 938.523
11 954.526 412.785
10 988.428 255.41
9 63.8778 498.188
8 63.9737 907.1
7 932.623 672.055
6 161.535 12.5789
5 503.683 608.631
4 178.38 233.77
3 541.861 433.702
2 311.708 267.028
1 783.235 863.673
tail head car_cost drone_cost
1000 390 15 5
1000 369 27 9
1000 759 54 11
1000 366 50 14
1000 833 68 16
1000 410 50 13
999 495 43 12
999 688 18 5
999 131 29 10
999 711 39 13
998 785 61 14
998 165 51 12
998 707 22 5
998 167 46 12
998 467 32 11
998 666 30 9
997 871 22 6
997 309 16 5
997 647 12 4
997 563 49 11
997 950 47 9
996 627 114 36
996 124 21 5
996 45 41 10
996 591 14 5
996 390 45 9
995 874 12 5
995 758 24 7
995 840 61 15
995 288 45 13
995 376 31 7
995 510 46 10
994 72 59 15
994 340 56 17
994 482 52 14
994 460 27 6
994 588 9 3
994 111 47 10
993 925 54 13
993 922 48 10
993 827 51 10
993 23 50 10
993 338 43 12
993 77 22 8
993 982 45 12
992 553 32 9
992 51 31 7
992 84 40 11
992 935 51 11
992 334 9 2
991 270 46 9
991 134 15 5
991 542 19 5
991 828 36 9
991 710 24 7
990 598 11 3
990 633 31 8
990 298 8 2
990 477 38 12
989 92 47 9
989 684 33 11
989 782 49 12
989 730 58 11
989 699 57 13
989 865 32 11
989 449 17 5
989 46 51 13
988 516 4 1
988 651 24 6
988 951 14 5
988 88 51 12
988 962 51 12
987 136 28 7
987 478 16 4
987 622 9 3
987 428 18 5
987 727 30 6
987 448 15 4
986 159 22 5
986 89 24 6
986 567 9 2
985 722 68 18
985 100 44 10
985 548 48 12
985 33 18 6
985 800 58 13
985 194 20 6
984 181 29 8
984 610 22 5
984 849 49 13
984 180 35 9
984 146 61 18
984 253 34 10
983 376 49 11
983 510 48 15
983 293 32 10
983 954 39 13
983 487 16 4
983 273 40 11
982 993 48 11
982 77 27 8
982 338 43 10
982 250 38 10
982 500 24 6
982 205 19 4
982 268 19 5
981 449 34 10
981 865 52 14
981 644 18 5
981 847 74 18
981 754 50 10
980 38 45 11
980 304 59 14
980 902 55 14
980 215 69 18
980 552 31 7
980 255 51 13
980 786 60 13
979 932 38 11
979 905 27 6
979 110 18 5
979 20 21 6
979 641 14 3
979 368 32 9
979 612 44 9
978 913 23 5
978 439 70 18
978 616 34 8
978 909 21 6
977 212 54 12
977 633 57 17
977 267 27 9
977 676 30 6
977 938 24 7
977 243 21 6
977 339 32 7
976 526 28 6
976 846 6 2
976 414 93 23
976 538 26 8
975 488 51 14
975 66 37 10
975 272 32 9
975 886 57 13
975 776 18 6
975 897 27 9
974 24 45 10
974 152 57 14
974 59 46 11
974 326 55 14
974 8 36 10
974 714 31 8
974 102 36 10
973 109 12 3
973 778 42 12
973 675 38 7
973 7 37 11
973 471 7 2
973 456 16 5
973 364 60 12
972 545 27 7
972 735 30 8
972 571 20 5
972 213 36 8
972 118 33 9
971 919 49 13
971 461 44 11
971 530 32 9
971 418 13 4
971 770 37 8
970 774 23 9
970 75 21 7
970 452 6 2
970 965 30 8
970 435 21 6
969 528 38 12
969 884 14 4
969 830 3 1
969 273 43 9
969 375 30 8
968 432 37 10
968 261 36 11
968 279 22 6
968 522 26 9
968 580 21 8
968 402 37 9
967 943 60 15
967 860 39 9
967 574 12 5
967 534 12 3
967 208 22 5
966 176 16 4
966 898 17 5
966 271 50 14
966 49 26 7
965 337 90 34
965 774 68 17
965 970 41 8
965 435 25 6
965 705 31 11
965 101 24 6
965 816 27 8
965 214 25 6
964 825 38 10
964 550 51 17
964 61 52 14
964 228 13 3
964 760 30 10
964 135 22 7
963 323 17 5
963 885 33 10
963 855 23 5
963 850 45 11
963 479 32 9
962 988 47 13
962 651 33 12
962 88 62 20
962 200 19 5
962 509 27 8
962 31 34 8
962 606 48 11
962 294 44 15
961 6 73 17
961 436 207 55
961 836 63 15
961 881 86 22
961 114 25 5
961 403 41 15
961 594 20 6
960 210 8 3
960 507 9 2
960 925 44 13
960 276 28 9
959 389 59 16
959 231 32 12
959 128 51 15
959 17 31 9
959 806 64 20
959 547 25 8
959 211 13 3
958 656 61 14
958 578 62 13
958 573 44 11
958 106 56 15
958 348 62 19
958 533 51 13
958 69 53 13
958 810 35 9
958 608 39 10
957 332 18 5
957 320 31 9
957 941 25 6
957 681 39 11
957 229 29 8
956 910 29 9
956 922 31 7
956 603 28 9
956 185 31 8
956 446 17 4
955 818 37 11
955 889 4 1
955 857 53 14
955 350 56 12
955 310 43 13
955 906 38 11
954 288 29 8
954 376 21 5
954 528 19 6
954 273 50 15
954 983 39 10
953 96 4 1
953 263 40 11
953 32 28 7
953 362 32 7
952 214 32 8
952 101 38 8
952 816 15 5
952 275 69 18
952 678 33 10
952 597 57 17
952 785 38 9
952 733 57 14
951 426 53 14
951 814 38 12
951 516 17 5
951 988 15 5
951 245 68 19
951 651 14 4
950 258 21 5
950 871 19 6
950 914 45 9
950 997 36 12
950 716 24 7
950 563 34 9
949 892 36 9
949 144 36 8
949 51 22 6
949 84 40 9
949 505 51 10
949 513 59 14
949 401 67 15
948 833 63 18
948 347 31 8
948 241 24 6
948 498 33 7
948 269 33 9
948 546 36 8
947 583 33 7
947 430 33 8
947 373 48 13
947 438 29 9
947 904 31 6
947 391 60 13
947 392 36 12
946 71 276 65
946 719 135 27
946 515 52 11
946 537 6 2
946 937 188 47
946 772 31 8
946 319 128 29
945 80 42 15
945 424 30 10
945 681 52 13
945 330 36 10
945 349 34 8
945 320 35 8
944 746 44 11
944 787 36 8
944 68 2 1
944 879 10 3
943 518 43 11
943 693 63 16
943 168 38 9
943 42 43 9
943 224 56 14
943 860 51 13
943 967 59 14
943 799 71 20
943 95 68 19
943 208 68 21
942 728 46 10
942 284 42 10
942 216 38 10
942 614 16 6
942 293 11 4
942 510 33 10
941 939 16 3
941 514 18 6
941 513 35 8
941 349 41 10
941 332 17 4
941 957 21 6
941 320 38 9
940 642 34 8
940 147 52 13
940 454 17 5
940 242 47 11
940 14 48 13
940 480 54 15
939 401 14 3
939 28 27 7
939 332 21 6
939 514 12 4
939 941 14 4
938 977 34 8
938 86 21 5
938 267 4 1
938 333 32 7
938 345 44 9
938 676 28 8
937 71 540 123
937 946 185 46
937 319 122 32
937 365 25 6
937 854 128 25
937 316 30 8
937 236 53 13
936 203 40 10
936 691 31 6
936 782 74 22
936 874 63 14
936 840 26 6
936 730 44 13
935 786 54 14
935 334 45 10
935 992 51 11
935 586 50 16
935 871 37 8
935 84 50 10
935 258 31 6
935 914 32 9
934 864 60 12
934 43 52 11
934 851 52 16
934 831 42 12
934 674 47 12
934 173 32 10
934 673 49 11
934 207 34 10
934 652 33 8
933 433 21 6
933 859 6 2
933 812 35 9
933 857 38 7
932 222 34 8
932 476 15 6
932 115 17 5
932 612 27 6
932 905 33 12
932 979 39 9
931 599 38 11
931 648 12 4
931 701 18 4
931 872 15 3
931 704 33 8
931 712 31 7
930 121 35 8
930 411 12 4
930 54 31 10
930 335 20 5
930 29 37 11
930 737 58 13
929 371 31 8
929 927 42 12
929 379 22 5
929 317 54 17
929 861 137 38
929 189 51 13
928 698 25 6
928 629 8 3
928 518 6 2
927 573 63 20
927 317 20 6
927 776 71 23
927 804 22 6
927 371 49 9
927 929 52 13
926 673 10 3
926 207 12 4
926 150 18 6
926 74 32 8
926 873 34 10
926 174 49 15
926 469 42 13
925 820 64 12
925 507 46 14
925 960 39 11
925 276 58 14
925 747 58 18
925 827 54 11
925 993 53 14
925 922 49 12
924 723 11 3
924 831 7 2
924 652 43 11
924 819 37 12
924 801 47 15
923 242 17 6
923 480 35 10
923 742 44 9
923 771 50 14
923 636 69 18
923 468 76 15
922 276 60 15
922 925 65 12
922 993 40 14
922 910 38 9
922 77 38 10
922 603 32 10
922 956 30 7
921 40 66 16
921 22 24 9
921 473 32 7
921 158 26 9
921 302 43 11
921 465 40 11
921 79 19 4
920 22 30 9
920 158 30 9
920 790 11 3
920 721 16 5
920 326 13 4
919 907 34 7
919 834 46 9
919 770 52 12
919 461 24 9
919 971 46 12
918 727 14 4
918 894 7 2
918 908 8 3
918 643 61 16
918 44 42 13
917 378 50 13
917 604 25 6
917 645 19 5
917 370 24 6
917 745 10 2
917 640 5 2
916 97 10 3
916 178 7 2
916 679 25 7
916 787 15 5
916 887 30 8
915 345 52 14
915 417 37 11
915 248 26 5
915 100 46 11
915 910 35 10
914 505 24 7
914 84 27 6
914 935 30 8
914 258 40 11
914 80 31 7
914 424 49 9
914 950 33 11
914 716 29 8
913 642 174 49
913 495 264 57
913 149 101 21
913 550 24 7
913 439 73 19
913 337 101 27
913 616 35 9
913 978 19 6
912 509 23 6
912 284 18 5
912 758 47 10
912 510 23 4
912 728 6 2
911 539 35 11
911 765 8 3
911 361 13 3
911 198 18 5
910 276 72 16
910 248 49 11
910 915 29 10
910 100 55 16
910 922 35 9
910 956 28 9
910 446 26 6
910 548 59 14
909 978 22 7
909 439 50 11
909 616 29 7
909 65 34 8
908 727 6 2
908 918 8 3
908 448 19 4
908 894 11 4
907 566 59 14
907 381 62 16
907 384 68 18
907 221 61 15
907 770 47 13
907 919 27 8
907 353 73 14
907 834 60 17
906 889 43 11
906 310 19 5
906 955 43 12
906 797 15 5
906 123 10 3
906 483 6 2
905 745 20 4
905 222 32 9
905 645 29 8
905 640 16 4
905 802 16 5
905 367 17 5
905 110 11 4
905 932 44 10
905 979 31 7
904 438 30 9
904 947 25 8
904 209 25 7
904 391 40 10
904 227 33 9
903 555 19 4
903 458 6 2
903 833 33 8
903 546 54 16
903 181 73 19
903 41 60 13
903 239 62 21
902 455 36 9
902 38 36 8
902 623 48 15
902 453 53 13
902 980 55 15
902 215 71 15
901 498 59 12
901 269 48 13
901 266 35 12
901 582 53 13
901 838 61 16
901 340 58 13
901 72 31 11
901 613 35 11
901 523 31 7
900 844 8 3
900 490 59 16
900 399 37 8
900 56 38 7
900 567 54 19
900 535 48 14
899 642 36 7
899 149 54 18
899 170 68 17
899 454 30 8
898 517 32 7
898 295 23 6
898 338 37 13
898 966 20 4
898 176 23 5
898 271 55 12
898 250 53 12
898 455 58 13
897 975 35 8
897 55 38 10
897 272 17 5
897 656 44 14
897 776 36 9
897 573 43 10
896 634 18 5
896 735 33 6
896 6 49 17
896 895 46 10
895 735 46 12
895 896 35 12
895 746 12 3
895 571 63 15
895 767 20 7
895 6 48 13
895 836 42 9
894 918 6 2
894 428 28 6
894 448 21 7
894 908 13 4
894 843 53 15
894 488 55 18
894 44 37 13
893 810 29 6
893 556 21 6
893 286 28 6
893 608 46 10
893 160 38 7
893 444 39 8
893 619 20 7
892 520 29 9
892 51 17 6
892 93 37 11
892 553 17 5
892 144 46 12
892 949 28 9
891 221 55 19
891 770 62 14
891 445 45 12
891 166 53 14
891 239 10 2
891 41 49 10
890 558 56 14
890 60 35 9
890 78 46 10
890 406 72 20
890 605 71 16
890 687 115 38
890 592 381 104
890 414 8 3
889 955 3 1
889 402 42 9
889 818 31 9
889 906 37 13
889 869 64 16
889 797 57 12
888 543 33 6
888 883 25 7
888 560 32 7
888 145 43 11
888 154 26 9
887 916 32 10
887 787 34 7
887 68 42 11
887 679 44 8
887 698 39 9
887 387 54 10
887 67 47 10
886 975 45 12
886 776 46 11
886 689 49 13
886 766 22 7
886 66 40 12
886 876 21 5
885 532 50 10
885 139 46 11
885 405 34 11
885 323 25 7
885 232 9 3
885 963 36 9
885 850 53 10
884 830 12 3
884 969 14 4
884 398 34 9
884 589 48 12
884 607 23 6
884 375 18 4
883 146 65 16
883 859 56 18
883 812 48 9
883 253 37 13
883 543 44 8
883 560 31 8
883 888 33 8
882 590 62 19
882 671 55 15
882 384 48 12
882 736 62 19
882 845 74 14
882 584 46 13
881 659 830 187
881 371 521 136
881 436 234 59
881 961 90 22
881 114 53 14
881 112 25 6
881 357 36 13
880 853 32 9
880 344 11 4
880 621 24 6
880 635 40 10
880 484 43 13
879 403 28 7
879 746 39 10
879 767 37 7
879 314 15 4
879 68 8 3
879 944 8 3
878 370 56 11
878 215 50 10
878 626 29 8
878 600 25 5
878 393 23 6
878 858 15 5
877 236 25 8
877 661 28 6
877 620 21 5
877 854 66 13
877 346 45 12
877 81 45 15
876 700 18 4
876 569 48 12
876 689 46 13
876 66 38 10
876 886 19 5
875 503 34 7
875 863 65 16
875 153 27 7
875 824 65 18
875 684 33 8
875 328 26 7
875 564 52 16
874 203 45 11
874 936 71 13
874 757 44 10
874 758 14 4
874 995 14 4
874 840 60 14
873 207 29 7
873 652 23 7
873 926 37 9
873 174 43 14
873 389 27 7
873 17 46 12
872 931 13 4
872 701 13 4
872 99 13 5
872 712 20 4
871 586 40 12
871 935 29 8
871 309 32 10
871 258 8 2
871 997 30 7
871 950 27 6
870 552 28 8
870 255 34 8
870 215 51 12
870 442 9 2
870 626 26 6
869 402 69 17
869 580 60 13
869 843 40 13
869 13 39 9
869 889 77 15
869 797 48 14
869 55 16 5
869 15 44 13
868 403 29 7
868 387 17 5
868 314 9 3
868 179 39 11
868 594 46 13
867 547 22 5
867 211 34 8
867 52 15 5
867 47 28 8
867 813 21 5
867 278 26 6
866 721 48 15
866 302 62 13
866 714 56 11
866 494 31 6
866 465 55 16
866 749 120 32
866 380 74 16
866 64 171 37
865 989 33 8
865 699 58 13
865 331 69 16
865 449 32 8
865 981 42 14
865 847 45 17
865 398 54 13
865 297 41 10
864 198 28 6
864 361 24 6
864 718 15 3
864 851 17 5
864 43 16 4
864 934 53 13
863 126 60 12
863 708 62 16
863 503 53 13
863 306 67 22
863 875 64 13
863 824 43 14
862 565 60 16
862 609 38 9
862 132 47 12
862 668 50 11
862 835 48 15
862 466 45 12
862 793 54 13
862 654 29 10
861 929 163 41
861 371 150 46
861 189 109 27
861 436 42 9
861 171 14 3
861 492 11 4
860 943 53 11
860 224 29 8
860 967 39 11
860 592 30 9
860 574 24 7
859 789 25 6
859 433 25 6
859 146 20 6
859 883 64 14
859 933 5 2
859 812 31 7
858 393 22 6
858 878 16 5
858 257 45 13
858 600 9 3
857 433 39 12
857 933 27 7
857 818 73 16
857 812 30 10
857 355 29 6
857 350 37 10
857 955 64 15
856 394 45 16
856 300 31 10
856 162 27 6
856 476 22 6
856 341 55 15
856 115 38 10
855 294 62 13
855 323 37 9
855 606 31 8
855 216 20 7
855 479 26 7
855 963 20 6
854 937 107 27
854 236 70 20
854 877 61 13
854 81 14 3
854 64 26 9
853 293 46 13
853 614 61 16
853 195 38 10
853 487 27 7
853 344 41 11
853 880 34 9
853 484 34 9
853 107 34 10
852 813 22 7
852 278 25 5
852 16 34 9
852 750 15 6
852 21 45 12
852 404 29 7
851 342 73 14
851 762 55 12
851 103 87 20
851 718 15 5
851 864 15 5
851 934 57 13
851 723 61 14
851 831 65 16
850 405 61 16
850 885 38 13
850 30 85 19
850 963 44 11
850 479 58 18
850 82 23 5
850 531 78 21
850 121 28 7
849 181 45 11
849 266 15 4
849 709 5 2
849 523 44 11
849 180 49 14
849 984 44 11
848 800 77 18
848 2 81 23
848 792 51 11
848 87 42 12
848 748 10 3
848 557 78 14
848 472 44 11
847 981 67 17
847 865 56 14
847 398 52 15
847 754 86 20
847 132 61 17
847 589 56 15
847 743 31 8
847 565 42 11
847 609 42 10
846 133 24 6
846 717 51 15
846 414 87 23
846 526 19 7
846 976 7 2
845 671 61 13
845 882 51 15
845 312 40 12
845 584 53 14
845 353 69 16
845 425 15 6
845 372 42 10
844 392 76 16
844 490 46 14
844 900 8 3
844 56 29 6
844 163 37 10
843 279 33 11
843 428 43 13
843 894 49 14
843 580 22 5
843 869 42 12
843 488 38 10
843 13 43 10
842 58 25 6
842 292 38 13
842 470 16 4
842 747 23 7
841 26 18 5
841 264 10 3
841 512 64 18
841 96 47 15
841 292 12 4
840 874 56 16
840 936 20 7
840 730 44 12
840 995 53 11
840 288 41 9
840 699 41 13
839 105 29 8
839 329 50 13
839 169 21 6
839 655 47 11
839 515 23 5
839 358 22 6
839 197 27 7
838 582 18 5
838 901 50 14
838 39 6 2
838 340 13 4
837 777 47 11
837 775 21 6
837 35 27 7
837 734 30 9
837 599 20 6
837 182 24 6
836 895 33 11
836 6 20 5
836 961 63 15
836 403 20 7
836 767 13 4
835 668 53 10
835 862 54 16
835 719 25 6
835 466 23 7
835 809 3 1
835 254 22 5
834 919 42 11
834 907 65 13
834 353 26 6
834 461 35 9
834 372 76 21
834 632 52 15
834 662 56 17
834 474 65 16
833 366 75 14
833 363 60 18
833 1000 66 15
833 410 52 13
833 463 70 14
833 347 80 18
833 555 35 9
833 948 65 13
833 458 29 8
833 546 51 16
833 903 25 7
832 638 29 10
832 322 34 10
832 50 27 8
832 143 13 4
832 784 39 11
832 138 13 4
831 851 62 14
831 723 15 4
831 934 50 11
831 924 9 3
831 652 26 8
830 331 40 11
830 528 40 11
830 297 26 8
830 398 36 9
830 884 14 3
830 969 3 1
829 9 43 10
829 563 29 9
829 330 49 11
829 826 20 5
829 451 38 8
829 587 59 15
828 991 43 12
828 270 77 16
828 710 28 8
828 202 5 2
828 725 43 10
827 362 55 15
827 747 70 18
827 925 52 14
827 416 35 10
827 459 35 10
827 993 41 11
827 23 26 6
826 330 27 7
826 681 127 26
826 451 32 9
826 829 25 7
825 61 45 10
825 170 6 2
825 964 43 12
825 760 44 13
825 57 35 10
825 409 25 8
824 863 39 10
824 875 73 16
824 306 29 7
824 564 24 7
824 544 25 6
823 197 51 13
823 358 53 13
823 481 16 4
823 19 25 7
823 772 38 9
822 474 19 6
822 579 10 3
822 343 13 4
822 261 26 6
822 632 36 9
821 306 35 8
821 544 34 9
821 71 13 5
821 431 13 3
821 624 17 5
820 690 27 9
820 685 23 7
820 58 40 9
820 747 41 12
820 925 56 13
820 507 29 8
819 285 6 2
819 723 49 12
819 263 52 16
819 924 51 11
819 801 40 11
819 352 59 14
818 354 23 5
818 522 41 9
818 433 58 20
818 857 81 18
818 955 32 9
818 402 23 6
818 889 36 10
817 139 31 7
817 206 37 7
817 217 20 6
817 521 21 6
817 30 29 7
817 405 25 7
816 965 29 8
816 214 23 7
816 435 20 6
816 952 18 4
816 275 62 12
815 788 13 3
815 277 18 4
815 796 35 11
815 90 35 11
815 259 35 10
814 364 39 9
814 784 34 12
814 426 41 11
814 951 40 11
814 516 49 13
813 211 31 9
813 867 24 6
813 278 20 4
813 852 26 7
813 341 59 15
813 21 58 12
812 859 37 7
812 933 24 6
812 883 37 12
812 857 38 10
812 355 26 8
812 560 32 8
811 57 66 12
811 135 35 10
811 760 21 7
811 98 25 5
811 456 46 11
811 497 63 19
811 50 38 9
810 958 38 12
810 69 16 4
810 608 49 13
810 893 25 6
810 556 21 5
809 835 3 1
809 466 28 6
809 254 19 6
808 317 4 1
808 69 25 5
808 556 30 9
808 286 24 8
808 379 75 14
808 308 61 19
807 263 72 23
807 416 58 11
807 360 41 11
807 225 11 4
807 352 52 11
807 199 3 1
807 233 25 7
806 128 38 10
806 49 41 13
806 959 57 15
806 211 76 15
806 341 74 21
806 394 36 9
805 191 31 9
805 473 11 3
805 612 50 16
805 226 59 11
805 657 20 5
805 201 13 4
804 766 42 10
804 702 24 6
804 371 37 10
804 776 90 19
804 927 20 6
803 703 33 9
803 475 13 3
803 140 14 5
803 252 15 3
802 370 25 7
802 640 13 3
802 905 17 4
802 764 14 3
802 367 10 2
801 924 48 14
801 819 46 11
801 652 64 14
801 389 44 10
801 231 24 6
801 352 64 15
800 985 68 14
800 420 19 5
800 722 83 25
800 194 41 10
800 713 43 11
800 748 81 16
800 848 83 22
800 2 40 10
799 518 80 18
799 698 51 17
799 669 25 7
799 421 33 6
799 781 26 8
799 943 88 16
799 95 14 3
798 157 53 13
798 202 42 11
798 152 38 11
798 315 24 6
798 40 14 4
797 889 63 14
797 869 50 13
797 15 4 1
797 123 9 2
797 906 13 5
796 277 40 8
796 815 31 8
796 259 55 12
796 388 36 7
796 794 78 20
796 602 59 17
796 230 70 18
795 300 18 4
795 378 44 12
795 604 19 5
795 222 16 5
795 162 4 1
794 388 92 24
794 796 93 21
794 230 23 6
794 126 27 8
794 62 21 5
794 291 19 6
793 862 45 16
793 654 67 18
793 694 66 14
793 466 22 6
793 329 28 9
793 105 24 7
792 2 61 20
792 443 73 14
792 568 11 3
792 848 45 15
792 87 15 4
792 529 3 1
791 281 5 2
791 104 39 9
791 39 8 2
790 315 11 4
790 22 32 11
790 152 37 8
790 326 17 5
790 920 9 3
789 617 31 8
789 146 12 3
789 859 18 7
789 433 7 3
788 131 34 8
788 12 18 5
788 711 27 6
788 277 20 7
788 90 30 10
788 815 10 3
787 178 16 3
787 746 39 10
787 916 21 5
787 887 34 9
787 944 29 9
787 68 30 10
786 304 43 13
786 334 30 7
786 980 60 13
786 255 41 12
786 586 40 10
786 935 51 11
785 678 18 4
785 998 66 16
785 165 78 17
785 952 41 8
785 167 28 6
785 733 47 11
784 322 4 2
784 364 26 7
784 814 34 10
784 516 51 18
784 832 32 10
784 138 51 11
783 506 14 4
783 585 33 8
783 235 46 12
783 319 30 8
783 715 41 10
782 219 47 13
782 282 60 15
782 691 67 21
782 936 81 17
782 153 42 12
782 92 21 5
782 730 60 14
782 989 61 15
781 421 12 3
781 303 25 7
781 95 31 10
781 799 27 9
781 280 13 4
781 290 16 5
780 676 35 12
780 611 33 8
780 345 29 9
780 417 21 5
780 697 22 6
779 602 32 8
779 429 28 6
779 230 39 10
779 62 46 16
779 756 29 9
779 299 68 15
779 301 42 13
778 616 18 7
778 65 23 7
778 637 41 14
778 675 46 14
778 7 21 5
778 973 38 12
777 447 36 12
777 36 42 11
777 575 20 5
777 686 35 8
777 734 45 12
777 775 46 13
777 837 57 11
776 975 18 5
776 886 50 12
776 897 35 8
776 766 58 15
776 573 39 12
776 804 70 17
776 927 86 19
775 36 54 14
775 318 47 12
775 106 31 8
775 777 44 14
775 837 24 6
775 35 9 3
774 337 128 35
774 495 52 13
774 238 32 7
774 12 36 10
774 965 66 13
774 970 32 7
774 75 21 6
773 407 35 12
773 559 52 12
773 415 52 17
773 127 17 4
773 108 50 11
772 537 27 7
772 197 28 8
772 946 31 7
772 319 97 24
772 823 39 10
772 19 42 10
771 742 61 15
771 923 46 10
771 76 33 10
771 184 29 8
771 468 60 18
771 240 54 14
771 283 56 20
770 907 51 11
770 919 56 11
770 221 37 12
770 891 70 13
770 445 33 7
770 971 29 9
770 418 35 8
769 577 26 8
769 4 47 16
769 327 9 3
769 628 12 3
769 188 20 7
769 693 31 10
768 45 27 6
768 369 65 14
768 410 89 18
768 381 30 7
768 508 83 20
768 221 42 14
768 566 25 8
767 895 20 5
767 403 19 6
767 836 15 4
767 746 21 5
767 879 32 11
766 886 23 7
766 776 48 17
766 689 22 6
766 804 41 9
766 702 25 7
765 539 41 13
765 743 58 16
765 654 38 8
765 183 33 9
765 911 7 2
765 198 20 5
765 462 40 9
764 802 12 4
764 370 28 9
764 367 11 4
764 393 20 7
764 94 14 3
764 20 29 7
763 655 82 15
763 489 57 12
763 173 28 8
763 673 27 8
763 83 43 11
763 74 18 5
763 150 19 6
762 177 15 6
762 342 14 3
762 539 22 5
762 361 47 15
762 718 54 11
762 851 64 12
761 559 37 11
761 568 44 12
761 499 37 13
761 415 10 2
761 34 23 7
760 825 50 10
760 964 28 9
760 57 44 12
760 811 26 6
760 135 22 7
759 630 41 11
759 627 44 13
759 390 68 14
759 1000 51 12
759 11 27 7
759 366 8 2
758 200 60 14
758 874 13 3
758 757 43 11
758 995 21 6
758 509 52 15
758 510 42 12
758 912 45 10
757 245 59 19
757 651 94 18
757 467 63 16
757 203 22 5
757 200 69 21
757 874 47 12
757 758 46 14
756 429 22 5
756 156 13 5
756 570 17 6
756 779 39 11
756 653 32 10
756 301 21 6
755 307 54 13
755 104 18 5
755 419 28 8
755 206 10 3
755 482 18 7
754 644 50 12
754 981 46 9
754 431 25 6
754 624 29 6
754 502 57 14
754 847 92 18
754 132 60 19
753 99 46 11
753 712 54 14
753 196 28 7
753 155 36 10
753 722 72 17
753 551 38 9
753 683 71 25
753 227 63 17
752 525 47 12
752 647 47 11
752 600 29 8
752 434 14 4
752 587 54 12
752 9 63 12
751 481 45 12
751 572 5 2
751 116 27 8
751 19 54 12
750 16 24 6
750 852 21 5
750 631 26 7
750 404 13 3
750 270 29 9
749 102 47 12
749 714 67 18
749 346 30 8
749 866 103 23
749 64 45 10
748 713 73 14
748 800 85 22
748 493 29 6
748 520 40 14
748 144 62 17
748 848 11 3
748 557 68 17
747 58 24 7
747 842 27 7
747 820 44 11
747 470 29 10
747 362 46 11
747 925 59 14
747 827 60 20
746 571 51 14
746 895 14 4
746 178 43 12
746 787 48 14
746 944 32 11
746 767 23 6
746 879 33 11
745 645 13 3
745 905 19 5
745 917 8 3
745 640 15 3
744 351 41 14
744 422 38 9
744 725 14 4
744 316 66 16
744 59 17 4
744 24 16 5
744 620 67 14
743 589 60 17
743 847 38 10
743 596 51 17
743 565 6 2
743 539 62 19
743 765 44 16
743 654 58 12
742 409 26 6
742 242 40 9
742 57 30 9
742 76 36 10
742 771 61 12
742 923 33 8
741 145 49 15
741 450 71 14
741 175 41 15
741 598 50 14
741 441 29 10
741 633 69 17
741 212 76 22
740 324 26 7
740 187 47 11
740 339 32 8
740 155 26 8
740 611 32 7
740 386 15 4
739 191 43 11
739 201 21 7
739 289 40 9
739 717 58 16
739 657 20 6
739 133 24 6
738 271 46 13
738 623 54 13
738 394 28 7
738 378 41 13
738 300 17 5
737 930 70 15
737 411 67 16
737 581 43 10
737 25 52 13
737 561 32 10
737 29 58 15
737 576 49 14
737 690 45 10
736 732 36 11
736 590 134 26
736 381 82 20
736 384 53 12
736 882 73 16
735 545 30 8
735 896 24 8
735 89 47 12
735 634 33 8
735 972 29 7
735 895 43 10
735 571 49 13
734 777 47 12
734 686 32 8
734 511 40 8
734 648 20 7
734 599 45 9
734 837 33 8
733 952 63 17
733 785 41 12
733 167 22 7
733 597 25 6
733 234 14 4
733 287 20 5
732 627 196 51
732 10 65 21
732 396 184 42
732 590 124 31
732 45 64 19
732 381 81 17
732 736 40 10
731 655 54 14
731 83 24 5
731 481 26 7
731 358 36 10
730 936 57 16
730 840 45 13
730 782 43 14
730 699 8 2
730 989 42 11
729 195 43 14
729 54 54 12
729 29 39 11
729 107 57 17
729 137 69 15
729 26 33 8
728 284 13 4
728 942 43 11
728 510 14 4
728 912 8 2
727 987 25 6
727 136 28 8
727 260 44 12
727 448 20 5
727 908 6 2
727 643 65 18
727 918 15 4
726 325 42 11
726 423 7 3
726 171 28 8
726 492 46 9
725 710 43 10
725 202 42 11
725 828 35 9
725 422 27 8
725 744 13 4
725 152 42 15
725 59 12 3
724 469 31 9
724 572 15 4
724 116 37 13
724 247 54 15
724 122 50 9
723 103 108 27
723 512 111 22
723 851 52 16
723 831 12 4
723 924 13 3
723 285 38 9
723 819 45 10
722 155 48 16
722 753 73 19
722 386 35 10
722 611 30 11
722 697 35 9
722 683 88 24
722 100 72 17
722 985 82 21
722 420 80 24
722 800 96 28
721 920 15 5
721 158 38 9
721 326 13 4
721 494 29 10
721 866 41 13
721 302 32 8
720 163 18 4
720 692 51 11
720 56 18 4
720 407 23 5
719 71 124 34
719 502 75 20
719 668 61 18
719 835 28 6
719 946 111 31
719 254 12 3
719 515 88 20
718 762 53 11
718 851 15 5
718 361 27 7
718 864 12 4
717 289 37 11
717 739 58 14
717 296 33 6
717 558 25 8
717 133 70 14
717 414 50 13
717 846 69 18
716 914 34 8
716 950 28 6
716 80 5 1
716 563 44 13
716 330 52 13
715 235 70 17
715 247 59 19
715 377 44 10
715 161 35 9
715 319 53 15
715 783 49 11
715 351 46 12
715 422 66 14
715 542 67 14
714 326 50 12
714 974 23 7
714 102 41 12
714 749 75 20
714 866 54 13
714 494 29 7
713 800 43 10
713 194 11 2
713 493 55 17
713 748 64 15
712 704 15 5
712 931 27 8
712 99 19 5
712 872 21 4
712 249 33 9
712 753 54 14
712 196 45 9
711 999 49 10
711 688 34 9
711 131 33 11
711 788 24 6
711 277 5 2
711 388 26 8
710 991 22 6
710 542 17 5
710 422 25 7
710 725 36 11
710 828 22 7
709 546 46 13
709 181 46 13
709 849 5 2
709 269 39 11
709 266 12 4
708 62 24 6
708 291 17 4
708 126 24 6
708 863 59 16
708 299 61 13
708 503 53 13
707 165 26 7
707 998 20 6
707 427 40 9
707 245 29 9
707 467 46 10
706 184 64 19
706 143 63 21
706 283 49 11
706 491 73 16
706 138 80 16
706 307 19 5
706 113 27 6
705 337 109 23
705 646 57 16
705 965 30 9
705 101 5 2
705 678 31 9
705 256 35 9
704 599 31 9
704 712 13 4
704 931 35 8
704 374 43 9
704 249 38 10
703 603 46 12
703 185 24 7
703 680 18 4
703 500 49 13
703 475 45 11
703 803 31 10
703 252 47 10
703 383 44 14
703 192 59 14
702 689 14 5
702 371 48 13
702 804 19 6
702 766 23 6
701 119 22 6
701 648 24 6
701 931 20 5
701 99 18 5
701 872 12 3
701 187 28 7
701 413 22 6
700 659 245 58
700 260 111 32
700 371 106 32
700 689 66 14
700 876 17 5
700 569 48 11
699 840 39 13
699 730 11 3
699 989 56 13
699 288 42 14
699 331 31 9
699 865 74 14
698 615 49 13
698 679 52 13
698 629 39 9
698 928 30 8
698 887 33 11
698 518 30 9
698 799 68 13
698 67 56 15
698 669 66 17
697 611 25 6
697 780 19 6
697 417 30 7
697 722 42 9
697 100 48 12
696 76 19 4
696 184 7 2
696 143 53 14
696 497 16 4
695 343 25 8
695 73 25 6
695 478 19 6
695 261 46 11
695 279 30 7
695 428 16 5
694 654 28 7
694 356 9 4
694 462 13 3
694 793 61 17
694 674 31 10
694 117 33 10
694 329 66 16
694 489 41 8
694 655 64 17
693 769 35 10
693 4 56 11
693 554 62 17
693 188 33 9
693 541 32 9
693 524 32 8
693 518 60 15
693 943 52 18
693 168 46 10
692 53 36 8
692 163 53 13
692 720 47 12
692 359 20 7
692 321 24 7
692 407 31 10
692 559 46 12
691 223 26 7
691 203 37 9
691 282 44 10
691 936 26 8
691 782 82 16
690 737 40 9
690 576 44 12
690 561 54 12
690 58 44 10
690 820 33 7
690 412 37 9
690 685 45 9
689 700 61 16
689 876 56 14
689 886 50 12
689 371 48 15
689 702 18 5
689 766 27 6
688 999 20 6
688 71 332 72
688 711 34 8
688 388 44 11
687 587 58 16
687 451 8 2
687 681 134 31
687 605 67 17
687 592 234 68
687 890 153 28
686 519 64 19
686 145 72 19
686 575 62 11
686 777 35 8
686 734 42 10
686 175 48 13
686 511 36 11
685 820 24 8
685 690 37 9
685 412 16 3
685 507 23 5
685 210 19 6
684 875 33 9
684 153 44 9
684 92 7 3
684 328 31 7
684 989 33 12
684 46 43 10
683 753 78 23
683 227 23 8
683 722 111 27
683 420 75 19
683 151 51 15
683 27 38 14
683 382 37 8
683 218 20 6
682 268 28 6
682 475 15 4
682 205 17 6
682 38 55 14
682 140 16 6
681 957 39 13
681 229 37 9
681 320 39 9
681 945 50 11
681 224 63 21
681 826 124 28
681 330 70 19
681 451 159 32
681 592 85 21
681 687 117 30
680 548 33 6
680 185 14 4
680 703 19 5
680 383 51 16
679 665 45 9
679 108 56 10
679 97 21 6
679 916 25 6
679 615 38 11
679 887 33 9
679 698 40 12
678 101 38 10
678 705 40 10
678 256 48 11
678 952 35 9
678 165 73 19
678 785 16 5
677 252 28 9
677 192 25 7
677 140 46 11
677 304 30 10
677 440 11 3
677 251 19 5
676 977 30 8
676 938 30 8
676 345 41 10
676 780 45 11
676 611 32 10
676 339 16 3
675 778 52 10
675 973 32 9
675 637 16 4
675 165 64 17
675 426 70 20
675 364 65 18
674 43 10 3
674 694 27 8
674 117 6 2
674 489 40 11
674 934 47 12
674 173 58 13
673 173 37 9
673 934 48 10
673 207 19 5
673 926 8 3
673 150 12 4
673 763 32 7
672 404 47 12
672 18 27 8
672 270 24 8
672 202 53 19
672 157 14 4
671 590 34 9
671 562 5 2
671 882 75 18
671 312 23 8
671 845 66 16
670 257 46 15
670 434 41 10
670 558 17 5
670 60 26 6
670 274 14 4
669 303 27 6
669 67 17 5
669 698 61 18
669 799 25 9
669 421 3 1
668 502 26 7
668 132 20 6
668 719 67 14
668 862 46 14
668 835 37 12
667 220 41 9
667 372 34 12
667 172 29 9
667 474 64 14
667 311 17 5
667 73 56 14
666 167 66 14
666 998 28 9
666 234 72 19
666 653 82 16
666 1 71 18
666 467 8 3
666 223 38 9
666 282 69 18
665 127 45 14
665 213 13 5
665 97 35 8
665 679 44 10
665 108 17 5
664 501 70 14
664 450 54 15
664 663 41 10
664 477 52 14
664 441 11 3
664 598 43 9
663 501 37 10
663 601 29 8
663 536 58 15
663 190 57 10
663 664 36 8
663 477 33 10
663 91 45 14
662 834 67 15
662 474 7 2
662 632 44 11
662 579 10 3
661 316 24 6
661 236 20 6
661 620 17 5
661 877 30 6
660 373 62 11
660 527 31 7
660 63 24 6
660 437 17 3
660 313 23 6
660 399 42 12
660 423 30 9
659 396 94 27
659 312 43 13
659 425 50 11
659 220 41 9
659 260 121 30
659 700 257 62
659 881 967 168
659 371 307 90
659 246 85 20
659 311 94 17
658 630 43 11
658 11 39 12
658 14 12 4
658 480 30 7
658 463 38 9
658 85 29 9
657 473 19 5
657 805 21 7
657 201 16 6
657 79 16 5
657 526 37 10
657 739 24 7
657 133 31 10
656 55 61 15
656 15 55 10
656 897 54 14
656 318 47 11
656 578 26 8
656 573 53 12
656 958 54 14
655 694 67 17
655 489 48 15
655 329 7 2
655 839 46 13
655 731 55 14
655 358 57 15
655 763 81 15
655 83 58 16
654 565 51 15
654 743 59 11
654 765 38 9
654 862 33 9
654 793 61 20
654 183 14 3
654 356 17 5
654 694 35 9
653 570 33 9
653 756 38 9
653 234 35 11
653 666 83 21
653 1 3 1
653 301 25 8
652 831 36 9
652 924 39 10
652 207 24 7
652 934 39 11
652 873 22 7
652 801 60 17
652 389 49 13
651 988 25 7
651 245 83 16
651 951 15 4
651 757 81 21
651 962 40 9
651 200 25 6
650 112 204 40
650 290 75 22
650 208 10 3
650 592 36 12
650 534 6 2
649 141 19 7
649 348 8 2
649 599 29 9
649 182 25 7
649 533 36 8
649 374 52 15
648 734 24 7
648 511 28 8
648 599 53 11
648 931 10 3
648 119 28 5
648 701 26 6
647 997 13 4
647 525 34 9
647 309 27 7
647 752 45 12
647 9 40 9
647 563 46 14
646 439 63 17
646 65 69 18
646 337 51 16
646 705 56 15
646 637 48 15
646 256 24 5
645 604 5 2
645 917 23 7
645 745 17 4
645 222 10 3
645 905 26 8
644 46 41 11
644 449 37 12
644 564 48 11
644 431 48 14
644 981 17 5
644 754 38 12
643 727 76 18
643 918 60 18
643 260 74 15
643 44 23 6
643 569 14 5
643 66 29 10
642 913 181 47
642 149 92 26
642 899 30 10
642 627 88 22
642 147 29 8
642 940 37 10
642 454 30 10
641 20 21 5
641 979 13 4
641 368 35 7
641 486 30 7
641 504 30 8
640 370 31 7
640 745 12 4
640 917 6 2
640 802 12 3
640 905 22 6
639 368 21 5
639 486 24 6
639 191 17 5
639 289 11 3
638 50 3 1
638 98 13 4
638 832 32 7
638 322 22 7
637 65 41 10
637 778 50 11
637 646 51 12
637 256 70 17
637 165 50 16
637 675 23 6
636 480 51 17
636 85 46 10
636 347 24 6
636 923 79 17
636 241 23 7
636 468 16 6
635 621 37 7
635 880 39 8
635 484 37 11
635 593 27 10
635 103 23 7
635 342 48 12
634 159 55 14
634 436 75 22
634 6 63 17
634 896 14 5
634 735 29 10
634 89 36 10
633 598 40 10
633 990 25 6
633 298 27 7
633 741 82 20
633 212 83 22
633 3 18 6
633 540 44 9
633 86 41 14
633 977 66 14
633 267 52 13
632 834 46 15
632 530 40 10
632 461 21 6
632 662 39 11
632 579 34 8
632 432 52 11
632 822 40 9
632 261 50 14
631 204 51 13
631 122 47 13
631 16 4 1
631 134 49 14
631 270 33 10
631 750 21 6
630 627 30 9
630 147 42 10
630 759 36 10
630 14 42 10
630 11 21 5
630 658 46 12
629 615 21 4
629 698 28 10
629 554 10 3
629 928 9 3
629 518 17 4
628 625 24 6
628 577 16 4
628 769 15 4
628 327 21 6
628 557 25 8
627 147 48 11
627 642 92 19
627 732 259 50
627 630 27 8
627 10 137 39
627 124 123 30
627 996 111 28
627 759 41 14
627 390 90 18
626 870 20 5
626 442 25 6
626 878 26 6
626 215 36 12
626 525 31 7
626 600 43 8
625 336 31 8
625 472 18 5
625 557 35 7
625 577 17 5
625 628 24 7
624 821 21 6
624 431 19 5
624 754 23 6
624 502 51 12
624 71 18 5
623 455 60 14
623 271 14 4
623 738 46 12
623 378 37 9
623 453 34 9
623 902 68 15
622 73 9 2
622 311 48 13
622 136 38 10
622 987 12 3
622 478 7 2
621 273 35 11
621 344 32 8
621 880 22 7
621 607 34 10
621 635 32 7
621 593 11 3
620 316 43 12
620 744 70 19
620 24 75 14
620 661 17 6
620 877 16 5
620 8 62 16
620 346 49 12
619 286 30 6
619 444 50 14
619 893 26 6
619 308 52 12
619 63 43 10
619 373 52 16
618 588 18 6
618 164 39 12
618 464 50 11
618 111 57 14
618 501 15 3
618 450 57 13
617 166 28 6
617 496 25 8
617 146 28 9
617 789 32 9
617 433 37 9
617 354 57 13
617 305 66 15
616 913 41 11
616 978 36 7
616 550 49 13
616 778 18 6
616 7 33 8
616 228 53 16
616 909 30 7
616 65 29 9
615 34 45 12
615 108 44 16
615 679 36 10
615 554 11 3
615 4 67 17
615 698 49 12
615 629 21 6
614 942 21 5
614 216 43 11
614 48 22 6
614 293 18 5
614 195 45 12
614 853 44 11
613 901 31 8
613 523 27 8
613 72 6 2
613 142 23 7
613 400 22 6
613 460 39 10
612 115 19 7
612 932 26 8
612 979 33 10
612 368 39 10
612 191 37 12
612 805 59 14
612 226 19 6
611 740 23 8
611 386 28 9
611 676 40 9
611 339 33 6
611 780 27 8
611 722 32 9
611 697 25 7
610 239 64 14
610 496 44 11
610 146 64 15
610 984 20 7
610 181 25 6
609 847 46 11
609 565 35 9
609 862 37 10
609 132 27 9
608 958 46 12
608 810 54 10
608 893 35 12
608 533 37 10
608 160 19 6
608 583 45 12
607 273 30 7
607 884 21 6
607 375 7 2
607 589 28 10
607 596 36 9
607 621 41 10
607 593 30 10
606 962 37 11
606 31 13 4
606 294 64 13
606 284 29 7
606 216 23 6
606 855 37 8
605 587 53 11
605 406 9 2
605 687 70 15
605 890 71 20
604 378 54 12
604 222 11 3
604 795 15 5
604 917 31 6
604 645 5 2
603 922 30 9
603 956 29 7
603 77 14 5
603 500 23 7
603 185 38 13
603 703 55 13
602 796 77 19
602 259 45 13
602 275 41 8
602 230 55 14
602 779 28 8
602 429 31 7
602 597 43 13
601 501 19 5
601 30 58 11
601 663 32 10
601 536 53 17
600 878 19 6
600 626 39 11
600 525 47 12
600 858 11 3
600 257 45 11
600 752 32 8
600 434 29 8
599 734 38 10
599 837 26 6
599 182 11 3
599 649 29 8
599 648 44 10
599 931 45 10
599 374 38 13
599 704 26 9
598 664 40 9
598 441 36 8
598 741 56 12
598 477 42 12
598 633 30 9
598 990 12 4
597 275 50 17
597 952 52 18
597 733 29 6
597 287 11 4
597 156 16 4
597 429 16 5
597 602 42 13
596 607 36 8
596 589 5 2
596 743 62 13
596 593 43 13
596 539 36 12
596 177 39 12
595 23 17 5
595 360 22 5
595 459 23 5
595 225 37 12
595 517 20 6
595 295 41 13
594 868 43 12
594 114 7 2
594 179 42 13
594 403 50 12
594 961 22 5
593 607 39 8
593 621 11 3
593 596 49 13
593 177 35 8
593 342 38 11
593 635 36 7
592 224 46 13
592 860 36 8
592 574 16 5
592 681 119 25
592 687 231 59
592 650 36 11
592 534 38 11
592 414 348 89
592 890 366 86
591 996 16 4
591 45 46 12
591 369 10 3
591 390 28 7
590 732 126 35
590 736 111 32
590 882 65 15
590 396 28 7
590 671 45 12
590 562 41 8
589 398 47 10
589 884 48 10
589 607 38 8
589 847 52 13
589 743 53 17
589 596 6 2
588 460 29 7
588 164 30 9
588 994 12 3
588 618 25 6
588 111 38 10
587 752 39 14
587 9 21 6
587 434 59 11
587 406 40 11
587 605 39 11
587 687 49 14
587 451 67 18
587 829 43 12
586 786 35 12
586 255 11 3
586 309 21 6
586 935 44 15
586 871 38 12
585 19 53 15
585 116 25 7
585 506 49 13
585 235 16 6
585 783 33 8
584 882 48 15
584 384 26 5
584 353 28 6
584 845 63 15
583 533 62 16
583 438 13 5
583 160 44 10
583 608 49 13
583 430 26 5
583 947 30 8
582 240 50 12
582 186 47 14
582 498 62 16
582 283 24 7
582 281 21 6
582 901 59 11
582 838 26 5
582 39 23 6
581 70 37 9
581 190 33 10
581 37 25 6
581 411 37 10
581 737 35 12
581 25 20 6
580 279 22 7
580 968 27 7
580 402 36 8
580 843 21 5
580 869 46 17
579 474 14 4
579 662 9 3
579 822 9 3
579 632 32 10
578 656 25 9
578 318 38 11
578 958 58 15
578 106 20 5
577 336 32 7
577 265 27 8
577 4 38 10
577 625 17 5
577 769 29 6
577 628 13 4
576 25 44 13
576 477 72 20
576 3 89 20
576 737 47 12
576 690 49 9
576 262 64 17
576 412 22 6
575 447 26 7
575 519 28 7
575 777 29 7
575 686 64 13
574 860 25 7
574 592 17 4
574 534 20 7
574 967 16 4
573 897 33 9
573 776 46 11
573 656 42 13
573 958 47 14
573 69 61 15
573 317 61 20
573 927 72 20
572 83 45 13
572 469 45 12
572 724 16 4
572 481 48 13
572 116 37 8
572 751 5 2
571 972 24 6
571 735 44 13
571 178 28 9
571 746 54 15
571 895 65 15
571 97 26 9
571 213 22 7
570 287 10 3
570 234 9 3
570 156 12 3
570 653 29 8
570 756 16 5
569 260 89 22
569 66 30 8
569 643 13 5
569 700 50 9
569 876 40 10
568 443 68 17
568 321 48 17
568 559 47 16
568 529 14 3
568 792 14 4
568 761 56 16
568 499 29 7
567 399 80 22
567 492 62 22
567 900 66 17
567 535 34 10
567 159 31 6
567 89 33 7
567 986 9 3
566 381 7 2
566 907 69 16
566 221 37 13
566 768 20 7
565 847 40 11
565 609 27 8
565 862 59 12
565 743 8 2
565 654 52 12
564 875 55 15
564 824 22 8
564 328 38 10
564 46 38 12
564 544 18 4
564 644 40 9
564 431 48 13
563 997 38 12
563 950 31 8
563 716 35 13
563 647 53 10
563 9 34 10
563 330 51 11
563 829 26 9
562 396 40 11
562 312 28 8
562 671 4 1
562 590 41 10
561 737 40 8
561 29 46 11
561 264 33 8
561 5 28 7
561 690 52 12
561 58 45 12
560 883 34 8
560 812 27 7
560 888 26 9
560 145 68 16
560 355 39 11
559 692 40 10
559 407 52 13
559 321 40 9
559 568 64 16
559 761 34 13
559 415 50 11
559 773 51 11
558 257 48 12
558 296 22 6
558 670 21 6
558 717 26 9
558 414 52 15
558 890 48 12
558 60 33 9
557 748 58 15
557 625 27 7
557 848 78 14
557 472 35 8
557 144 38 9
557 28 45 14
557 628 33 9
557 327 38 9
556 808 24 7
556 69 22 6
556 286 6 2
556 893 26 5
556 810 15 5
555 410 31 8
555 508 25 6
555 833 33 8
555 458 14 4
555 41 38 11
555 903 18 5
554 4 66 16
554 615 13 3
554 693 73 18
554 629 10 2
554 518 26 7
553 93 38 11
553 892 17 5
553 51 9 3
553 992 30 9
553 334 40 10
552 980 31 8
552 215 48 14
552 255 24 8
552 870 29 7
551 196 30 7
551 374 35 10
551 753 37 7
551 549 26 8
551 227 57 11
551 209 27 7
550 149 75 15
550 913 24 6
550 616 46 10
550 228 67 15
550 964 53 16
550 61 51 17
549 374 57 12
549 438 24 6
549 551 29 8
549 209 12 4
548 910 61 15
548 446 38 14
548 100 43 13
548 985 56 15
548 185 33 10
548 680 23 7
548 33 30 10
548 383 59 13
547 17 11 4
547 47 29 7
547 867 20 6
547 959 25 8
547 211 24 8
546 833 67 17
546 903 47 13
546 948 38 9
546 269 28 7
546 181 62 20
546 709 41 11
545 118 17 5
545 535 50 11
545 89 30 8
545 735 31 10
545 972 35 9
544 824 24 5
544 564 14 4
544 306 18 6
544 431 36 10
544 821 41 12
543 237 29 9
543 397 21 5
543 253 55 13
543 883 32 9
543 154 14 4
543 888 29 7
542 247 81 17
542 134 26 8
542 991 19 6
542 710 18 5
542 422 24 6
542 715 58 21
541 188 25 7
541 693 35 10
541 28 50 11
541 332 38 13
541 229 70 14
541 524 25 6
541 42 35 8
540 3 56 13
540 633 49 10
540 262 24 6
540 86 11 3
540 333 24 6
539 596 32 9
539 177 17 5
539 743 78 15
539 765 39 9
539 911 33 9
539 762 18 4
539 361 38 11
538 526 24 6
538 976 28 6
538 380 21 7
538 414 116 24
537 515 33 10
537 197 23 7
537 772 24 8
537 946 8 3
536 601 47 14
536 663 55 11
536 190 14 4
536 30 61 14
536 531 13 3
535 56 49 12
535 900 51 14
535 567 35 10
535 407 59 13
535 127 59 13
535 118 45 11
535 89 46 12
535 545 44 13
534 574 28 7
534 967 12 3
534 208 14 4
534 650 8 2
534 592 33 9
533 348 36 7
533 958 50 15
533 649 31 9
533 374 42 11
533 438 62 15
533 608 35 9
533 583 70 12
532 129 58 14
532 419 25 7
532 294 61 13
532 232 35 12
532 885 41 12
532 139 21 6
531 850 72 20
531 30 61 18
531 536 13 3
531 190 20 5
531 121 52 17
531 70 19 6
530 971 28 7
530 461 26 8
530 632 32 10
530 418 36 10
530 166 68 16
530 305 53 15
530 432 50 12
529 568 10 3
529 499 27 6
529 87 13 4
529 792 3 1
528 288 29 7
528 954 17 5
528 331 44 11
528 830 41 9
528 969 41 10
528 273 52 13
527 373 30 10
527 660 26 8
527 392 34 8
527 313 14 3
527 490 11 3
526 79 47 12
526 657 28 9
526 133 16 5
526 465 53 12
526 380 38 12
526 538 25 6
526 846 22 7
526 976 23 6
525 442 16 6
525 626 26 9
525 600 47 13
525 752 57 12
525 309 30 7
525 647 33 8
524 693 43 11
524 541 24 5
524 168 4 2
524 42 17 5
523 266 32 9
523 849 38 10
523 901 28 6
523 613 26 8
523 180 48 16
523 142 21 7
522 432 27 8
522 354 27 8
522 305 27 8
522 818 30 9
522 402 36 8
522 968 30 7
521 111 20 4
521 217 2 1
521 30 26 7
521 817 16 6
520 383 54 13
520 493 38 10
520 748 38 12
520 385 42 14
520 93 45 14
520 144 57 17
520 892 31 9
519 355 29 6
519 350 16 4
519 145 72 19
519 447 43 11
519 575 20 5
519 686 81 16
518 554 23 6
518 629 12 4
518 928 7 2
518 693 67 18
518 943 44 15
518 698 27 8
518 799 59 15
517 23 30 9
517 595 20 5
517 295 40 9
517 898 27 7
517 338 21 5
516 784 53 15
516 814 54 12
516 138 80 19
516 951 23 6
516 88 37 14
516 988 4 1
515 719 68 23
515 254 78 16
515 169 11 3
515 946 37 11
515 537 41 11
515 839 21 7
515 197 44 10
514 401 14 4
514 939 15 4
514 941 21 5
514 513 11 4
513 505 28 8
513 949 48 14
513 401 25 7
513 349 49 11
513 514 15 4
513 941 32 7
513 424 35 11
513 130 16 5
512 137 26 7
512 26 66 19
512 841 69 15
512 103 50 13
512 96 76 20
512 723 91 26
512 263 67 15
512 285 96 24
511 734 40 11
511 648 24 7
511 175 55 15
511 686 41 9
511 212 39 11
511 119 6 2
511 485 34 10
510 995 50 12
510 758 38 12
510 912 20 6
510 728 17 5
510 376 44 12
510 983 54 13
510 293 44 11
510 942 44 8
509 200 40 10
509 962 26 8
509 758 49 13
509 912 25 6
509 284 17 4
509 31 13 4
508 768 80 21
508 410 23 6
508 555 26 6
508 41 33 9
508 221 67 15
507 685 19 7
507 210 8 3
507 960 8 2
507 925 47 10
507 820 33 9
506 19 48 14
506 585 44 10
506 783 17 4
506 319 16 4
505 949 48 11
505 84 12 3
505 914 27 7
505 513 30 6
505 424 32 10
505 130 16 5
504 94 26 6
504 20 18 5
504 641 29 9
504 486 28 6
504 257 14 4
503 708 50 14
503 299 25 8
503 863 60 11
503 153 22 5
503 875 29 8
502 624 58 12
502 71 54 14
502 754 54 11
502 719 74 20
502 132 33 10
502 668 22 7
501 111 64 13
501 618 14 3
501 450 42 12
501 30 63 14
501 601 19 5
501 664 69 17
501 663 38 13
500 77 32 10
500 603 27 6
500 703 48 11
500 982 25 8
500 475 21 7
500 268 11 3
499 529 29 9
499 568 29 6
499 761 53 11
499 87 25 7
499 336 16 4
499 265 30 7
499 4 45 10
499 34 37 14
498 948 25 7
498 241 30 6
498 186 22 6
498 582 72 15
498 901 48 12
498 269 26 8
497 57 53 12
497 76 21 6
497 811 65 18
497 50 62 12
497 143 41 10
497 696 17 4
496 166 33 9
496 239 42 14
496 610 31 11
496 146 40 10
496 617 29 6
495 913 316 62
495 999 43 12
495 337 151 38
495 774 49 12
495 238 27 10
495 131 31 10
494 326 28 8
494 721 30 8
494 866 23 6
494 714 31 9
493 33 63 19
493 194 71 14
493 713 55 15
493 383 59 18
493 520 39 10
493 748 30 7
492 423 52 9
492 726 35 12
492 399 54 14
492 171 15 4
492 861 12 4
492 567 90 16
492 436 42 9
492 159 81 20
491 138 45 16
491 706 62 21
491 113 63 15
491 88 9 3
491 129 7 2
490 527 10 3
490 313 11 3
490 392 33 9
490 844 64 13
490 399 31 9
490 900 44 14
489 674 40 9
489 694 40 10
489 655 58 13
489 173 21 6
489 763 42 12
488 894 69 17
488 44 53 12
488 843 33 9
488 13 4 1
488 272 38 10
488 66 66 17
488 975 46 14
487 293 44 11
487 983 17 5
487 273 40 13
487 853 22 7
487 344 42 11
486 641 24 8
486 504 34 8
486 257 32 7
486 368 29 8
486 639 24 7
486 148 14 3
486 289 31 8
485 511 27 8
485 119 26 9
485 212 12 4
485 243 48 14
485 413 14 4
485 187 32 11
484 853 35 11
484 107 8 2
484 880 43 13
484 635 38 13
484 137 41 10
484 103 58 14
483 123 6 2
483 906 7 3
483 310 24 7
483 36 30 8
483 15 11 4
483 318 16 6
482 104 25 7
482 340 46 15
482 755 19 6
482 206 24 5
482 994 48 13
482 217 25 7
482 111 16 4
481 83 35 9
481 731 33 8
481 358 54 11
481 823 15 5
481 19 47 9
481 572 50 14
481 751 41 13
480 940 58 15
480 14 25 5
480 658 28 8
480 242 45 12
480 923 43 11
480 636 48 15
480 85 38 9
479 855 30 9
479 963 39 12
479 850 71 16
479 48 17 4
479 216 24 6
479 54 69 13
479 82 76 15
478 73 3 1
478 695 19 6
478 428 25 6
478 987 14 3
478 622 7 2
477 664 48 17
477 663 38 10
477 91 33 8
477 37 41 9
477 598 58 13
477 25 38 14
477 990 54 11
477 298 37 11
477 576 64 16
477 3 44 10
476 162 28 7
476 222 19 6
476 856 22 5
476 115 37 9
476 932 19 5
475 500 24 5
475 703 39 8
475 803 12 3
475 140 23 6
475 682 16 4
475 268 28 6
474 372 63 19
474 667 63 17
474 662 7 2
474 834 58 16
474 579 15 5
474 822 19 6
474 73 40 10
474 343 35 7
473 18 93 20
473 226 52 14
473 805 11 3
473 40 66 17
473 921 31 8
473 79 15 4
473 657 22 5
472 87 26 7
472 336 34 10
472 625 25 6
472 557 39 9
472 848 44 12
471 109 6 2
471 7 25 7
471 973 6 2
470 292 53 11
470 842 19 5
470 747 40 8
470 362 17 6
470 96 24 8
470 32 14 3
470 120 15 4
469 74 22 6
469 926 46 14
469 83 46 11
469 572 47 10
469 724 31 8
469 122 48 12
469 174 42 14
468 923 61 20
468 636 20 5
468 771 55 18
468 240 31 8
468 186 19 7
468 241 28 8
467 998 30 11
467 707 39 13
467 245 58 15
467 666 11 2
467 223 29 7
467 757 64 16
467 203 38 13
466 835 23 6
466 862 54 12
466 809 24 6
466 254 38 11
466 793 21 6
466 105 33 12
465 921 33 10
465 79 35 11
465 302 28 7
465 866 55 19
465 380 29 9
465 526 51 14
464 397 24 6
464 164 26 8
464 154 28 10
464 618 56 11
464 450 24 7
463 11 21 7
463 363 8 3
463 658 39 11
463 85 35 10
463 347 54 13
463 833 75 17
462 183 15 4
462 765 37 8
462 198 35 7
462 356 8 2
462 117 23 6
462 694 12 3
461 834 39 9
461 919 33 7
461 971 41 11
461 530 25 8
461 632 20 6
460 72 36 12
460 994 30 8
460 164 6 2
460 588 28 6
460 400 37 11
460 613 51 13
459 827 27 8
459 416 15 5
459 23 26 8
459 595 24 7
459 360 3 1
458 555 15 4
458 833 29 7
458 903 7 2
457 391 21 6
457 382 7 2
457 163 59 14
457 53 29 8
456 135 38 11
456 109 13 3
456 98 36 9
456 811 31 8
456 973 20 5
456 364 34 10
455 271 43 13
455 250 29 9
455 898 55 15
455 623 42 13
455 38 56 11
455 902 27 9
454 642 36 9
454 899 26 7
454 170 57 21
454 409 72 20
454 242 57 14
454 940 24 5
453 623 44 12
453 902 63 16
453 215 27 8
453 370 33 8
453 378 24 7
452 970 6 2
452 75 20 6
452 90 46 10
452 435 19 5
452 275 47 11
451 681 137 36
451 687 8 2
451 826 34 9
451 587 51 15
451 829 34 9
450 154 34 12
450 464 20 6
450 618 44 12
450 501 53 12
450 664 53 12
450 441 58 11
450 145 83 16
450 741 69 15
449 989 18 5
449 46 37 9
449 644 36 9
449 865 26 7
449 981 43 10
448 987 14 3
448 428 14 4
448 727 21 5
448 908 18 4
448 894 20 5
447 519 33 8
447 350 41 9
447 310 16 4
447 575 29 6
447 777 47 10
447 36 6 2
446 910 24 7
446 956 18 5
446 548 53 13
446 185 17 5
445 770 28 8
445 891 44 11
445 166 44 14
445 418 13 5
444 893 30 10
444 619 48 10
444 160 13 4
444 373 32 9
444 430 25 5
443 359 16 6
443 27 38 13
443 2 58 13
443 792 60 14
443 568 56 18
443 321 3 1
442 255 33 9
442 870 10 2
442 626 25 5
442 309 33 10
442 525 16 6
441 450 50 14
441 664 14 4
441 598 38 10
441 741 32 11
440 192 23 7
440 385 20 6
440 251 11 3
440 677 9 3
439 913 72 22
439 978 52 14
439 337 16 6
439 909 42 10
439 646 51 14
439 65 56 14
438 533 74 16
438 583 15 5
438 374 66 16
438 549 19 6
438 209 31 9
438 947 33 8
438 904 30 8
437 325 43 10
437 423 32 9
437 63 17 4
437 660 15 4
436 371 214 61
436 861 40 10
436 159 43 15
436 492 41 9
436 6 164 44
436 634 102 20
436 881 284 60
436 961 185 56
435 970 21 7
435 965 24 6
435 452 24 6
435 816 22 5
435 275 56 11
434 600 32 11
434 752 18 4
434 257 49 13
434 670 48 13
434 274 40 10
434 587 42 14
434 406 67 18
433 617 29 7
433 354 58 12
433 789 7 2
433 859 26 7
433 933 21 7
433 818 56 14
433 857 57 10
432 632 49 11
432 530 53 11
432 305 37 9
432 522 25 8
432 261 18 5
432 968 30 9
431 544 47 13
431 564 49 12
431 644 47 11
431 821 12 4
431 754 22 6
431 624 20 5
430 160 25 6
430 444 25 7
430 583 20 7
430 947 31 7
430 373 33 7
429 602 41 9
429 597 17 5
429 779 29 8
429 756 20 5
429 156 16 6
428 478 23 5
428 987 16 5
428 448 13 4
428 695 15 5
428 279 36 12
428 894 28 7
428 843 47 12
427 165 44 12
427 426 17 6
427 245 11 3
427 707 30 9
426 675 73 20
426 364 52 15
426 165 45 14
426 814 40 11
426 427 19 5
426 951 67 16
426 245 29 8
425 312 34 8
425 845 15 5
425 372 38 12
425 659 57 14
425 220 49 12
424 914 46 12
424 505 42 10
424 513 49 9
424 130 31 9
424 349 31 8
424 80 32 8
424 945 38 9
423 437 30 9
423 325 57 13
423 660 39 10
423 399 44 12
423 492 37 10
423 726 7 3
422 710 19 5
422 715 53 17
422 542 25 7
422 351 56 13
422 725 29 6
422 744 30 8
421 669 4 1
421 799 29 7
421 303 23 6
421 781 10 3
420 683 91 19
420 151 27 6
420 2 21 6
420 800 16 5
420 722 82 25
419 113 20 6
419 307 39 12
419 129 68 17
419 532 27 7
419 755 33 8
419 139 33 11
419 206 31 8
418 971 16 4
418 770 35 10
418 530 37 10
418 166 50 13
418 445 15 4
417 780 17 6
417 697 24 7
417 345 33 11
417 100 40 10
417 915 48 9
416 827 41 10
416 459 15 5
416 807 49 12
416 360 17 4
416 362 36 9
416 263 80 25
415 559 44 13
415 773 55 17
415 761 10 2
415 34 19 6
415 108 33 9
414 717 40 11
414 558 50 12
414 846 89 24
414 976 73 17
414 64 394 81
414 380 135 28
414 538 113 28
414 592 308 80
414 890 11 3
413 119 25 6
413 485 15 3
413 187 34 8
413 701 25 5
412 576 24 8
412 262 67 14
412 210 29 10
412 690 47 10
412 685 16 4
411 121 41 9
411 70 21 7
411 930 12 4
411 581 39 11
411 737 55 13
410 369 55 11
410 768 71 20
410 1000 41 11
410 508 26 7
410 555 35 9
410 833 37 11
409 454 56 15
409 170 26 8
409 742 21 6
409 242 45 13
409 57 22 5
409 825 31 7
408 193 37 11
408 179 57 12
408 303 19 4
408 280 17 5
408 112 69 21
408 290 21 5
407 720 21 6
407 56 25 9
407 692 40 10
407 559 49 13
407 773 44 12
407 127 63 15
407 535 50 16
406 434 58 18
406 587 54 13
406 274 55 14
406 78 25 7
406 605 9 3
406 890 81 17
405 139 16 5
405 885 47 12
405 850 64 16
405 30 55 12
405 817 22 7
404 852 28 7
404 21 49 10
404 750 10 3
404 270 31 8
404 18 58 14
404 672 32 10
403 767 24 6
403 836 20 6
403 879 23 7
403 314 33 8
403 868 37 8
403 961 47 12
403 594 47 12
402 522 43 11
402 968 33 7
402 580 36 8
402 869 56 20
402 889 33 9
402 818 17 5
401 144 60 15
401 28 17 5
401 939 14 3
401 949 57 17
401 514 19 4
401 513 27 7
400 395 8 3
400 142 11 3
400 164 48 10
400 237 26 8
400 397 47 13
400 460 44 11
400 613 25 7
399 313 43 10
399 660 59 14
399 423 54 11
399 492 74 15
399 567 86 22
399 490 31 9
399 900 35 7
398 830 33 10
398 865 59 15
398 297 16 5
398 847 45 16
398 884 28 8
398 589 42 10
397 400 47 12
397 237 32 7
397 543 16 5
397 154 16 5
397 464 26 6
397 164 42 13
396 732 149 54
396 562 33 9
396 590 27 6
396 659 122 34
396 312 62 16
395 180 53 11
395 142 8 2
395 237 20 6
395 400 9 2
394 49 79 21
394 271 64 17
394 806 33 10
394 341 56 14
394 738 24 7
394 300 42 10
394 856 61 13
393 764 23 7
393 370 42 10
393 94 11 3
393 257 46 11
393 878 21 6
393 858 21 6
392 373 33 9
392 527 23 7
392 947 38 11
392 391 74 13
392 163 72 19
392 844 60 17
392 490 33 7
391 904 31 9
391 947 50 15
391 392 60 17
391 218 11 3
391 227 38 9
391 382 24 5
391 163 66 16
391 457 25 7
390 996 44 9
390 627 104 26
390 759 61 13
390 1000 16 5
390 369 21 6
390 591 28 7
389 652 50 10
389 801 34 11
389 17 28 9
389 873 21 8
389 959 56 13
389 231 38 12
388 688 41 13
388 711 31 8
388 277 23 7
388 71 268 64
388 796 27 7
388 794 113 26
388 126 132 30
388 306 227 66
387 68 26 5
387 314 17 4
387 868 15 5
387 887 40 13
387 67 53 12
387 179 37 10
387 193 35 8
386 155 23 5
386 740 19 4
386 722 41 8
386 611 30 9
385 192 22 5
385 383 31 7
385 440 21 5
385 251 22 6
385 520 57 14
385 93 14 4
384 736 49 16
384 882 37 13
384 381 90 21
384 907 85 20
384 353 48 13
384 584 20 7
383 548 51 13
383 680 41 14
383 33 68 14
383 703 43 13
383 192 15 5
383 385 37 9
383 493 65 13
383 520 56 17
382 391 24 6
382 457 7 2
382 683 36 10
382 218 15 5
382 53 28 9
382 27 40 10
381 732 61 19
381 45 40 14
381 736 76 18
381 768 27 8
381 566 7 2
381 907 65 14
381 384 89 20
380 465 33 9
380 526 48 9
380 866 75 21
380 64 190 56
380 538 19 6
380 414 147 31
379 317 79 19
379 929 17 5
379 808 76 19
379 189 31 9
379 308 32 7
378 623 29 8
378 738 43 10
378 300 54 14
378 795 53 12
378 604 43 11
378 917 42 11
378 370 34 12
378 453 24 7
377 319 95 20
377 715 51 10
377 365 17 5
377 161 14 4
377 316 30 7
376 995 28 7
376 510 48 10
376 983 57 13
376 954 18 6
376 288 36 10
375 969 29 7
375 273 21 6
375 607 8 2
375 884 17 5
374 599 51 13
374 649 41 13
374 533 39 14
374 704 39 8
374 249 13 4
374 196 25 6
374 551 40 12
374 438 52 16
374 549 55 16
373 444 35 8
373 619 59 15
373 430 35 8
373 947 45 11
373 527 37 10
373 392 32 10
373 63 52 16
373 660 58 15
372 845 47 12
372 353 60 14
372 425 36 10
372 834 79 18
372 474 72 14
372 220 19 7
372 667 33 9
372 172 12 4
371 659 351 90
371 700 109 26
371 689 63 13
371 702 51 12
371 804 39 9
371 929 29 7
371 927 48 11
371 881 401 143
371 436 221 61
371 861 153 41
370 215 35 10
370 378 38 11
370 453 33 9
370 917 29 7
370 640 27 6
370 802 25 8
370 764 30 7
370 393 35 11
370 878 54 11
369 45 50 10
369 390 20 6
369 591 11 3
369 1000 38 7
369 410 41 10
369 768 69 16
368 641 26 7
368 979 29 10
368 612 31 8
368 191 14 3
368 486 39 9
368 639 19 6
367 802 8 3
367 905 14 4
367 110 13 3
367 20 16 6
367 764 11 4
366 1000 42 14
366 833 59 17
366 363 18 5
366 11 29 6
366 759 8 2
365 319 83 28
365 377 19 5
365 316 25 6
365 937 25 5
364 675 76 20
364 98 37 8
364 973 55 15
364 456 46 9
364 426 64 15
364 814 42 9
364 322 18 6
364 784 27 5
363 366 18 5
363 11 21 6
363 463 10 2
363 833 52 15
362 470 19 5
362 747 43 11
362 120 12 3
362 32 9 3
362 953 31 8
362 827 64 18
362 416 36 10
362 263 77 19
361 539 47 9
361 762 55 13
361 911 13 4
361 198 10 3
361 718 28 7
361 864 23 8
360 416 17 4
360 807 51 12
360 225 42 9
360 595 25 6
360 459 3 1
359 53 24 6
359 692 20 6
359 321 20 6
359 443 17 5
359 27 30 7
358 655 60 16
358 839 22 6
358 197 20 6
358 823 43 10
358 731 32 9
358 481 49 14
357 114 25 6
357 179 44 11
357 881 44 14
357 112 46 11
356 183 10 2
356 654 23 4
356 462 7 2
356 694 11 3
355 857 21 8
355 812 24 6
355 560 41 10
355 145 82 19
355 519 25 7
355 350 29 8
354 522 27 6
354 617 52 14
354 305 22 8
354 818 18 5
354 433 53 16
353 384 43 11
353 584 22 7
353 845 62 15
353 372 82 17
353 907 76 14
353 834 26 7
352 263 69 17
352 819 60 14
352 807 49 13
352 801 62 15
352 231 47 11
352 128 42 9
352 125 36 9
352 233 36 9
351 715 39 9
351 422 52 11
351 161 15 4
351 744 40 13
351 316 36 11
350 857 29 10
350 955 57 12
350 519 12 4
350 355 27 8
350 310 41 8
350 447 31 11
349 513 36 12
349 941 35 9
349 424 30 7
349 320 7 3
349 945 37 7
348 106 34 7
348 141 21 7
348 958 75 18
348 649 6 2
348 533 40 8
347 463 67 18
347 833 66 17
347 636 20 7
347 85 35 10
347 948 29 7
347 241 26 7
346 620 39 13
346 8 44 12
346 102 50 13
346 877 43 13
346 81 34 12
346 749 31 8
346 64 34 10
345 938 36 9
345 676 40 11
345 333 28 8
345 248 38 12
345 780 29 9
345 417 46 10
345 915 46 10
344 487 41 10
344 853 33 11
344 273 20 5
344 880 13 3
344 621 26 7
343 474 32 7
343 822 15 4
343 261 34 8
343 73 35 9
343 695 31 7
342 593 41 8
342 635 42 9
342 103 48 10
342 177 25 6
342 851 55 16
342 762 18 3
341 211 52 15
341 806 67 19
341 394 71 17
341 813 52 17
341 21 13 4
341 856 55 16
341 115 73 17
340 901 41 14
340 39 20 6
340 838 19 4
340 104 35 11
340 72 37 11
340 482 58 12
340 994 70 16
339 977 23 7
339 243 18 6
339 324 19 5
339 740 25 9
339 611 30 8
339 676 13 4
338 23 39 9
338 993 50 13
338 517 27 7
338 898 37 11
338 982 49 14
338 250 32 6
337 913 108 28
337 439 17 5
337 774 124 41
337 495 149 47
337 965 111 31
337 705 78 26
337 646 62 13
336 87 29 10
336 499 15 3
336 472 43 8
336 625 27 9
336 577 37 7
336 265 15 3
335 930 21 5
335 29 27 6
335 54 29 6
334 93 66 13
334 304 44 11
334 786 34 9
334 553 37 10
334 935 48 12
334 992 8 2
333 540 25 6
333 86 19 5
333 938 25 8
333 262 22 6
333 276 64 15
333 345 35 7
333 248 57 13
332 28 34 8
332 939 22 5
332 541 42 11
332 229 46 10
332 941 16 4
332 957 22 6
331 288 36 11
331 699 37 9
331 865 58 13
331 297 41 11
331 830 49 10
331 528 30 9
330 716 45 15
330 80 44 11
330 563 49 11
330 945 37 8
330 829 51 12
330 826 30 7
330 681 90 23
329 793 24 8
329 694 73 13
329 105 36 8
329 655 6 2
329 839 55 12
328 684 25 8
328 875 29 6
328 46 13 4
328 564 52 12
327 769 12 3
327 28 44 9
327 188 19 4
327 628 17 6
327 557 48 10
326 152 39 11
326 790 22 5
326 920 16 4
326 974 55 14
326 714 39 11
326 494 37 9
326 721 14 4
325 189 18 5
325 308 22 7
325 63 34 9
325 437 37 11
325 171 69 22
325 726 55 15
325 423 59 11
324 187 48 12
324 243 11 4
324 740 26 6
324 339 18 5
323 232 17 5
323 885 21 5
323 294 43 10
323 963 13 5
323 855 33 8
322 98 30 7
322 638 29 6
322 832 39 8
322 784 6 2
322 364 18 6
321 359 16 4
321 692 30 7
321 443 2 1
321 568 61 16
321 559 38 11
320 957 28 7
320 941 33 8
320 681 41 10
320 349 6 2
320 945 30 9
319 946 111 24
319 772 79 27
319 19 54 18
319 506 21 6
319 937 120 26
319 365 115 25
319 377 78 25
319 783 33 8
319 715 50 17
318 483 17 5
318 15 26 7
318 36 26 9
318 775 57 12
318 656 46 13
318 106 59 14
318 578 50 10
317 573 82 20
317 927 17 6
317 69 27 6
317 808 5 2
317 379 63 18
317 929 68 15
316 377 27 8
316 161 33 8
316 365 19 6
316 351 33 11
316 937 36 10
316 236 38 9
316 661 26 8
316 744 61 16
316 620 51 12
315 798 28 6
315 40 28 8
315 22 39 9
315 790 13 4
315 152 37 9
314 879 17 5
314 403 28 8
314 68 18 6
314 387 13 4
314 868 8 2
313 660 24 6
313 399 41 11
313 527 15 4
313 490 12 3
312 562 35 7
312 396 68 20
312 671 30 8
312 659 45 14
312 425 40 8
312 845 45 13
311 220 55 14
311 659 91 17
311 667 16 4
311 73 54 11
311 622 52 11
311 246 39 13
311 136 42 10
310 955 42 15
310 906 23 7
310 350 32 9
310 447 19 4
310 483 19 7
310 36 14 4
309 255 35 8
309 586 27 6
309 442 37 8
309 871 32 10
309 997 20 4
309 525 30 6
309 647 27 5
308 286 73 17
308 808 65 19
308 379 29 9
308 619 47 12
308 189 15 5
308 325 21 6
308 63 52 9
307 281 34 12
307 283 47 12
307 113 24 6
307 706 18 4
307 419 32 10
307 104 37 13
307 755 52 14
306 388 220 64
306 126 107 31
306 863 92 22
306 824 28 10
306 544 19 4
306 821 29 10
306 71 35 12
305 166 61 14
305 530 44 12
305 432 34 11
305 522 24 6
305 354 24 6
305 617 62 14
304 140 54 19
304 677 37 10
304 251 30 8
304 93 30 10
304 38 65 18
304 980 56 19
304 786 42 10
304 334 40 10
303 193 22 7
303 67 25 7
303 669 24 6
303 421 26 5
303 781 27 6
303 408 14 4
303 280 20 5
302 158 19 6
302 921 39 11
302 721 25 8
302 866 55 16
302 465 32 8
301 756 24 6
301 779 37 13
301 299 54 11
301 219 45 10
301 653 29 9
301 282 39 10
301 1 28 7
300 738 15 5
300 394 36 8
300 378 41 11
300 795 18 5
300 162 19 5
300 856 39 11
299 62 58 13
299 779 63 20
299 301 44 10
299 708 62 15
299 503 30 8
299 219 18 4
299 153 20 5
298 990 7 3
298 477 44 11
298 633 25 7
298 3 12 3
297 331 42 12
297 830 37 9
297 398 18 5
297 865 38 10
296 148 20 4
296 257 36 8
296 289 33 8
296 558 23 5
296 717 26 7
295 225 35 8
295 595 40 11
295 517 37 9
295 244 27 7
295 898 21 6
295 176 4 1
295 49 22 6
294 88 49 13
294 129 45 9
294 532 55 18
294 962 52 14
294 232 39 9
294 606 53 13
294 323 40 9
294 855 60 13
293 510 39 9
293 942 13 3
293 983 42 9
293 487 30 10
293 853 39 12
293 614 23 6
292 5 12 3
292 264 14 4
292 841 15 3
292 96 41 13
292 58 41 13
292 470 42 15
292 842 48 12
291 794 20 6
291 62 19 6
291 708 13 5
291 126 18 4
290 95 47 12
290 408 20 6
290 781 14 5
290 280 8 2
290 208 92 17
290 112 83 20
290 650 85 23
289 486 28 8
289 148 26 9
289 191 23 8
289 639 10 3
289 739 37 8
289 717 31 11
289 296 32 10
288 995 57 14
288 840 35 9
288 699 51 14
288 331 34 9
288 528 23 7
288 954 30 8
288 376 35 8
287 733 17 5
287 597 11 3
287 156 5 2
287 234 11 4
287 570 9 3
286 808 33 8
286 556 5 2
286 893 25 8
286 308 69 19
286 619 30 7
285 512 93 23
285 263 65 17
285 819 6 2
285 723 38 10
284 509 14 4
284 31 17 5
284 912 16 5
284 728 17 5
284 606 20 7
284 942 39 11
284 216 45 10
283 184 77 16
283 706 53 11
283 582 27 6
283 240 29 9
283 771 71 16
283 281 31 8
283 307 58 14
282 666 82 21
282 301 36 9
282 1 15 4
282 219 54 12
282 223 61 12
282 782 64 17
282 691 41 14
281 582 25 7
281 307 45 12
281 283 32 7
281 39 14 3
281 791 5 2
281 104 36 11
280 303 21 6
280 408 17 6
280 781 12 4
280 290 7 2
279 695 32 8
279 428 45 10
279 261 29 7
279 968 24 7
279 843 42 11
279 580 32 7
278 867 26 8
278 813 16 5
278 52 22 6
278 852 26 7
278 16 31 7
277 711 4 1
277 788 22 7
277 388 30 7
277 815 18 5
277 796 37 10
276 262 67 19
276 210 43 10
276 333 63 15
276 925 48 12
276 960 34 10
276 922 53 16
276 248 27 8
276 910 55 17
275 452 46 14
275 435 46 15
275 90 20 5
275 816 54 12
275 952 68 15
275 259 17 6
275 597 68 15
275 602 36 10
274 434 37 8
274 670 14 4
274 60 22 7
274 406 59 14
274 78 30 8
273 528 46 13
273 954 55 12
273 983 40 12
273 487 46 12
273 969 46 9
273 375 23 7
273 607 33 8
273 344 23 6
273 621 32 9
272 13 31 10
272 488 29 8
272 975 32 8
272 55 19 5
272 897 23 5
271 966 56 14
271 898 62 15
271 49 76 19
271 455 45 14
271 394 65 19
271 623 14 4
271 738 38 14
270 631 42 9
270 750 39 10
270 404 27 8
270 134 45 13
270 991 36 9
270 828 65 15
270 672 34 7
270 202 75 18
269 948 45 12
269 546 28 8
269 498 25 8
269 901 51 13
269 709 32 11
269 266 38 9
268 500 12 3
268 205 8 3
268 982 20 4
268 682 22 7
268 475 29 7
267 633 57 15
267 977 25 7
267 938 3 1
267 86 17 5
266 849 12 3
266 523 26 7
266 901 44 9
266 269 38 11
266 709 12 4
265 499 25 8
265 336 13 4
265 577 29 7
265 4 19 6
264 29 56 12
264 561 28 8
264 5 4 2
264 26 21 5
264 841 10 3
264 292 13 4
263 96 42 11
263 953 40 10
263 512 69 14
263 285 50 15
263 352 67 20
263 819 50 14
263 807 86 21
263 362 63 17
263 416 92 26
262 3 67 17
262 540 19 6
262 576 66 19
262 412 58 14
262 210 58 14
262 276 79 18
262 333 27 7
261 343 26 8
261 822 29 8
261 632 47 11
261 695 39 10
261 432 21 5
261 279 27 7
261 968 32 8
260 659 138 31
260 246 32 8
260 727 56 12
260 136 48 12
260 643 59 17
260 700 128 27
260 569 89 17
259 815 42 9
259 90 7 2
259 796 43 12
259 275 15 5
259 602 41 11
258 935 30 8
258 914 42 10
258 950 15 5
258 871 8 2
257 94 36 10
257 393 35 9
257 858 46 11
257 600 51 11
257 504 13 4
257 486 32 8
257 148 27 7
257 296 34 11
257 434 58 15
257 670 43 13
257 558 40 13
256 646 27 6
256 678 43 13
256 705 44 8
256 165 54 17
256 637 69 17
255 980 41 13
255 786 48 10
255 552 30 6
255 870 37 9
255 442 33 8
255 309 29 10
255 586 10 3
254 835 27 6
254 809 26 6
254 719 9 3
254 515 70 21
254 169 65 13
254 466 34 11
254 105 59 12
253 984 38 9
253 146 78 19
253 180 7 3
253 237 37 8
253 883 46 10
253 543 52 14
252 703 38 11
252 140 11 3
252 803 14 4
252 192 46 14
252 677 28 9
251 385 23 5
251 440 10 3
251 677 19 6
251 93 18 6
251 304 29 8
250 338 26 6
250 982 36 9
250 205 56 13
250 38 54 18
250 455 39 10
250 898 39 15
249 704 29 7
249 374 15 4
249 196 9 3
249 712 34 10
248 333 47 15
248 345 49 9
248 915 22 5
248 276 35 9
248 910 54 14
247 116 35 10
247 724 63 15
247 122 66 17
247 235 3 1
247 715 58 15
247 204 32 10
247 134 68 15
247 542 78 16
246 659 111 27
246 311 47 13
246 260 36 8
246 136 33 9
245 426 33 8
245 427 14 3
245 707 28 8
245 467 44 14
245 757 61 19
245 951 71 15
245 651 67 16
244 199 18 5
244 225 17 4
244 233 7 3
244 295 27 8
244 49 29 6
243 212 54 12
243 485 41 12
243 187 60 11
243 977 25 6
243 339 18 6
243 324 14 3
242 454 61 15
242 940 53 13
242 409 58 12
242 480 43 10
242 742 34 10
242 923 22 6
241 636 20 5
241 347 28 6
241 948 23 6
241 498 27 7
241 186 20 5
241 468 25 6
240 468 31 8
240 186 42 8
240 582 41 12
240 283 35 8
240 771 45 15
239 891 8 3
239 903 78 21
239 41 37 10
239 181 54 14
239 166 67 12
239 496 44 13
239 610 56 16
238 495 35 8
238 131 7 2
238 774 29 10
238 12 36 7
237 253 34 7
237 180 41 9
237 395 19 6
237 400 30 8
237 397 38 9
237 543 29 8
236 937 41 12
236 316 40 12
236 661 16 5
236 877 33 8
236 854 70 15
235 116 30 8
235 585 18 5
235 783 36 11
235 247 3 1
235 715 64 15
234 733 16 4
234 167 37 8
234 287 11 3
234 570 7 3
234 653 45 12
234 666 71 22
233 807 20 7
233 199 20 5
233 244 9 2
233 49 22 7
233 125 9 2
233 352 44 12
232 532 45 9
232 294 30 10
232 323 17 5
232 885 10 3
231 801 22 7
231 352 58 14
231 389 43 13
231 959 46 12
231 128 51 11
230 796 63 16
230 602 61 16
230 779 54 14
230 62 31 7
230 794 22 5
229 332 36 9
229 541 69 14
229 42 68 15
229 957 29 6
229 224 49 14
229 681 32 9
228 550 56 17
228 964 13 3
228 135 15 4
228 7 42 11
228 616 65 17
227 551 46 12
227 209 32 7
227 904 39 9
227 753 59 18
227 683 21 7
227 391 40 9
227 218 36 7
226 115 15 4
226 18 76 16
226 473 63 13
226 612 20 4
226 805 55 14
225 360 44 12
225 807 14 3
225 595 49 11
225 295 38 10
225 244 16 5
225 199 10 3
224 943 57 12
224 42 25 8
224 229 50 12
224 681 78 17
224 860 30 8
224 592 47 13
223 666 32 9
223 467 31 7
223 282 70 16
223 203 25 9
223 691 21 6
222 604 9 3
222 162 16 6
222 795 21 5
222 476 17 5
222 932 29 9
222 645 12 3
222 905 32 9
221 768 46 15
221 566 40 13
221 508 64 16
221 41 46 13
221 907 67 18
221 770 46 13
221 891 59 14
220 425 50 13
220 659 39 11
220 311 51 15
220 667 37 10
220 172 12 4
220 372 18 5
219 301 39 9
219 282 45 10
219 299 17 5
219 782 50 10
219 153 26 6
218 391 12 3
218 227 36 8
218 382 14 5
218 683 20 8
217 482 27 7
217 111 17 4
217 206 25 7
217 521 3 1
217 817 21 5
216 606 23 6
216 855 20 6
216 284 32 12
216 942 41 8
216 614 38 10
216 48 31 7
216 479 32 8
215 902 67 19
215 980 63 17
215 453 29 8
215 370 27 10
215 552 52 14
215 870 40 10
215 878 43 10
215 626 39 12
214 965 18 5
214 816 29 8
214 952 26 8
214 101 8 3
213 972 43 11
213 118 39 13
213 127 40 10
213 665 15 4
213 571 25 6
213 97 32 8
212 175 78 18
212 741 88 17
212 511 52 13
212 485 12 4
212 633 74 21
212 243 42 13
212 977 41 11
211 867 32 10
211 813 39 8
211 547 26 7
211 959 14 3
211 341 50 15
211 806 64 19
210 412 30 8
210 262 63 17
210 685 26 7
210 507 8 3
210 276 32 8
210 960 11 3
209 438 34 7
209 549 15 5
209 551 32 9
209 904 30 6
209 227 29 7
208 943 75 19
208 95 33 10
208 290 63 21
208 650 9 3
208 534 14 3
208 967 21 6
207 934 37 11
207 652 28 8
207 673 22 5
207 873 25 7
207 926 12 4
206 755 12 3
206 482 24 6
206 139 32 9
206 419 35 10
206 817 31 9
206 217 23 6
205 982 15 5
205 268 8 3
205 250 42 14
205 38 49 14
205 682 24 5
204 122 33 11
204 247 38 11
204 631 54 12
204 134 44 8
203 223 31 7
203 467 49 14
203 691 40 11
203 936 35 10
203 757 19 6
203 874 49 13
202 270 55 15
202 672 57 14
202 157 64 18
202 725 42 10
202 828 5 2
202 798 35 11
202 152 41 11
201 191 28 6
201 805 16 3
201 739 24 7
201 657 17 5
200 651 26 6
200 757 85 16
200 758 66 17
200 509 36 9
200 962 17 5
199 807 3 1
199 233 21 5
199 244 21 4
199 225 9 3
198 911 15 4
198 361 9 3
198 765 19 6
198 462 34 8
198 864 22 6
198 43 24 5
198 117 20 6
197 515 44 11
197 839 36 8
197 358 18 6
197 537 20 6
197 823 45 11
197 772 28 8
196 374 19 5
196 249 9 3
196 551 25 9
196 753 30 8
196 712 36 11
195 48 40 9
195 54 73 17
195 614 45 10
195 853 47 11
195 107 42 11
195 729 64 16
194 985 25 7
194 800 39 11
194 33 20 6
194 713 9 2
194 493 58 17
193 387 36 9
193 303 20 7
193 67 23 8
193 408 31 8
193 179 32 9
192 703 42 13
192 383 16 4
192 252 59 14
192 385 19 6
192 677 32 9
192 440 19 7
191 612 40 12
191 368 16 3
191 805 41 8
191 201 33 7
191 739 41 9
191 639 16 5
191 289 33 7
190 536 20 5
190 663 59 11
190 531 17 5
190 70 36 8
190 581 31 12
190 91 17 4
190 37 29 6
189 379 31 8
189 929 49 11
189 325 15 5
189 308 16 4
189 861 84 24
189 171 75 23
188 769 21 5
188 693 35 8
188 541 31 6
188 28 33 9
188 327 16 4
187 485 32 12
187 99 14 3
187 413 30 6
187 701 26 6
187 243 49 14
187 324 38 12
187 155 53 10
187 740 52 12
186 468 20 6
186 241 15 4
186 240 33 9
186 582 61 15
186 498 19 5
185 956 24 8
185 446 14 4
185 548 39 9
185 603 49 13
185 680 13 5
185 703 20 5
184 76 21 6
184 771 31 7
184 696 7 2
184 143 48 16
184 706 57 14
184 283 58 19
183 765 35 9
183 462 13 4
183 356 10 3
183 654 14 4
182 35 34 7
182 141 22 7
182 837 20 7
182 599 11 3
182 649 23 6
181 903 72 17
181 239 65 17
181 546 79 16
181 709 48 11
181 849 55 14
181 984 38 8
181 610 24 7
180 849 59 11
180 984 31 8
180 523 62 12
180 142 53 12
180 253 8 2
180 395 51 11
180 237 41 9
179 387 41 8
179 868 41 10
179 594 43 11
179 114 46 14
179 193 34 7
179 408 45 11
179 357 35 10
179 112 60 19
178 571 31 7
178 916 7 2
178 97 16 5
178 746 58 13
178 787 14 3
177 593 34 8
177 539 14 5
177 596 33 10
177 342 22 6
177 762 17 6
176 295 4 1
176 49 21 8
176 966 15 4
176 898 18 5
175 145 31 7
175 741 44 12
175 212 72 19
175 686 41 13
175 511 52 16
174 926 43 15
174 873 45 12
174 17 37 10
174 469 52 13
174 47 19 5
174 122 40 14
173 674 39 14
173 934 36 9
173 673 43 10
173 489 22 5
173 763 38 8
172 220 12 4
172 667 26 7
172 372 15 4
171 189 98 20
171 325 69 21
171 726 34 7
171 861 13 4
171 492 16 4
170 149 51 15
170 899 60 16
170 454 75 16
170 409 33 7
170 825 6 2
170 61 46 11
169 254 50 19
169 105 25 9
169 839 25 6
169 515 10 3
168 693 41 11
168 943 29 10
168 524 5 2
168 42 12 4
167 785 26 7
167 733 20 7
167 234 36 9
167 998 56 11
167 666 64 14
166 891 60 15
166 239 59 17
166 530 63 17
166 445 49 12
166 418 49 14
166 496 31 8
166 617 20 6
166 305 48 12
165 256 70 20
165 637 55 17
165 675 56 15
165 678 84 15
165 785 73 22
165 998 37 10
165 707 32 7
165 426 61 15
165 427 42 10
164 400 39 10
164 460 6 2
164 588 26 6
164 618 42 12
164 397 53 14
164 464 29 9
163 392 69 18
163 391 70 17
163 844 28 9
163 457 49 15
163 56 24 8
163 53 63 15
163 692 44 13
163 720 14 5
162 300 19 5
162 856 28 7
162 476 30 7
162 222 20 5
162 795 3 1
161 715 43 11
161 377 14 4
161 351 17 5
161 316 33 7
160 893 40 10
160 430 30 8
160 444 16 4
160 583 44 10
160 608 24 6
159 436 47 12
159 492 73 16
159 567 24 9
159 986 18 5
159 634 47 14
159 89 45 8
158 22 1 1
158 920 29 8
158 721 40 8
158 921 31 8
158 302 24 6
157 18 23 5
157 672 13 4
157 40 53 13
157 798 48 10
157 202 60 18
156 597 16 4
156 287 7 2
156 429 16 4
156 570 9 3
156 756 15 4
155 99 44 13
155 187 38 12
155 753 40 8
155 722 43 14
155 386 21 6
155 740 27 9
154 397 16 4
154 543 17 4
154 464 40 9
154 450 40 9
154 145 72 19
154 888 32 9
153 299 17 5
153 219 27 6
153 503 28 6
153 875 27 8
153 782 34 13
153 684 46 9
153 92 37 11
152 725 60 13
152 202 37 9
152 798 28 10
152 315 37 7
152 326 37 9
152 790 33 8
152 974 50 11
152 59 43 11
151 683 61 16
151 27 36 8
151 2 11 4
151 420 26 7
150 673 12 3
150 763 19 5
150 926 16 5
150 74 17 6
149 642 114 23
149 61 12 3
149 550 75 16
149 913 97 25
149 170 59 15
149 899 69 19
148 257 30 8
148 486 14 5
148 296 13 5
148 289 35 8
147 627 40 12
147 642 34 9
147 630 44 9
147 940 61 15
147 14 64 17
146 610 69 14
146 496 49 10
146 617 28 9
146 984 53 20
146 253 62 21
146 789 13 3
146 859 23 5
146 883 66 17
145 154 71 14
145 888 47 11
145 560 56 14
145 355 82 22
145 519 90 19
145 741 57 15
145 450 76 21
145 686 70 16
145 175 26 7
144 748 67 20
144 520 49 17
144 557 32 10
144 892 56 13
144 949 28 10
144 401 44 12
144 28 65 13
143 497 41 10
143 696 50 13
143 184 54 14
143 832 17 4
143 50 32 9
143 706 64 20
143 138 19 6
142 523 20 7
142 180 50 11
142 395 8 2
142 613 27 6
142 400 10 3
141 106 20 5
141 35 11 4
141 182 26 8
141 649 23 7
141 348 22 5
140 475 19 6
140 803 21 4
140 252 14 3
140 682 19 6
140 38 46 10
140 677 47 12
140 304 51 18
139 419 42 10
139 206 36 8
139 817 27 6
139 532 19 6
139 405 14 4
139 885 36 12
138 143 20 5
138 516 59 17
138 784 39 13
138 832 11 3
138 88 52 12
138 491 47 16
138 706 77 21
137 107 36 11
137 729 63 15
137 484 46 10
137 103 51 11
137 512 27 7
137 26 51 13
136 311 50 12
136 246 29 8
136 622 40 10
136 987 30 7
136 727 31 7
136 260 41 9
135 228 21 5
135 964 27 7
135 7 36 12
135 109 34 9
135 456 35 12
135 811 41 10
135 760 28 6
134 204 39 10
134 631 53 12
134 247 49 15
134 270 52 11
134 991 17 5
134 542 31 6
133 717 67 18
133 846 18 6
133 526 12 5
133 657 29 7
133 739 26 6
132 754 66 16
132 847 66 18
132 502 37 9
132 668 20 4
132 609 32 8
132 862 44 15
131 495 41 8
131 238 6 2
131 999 40 11
131 711 33 12
131 12 38 9
131 788 26 10
130 505 16 5
130 513 19 5
130 424 27 10
129 113 61 14
129 88 14 4
129 491 6 2
129 294 43 11
129 419 69 17
129 532 65 15
128 352 44 8
128 125 46 10
128 231 37 11
128 959 57 16
128 806 32 11
128 49 49 11
127 407 55 15
127 535 47 16
127 773 14 5
127 108 51 15
127 118 34 9
127 213 39 11
127 665 44 15
126 794 31 9
126 291 15 5
126 708 19 6
126 388 140 40
126 863 56 12
126 306 152 39
125 352 33 10
125 233 9 2
125 49 22 6
125 128 48 10
124 45 27 9
124 10 23 6
124 627 137 29
124 996 18 4
123 797 8 2
123 15 10 3
123 483 7 2
123 906 10 3
122 469 48 17
122 174 57 13
122 47 44 12
122 52 47 14
122 724 36 11
122 204 42 12
122 247 68 17
122 631 56 11
122 16 54 12
121 850 24 6
121 82 8 2
121 54 38 10
121 411 33 11
121 930 43 10
121 531 50 14
121 70 47 13
120 362 8 3
120 32 2 1
120 470 12 4
119 511 6 2
119 413 20 7
119 485 26 7
119 648 22 6
119 701 29 6
118 535 45 13
118 545 23 4
118 127 34 9
118 972 36 8
118 213 40 10
117 462 29 8
117 198 22 6
117 43 8 2
117 674 5 2
117 694 34 9
116 572 37 8
116 751 29 8
116 724 41 11
116 19 41 12
116 585 25 6
116 247 28 9
116 235 37 7
115 21 98 21
115 341 87 20
115 856 46 10
115 476 29 8
115 932 20 7
115 612 19 5
115 18 75 22
115 226 14 4
114 961 22 6
114 594 8 2
114 179 46 13
114 881 57 18
114 357 31 6
113 307 19 6
113 706 20 7
113 419 22 5
113 129 67 18
113 491 75 16
112 179 55 19
112 408 71 23
112 881 31 6
112 357 41 8
112 650 179 45
112 290 110 24
111 482 18 5
111 217 19 5
111 521 16 4
111 994 38 11
111 30 43 10
111 588 51 12
111 618 60 15
111 501 54 14
110 367 16 4
110 905 11 3
110 20 14 4
110 979 18 5
109 7 31 10
109 135 35 11
109 471 6 2
109 456 13 4
109 973 13 4
108 773 53 15
108 127 50 11
108 34 37 13
108 415 41 10
108 615 61 15
108 665 14 5
108 679 52 13
107 195 43 14
107 484 8 3
107 853 41 8
107 137 44 10
107 729 64 17
106 775 40 8
106 318 46 13
106 578 22 5
106 35 25 6
106 141 20 5
106 958 65 15
106 348 27 7
105 254 68 13
105 466 47 10
105 793 22 7
105 169 34 8
105 329 34 10
105 839 33 9
104 281 48 9
104 791 33 11
104 39 44 12
104 340 43 9
104 482 19 5
104 307 53 11
104 755 16 5
103 484 52 15
103 137 48 11
103 635 28 6
103 342 44 10
103 851 78 22
103 723 106 31
103 512 49 14
102 8 14 3
102 974 29 8
102 346 43 12
102 714 36 11
102 749 40 12
101 965 33 8
101 705 6 2
101 214 10 3
101 678 42 9
101 952 36 9
100 697 45 12
100 417 37 10
100 722 68 16
100 915 43 15
100 910 61 16
100 548 61 16
100 985 35 12
99 187 11 4
99 701 18 6
99 872 17 4
99 712 19 7
99 753 43 14
99 155 41 15
98 456 35 8
98 811 24 6
98 364 32 7
98 50 15 5
98 638 15 5
98 322 29 8
97 665 33 10
97 679 24 6
97 916 12 3
97 178 13 5
97 571 32 9
97 213 35 10
96 841 64 13
96 292 47 10
96 512 78 21
96 953 4 1
96 263 47 13
96 32 27 7
96 470 29 7
95 781 33 8
95 799 13 4
95 290 47 12
95 943 73 22
95 208 41 11
94 764 11 4
94 393 12 3
94 257 31 9
94 504 24 7
94 20 34 9
93 385 17 4
93 251 21 6
93 520 49 12
93 304 39 10
93 334 62 14
93 892 37 10
93 553 47 13
92 782 24 6
92 989 43 10
92 684 9 2
92 153 40 12
91 663 57 12
91 477 30 9
91 37 13 4
91 190 15 4
90 12 30 10
90 75 26 8
90 788 35 10
90 452 44 12
90 815 32 8
90 275 19 5
90 259 9 3
89 159 41 8
89 567 26 9
89 986 28 6
89 535 43 10
89 545 30 6
89 735 45 10
89 634 37 11
88 138 45 13
88 516 38 10
88 988 47 11
88 962 56 14
88 294 43 12
88 491 11 3
88 129 15 5
87 792 16 4
87 529 12 4
87 848 38 11
87 472 22 7
87 336 34 9
87 499 28 7
86 633 48 13
86 540 11 4
86 333 17 5
86 938 16 5
86 267 16 4
85 658 35 8
85 463 47 11
85 480 27 9
85 636 46 12
85 347 27 8
84 992 53 11
84 51 48 12
84 949 45 12
84 505 11 3
84 935 35 10
84 914 22 7
83 655 65 14
83 763 35 11
83 731 21 6
83 481 36 9
83 74 31 9
83 469 51 12
83 572 51 12
82 850 24 6
82 479 76 17
82 121 6 2
82 54 36 10
81 877 50 13
81 346 37 12
81 64 17 5
81 854 18 4
80 914 32 8
80 716 5 1
80 330 51 10
80 424 23 7
80 945 41 13
79 473 19 4
79 921 19 6
79 465 45 10
79 526 39 13
79 657 20 5
78 274 38 9
78 60 21 5
78 406 30 7
78 890 46 10
77 922 35 10
77 993 30 6
77 982 31 9
77 500 34 10
77 603 18 5
76 742 43 11
76 57 45 14
76 497 19 5
76 696 17 5
76 184 20 6
76 771 33 8
75 774 22 7
75 970 20 8
75 12 19 6
75 452 26 6
75 90 33 8
74 763 24 5
74 150 20 6
74 926 39 9
74 469 26 7
74 83 36 11
73 667 53 12
73 474 50 13
73 311 43 14
73 343 33 7
73 622 9 3
73 695 20 7
73 478 3 1
72 901 32 9
72 340 38 13
72 994 46 12
72 613 7 2
72 460 41 12
71 688 354 82
71 388 346 76
71 306 51 11
71 821 19 5
71 937 423 106
71 946 266 65
71 719 125 34
71 624 19 4
71 502 69 19
70 190 39 10
70 581 34 8
70 411 25 6
70 121 47 14
70 531 20 7
69 573 54 12
69 317 25 7
69 958 43 10
69 808 26 7
69 556 24 6
69 810 15 5
68 787 35 9
68 944 2 1
68 879 9 2
68 887 38 10
68 314 15 6
68 387 20 7
67 887 55 12
67 387 41 13
67 193 24 8
67 303 31 8
67 669 18 5
67 698 44 14
66 44 45 9
66 569 24 8
66 643 33 9
66 488 67 13
66 975 34 9
66 876 40 11
66 886 41 10
65 439 52 16
65 646 67 18
65 637 48 13
65 778 30 6
65 909 27 8
65 616 35 8
64 81 19 5
64 854 25 7
64 346 37 9
64 749 38 9
64 866 163 36
64 380 251 54
64 414 353 75
63 619 53 12
63 308 38 10
63 325 37 10
63 373 59 15
63 437 13 4
63 660 29 8
62 230 31 8
62 779 63 12
62 794 16 4
62 291 21 6
62 299 67 18
62 708 21 5
61 149 10 3
61 825 47 11
61 170 52 13
61 964 52 12
61 550 65 17
60 670 24 8
60 274 24 7
60 558 33 11
60 78 17 6
60 890 33 8
59 725 12 4
59 744 13 4
59 24 13 4
59 152 39 14
59 974 44 11
58 5 54 14
58 561 59 14
58 690 44 8
58 747 29 7
58 820 45 12
58 292 46 10
58 842 20 7
57 742 28 9
57 825 34 9
57 409 21 6
57 760 36 12
57 811 50 16
57 76 44 14
57 497 61 14
56 844 28 7
56 163 24 6
56 900 27 8
56 720 18 4
56 535 38 9
56 407 26 7
55 13 28 7
55 869 18 5
55 15 66 14
55 656 54 18
55 272 21 5
55 897 38 9
54 48 50 16
54 479 71 19
54 82 33 8
54 121 40 8
54 195 63 14
54 930 35 10
54 729 61 14
54 29 43 10
54 335 23 7
53 457 30 8
53 359 26 6
53 382 26 7
53 27 17 6
53 163 49 17
53 692 39 11
52 47 19 6
52 867 20 4
52 122 40 13
52 278 18 6
52 16 35 10
51 892 17 6
51 553 11 3
51 992 27 8
51 949 21 6
51 84 45 11
50 811 38 7
50 497 53 13
50 638 3 1
50 98 16 4
50 832 36 7
50 143 29 10
49 233 27 5
49 125 23 5
49 244 32 6
49 295 22 6
49 176 31 8
49 128 45 14
49 806 47 13
49 966 32 7
49 271 74 15
49 394 77 18
48 216 33 10
48 479 17 5
48 614 26 7
48 195 35 10
48 54 57 17
47 17 24 9
47 547 35 9
47 174 18 5
47 122 49 14
47 52 18 6
47 867 24 7
46 684 40 11
46 328 15 5
46 564 31 9
46 644 42 9
46 989 47 10
46 449 50 13
45 10 35 8
45 124 35 8
45 732 64 23
45 996 36 9
45 369 45 12
45 591 49 12
45 381 54 13
45 768 23 5
44 918 40 10
44 643 21 6
44 66 43 12
44 488 53 11
44 894 49 12
43 198 22 6
43 864 13 3
43 117 8 3
43 934 56 11
43 674 9 3
42 541 35 10
42 943 36 9
42 524 16 4
42 168 13 3
42 224 21 8
42 229 48 17
41 508 25 9
41 221 53 12
41 555 36 10
41 891 41 10
41 903 61 13
41 239 41 9
40 157 53 13
40 18 68 13
40 798 15 4
40 315 26 6
40 22 36 12
40 473 68 19
40 921 56 17
39 281 11 3
39 582 19 6
39 791 7 2
39 104 48 12
39 838 7 2
39 340 21 6
38 250 73 14
38 205 59 14
38 682 51 14
38 140 43 13
38 455 47 14
38 902 34 9
38 304 86 22
38 980 41 13
37 477 31 10
37 25 19 5
37 581 28 6
37 91 14 4
37 190 28 7
36 310 13 5
36 483 27 9
36 775 56 13
36 318 29 7
36 777 44 13
36 447 8 2
35 775 8 3
35 837 21 5
35 106 23 8
35 182 32 8
35 141 14 4
34 761 21 6
34 415 17 5
34 108 38 10
34 499 54 12
34 615 60 16
34 4 35 8
33 985 21 5
33 548 39 11
33 383 66 13
33 194 22 6
33 493 62 15
32 96 29 6
32 470 12 4
32 120 2 1
32 362 11 3
32 953 27 7
31 962 33 9
31 606 14 4
31 284 17 5
31 509 14 4
30 521 28 9
30 111 41 11
30 405 49 14
30 817 32 8
30 850 71 18
30 501 59 15
30 601 49 14
30 536 58 17
30 531 57 14
29 930 45 9
29 54 35 12
29 335 29 7
29 729 37 10
29 26 45 13
29 737 67 16
29 264 43 11
29 561 34 11
28 144 56 15
28 557 45 16
28 327 42 8
28 188 31 11
28 401 21 6
28 939 22 5
28 332 37 7
28 541 43 12
27 683 50 11
27 151 29 9
27 382 31 11
27 53 21 6
27 2 36 10
27 359 32 8
27 443 50 13
26 29 55 14
26 729 40 9
26 137 58 16
26 512 55 16
26 264 24 5
26 841 17 5
25 37 20 6
25 477 46 13
25 576 42 14
25 737 53 10
25 581 20 5
24 59 17 4
24 744 15 5
24 620 65 17
24 8 55 11
24 974 47 11
23 827 21 6
23 459 31 9
23 595 19 4
23 993 48 9
23 517 34 7
23 338 33 10
22 315 39 10
22 40 37 11
22 790 35 9
22 920 33 9
22 921 30 9
22 158 1 1
21 813 50 14
21 341 15 4
21 852 40 11
21 404 35 10
21 18 61 16
21 115 100 22
20 367 18 5
20 110 13 4
20 764 24 7
20 94 34 9
20 979 18 6
20 504 19 6
20 641 23 5
19 823 32 6
19 772 57 15
19 481 41 12
19 751 54 11
19 319 61 13
19 506 45 13
19 116 33 10
19 585 53 11
18 404 45 10
18 21 63 17
18 672 28 7
18 157 18 4
18 115 77 18
18 40 52 13
18 226 74 16
18 473 81 26
17 389 27 10
17 873 40 13
17 174 35 9
17 959 39 10
17 547 15 4
17 47 26 9
16 52 40 9
16 278 32 7
16 852 31 7
16 750 26 7
16 631 4 1
16 122 45 15
15 869 58 13
15 797 4 1
15 123 9 3
15 55 50 14
15 483 12 4
15 656 52 13
15 318 24 5
14 147 53 15
14 630 42 10
14 940 54 11
14 658 10 4
14 480 28 7
13 843 40 10
13 488 4 2
13 272 35 9
13 55 32 9
13 869 38 10
12 238 33 10
12 774 34 8
12 75 17 6
12 131 37 8
12 90 30 9
12 788 16 4
11 630 17 6
11 759 29 7
11 366 28 7
11 658 41 11
11 463 20 6
11 363 22 6
10 732 72 14
10 45 29 8
10 627 140 39
10 124 23 6
9 647 40 10
9 563 35 9
9 829 32 10
9 587 26 5
9 752 58 13
8 24 46 11
8 974 39 9
8 620 49 13
8 102 13 3
8 346 38 10
7 616 29 9
7 228 38 10
7 109 29 9
7 135 35 10
7 778 20 4
7 471 26 8
7 973 29 8
6 436 141 39
6 634 69 22
6 896 56 14
6 895 47 11
6 961 67 14
6 836 22 7
5 561 22 6
5 264 5 1
5 58 48 16
5 292 14 4
4 499 41 8
4 34 27 8
4 577 43 9
4 265 18 6
4 769 60 16
4 693 63 15
4 554 57 15
4 615 64 14
3 298 10 3
3 477 39 12
3 576 86 17
3 262 54 12
3 633 22 6
3 540 61 15
2 151 13 3
2 420 23 7
2 27 35 10
2 792 67 16
2 443 46 14
2 848 68 19
2 800 39 9
1 666 73 15
1 653 3 1
1 282 16 4
1 301 32 7
