nnodes narcs source target drone_limit type
10 40 8 5 89 drone_routing_pli_project1
nodename posx posy
10 170.354 370.348
9 543.106 779.788
8 177.094 660.641
7 732.693 279.944
6 971.862 451.813
5 256.869 850.988
4 169.171 477.105
3 518.233 865.638
2 788.599 198.069
1 524.84 272.854
tail head car_cost drone_cost
10 2 588 168
10 1 420 85
10 4 103 31
9 6 645 126
9 7 613 132
9 3 100 22
9 8 409 99
9 5 263 79
9 1 504 109
9 4 569 126
8 4 149 56
8 9 439 82
8 5 169 51
7 6 288 88
7 2 111 21
7 1 196 44
7 9 596 148
6 3 707 128
6 9 569 159
6 7 282 82
6 2 357 85
5 3 241 71
5 9 288 79
5 8 174 56
4 8 174 51
4 9 507 99
4 1 431 101
4 10 121 23
3 6 575 145
3 9 78 19
3 5 259 69
2 10 752 175
2 1 281 57
2 7 96 25
2 6 253 68
1 2 230 66
1 7 223 48
1 9 494 153
1 10 395 99
1 4 447 117
