nnodes narcs source target drone_limit type
10 40 8 5 354 drone_routing_pli_project1
nodename posx posy
10 170.354 370.348
9 543.106 779.788
8 177.094 660.641
7 732.693 279.944
6 971.862 451.813
5 256.869 850.988
4 169.171 477.105
3 518.233 865.638
2 788.599 198.069
1 524.84 272.854
tail head car_cost drone_cost
10 2 588 672
10 1 420 339
10 4 103 123
9 6 645 501
9 7 613 526
9 3 100 86
9 8 409 393
9 5 263 314
9 1 504 434
9 4 569 504
8 4 149 221
8 9 439 328
8 5 169 201
7 6 288 352
7 2 111 81
7 1 196 176
7 9 596 592
6 3 707 510
6 9 569 633
6 7 282 326
6 2 357 340
5 3 241 284
5 9 288 314
5 8 174 224
4 8 174 203
4 9 507 396
4 1 431 404
4 10 121 90
3 6 575 580
3 9 78 73
3 5 259 275
2 10 752 700
2 1 281 228
2 7 96 99
2 6 253 269
1 2 230 261
1 7 223 190
1 9 494 609
1 10 395 396
1 4 447 468
