nnodes narcs source target drone_limit type
100 566 64 10 248 drone_routing_pli_project1
nodename posx posy
100 487.068 430.172
99 225.39 221.913
98 821.646 17.4299
97 764.758 791.882
96 376.149 30.4311
95 727.632 795.988
94 859.32 415.666
93 474.805 973.298
92 335.768 524.249
91 574.644 7.21638
90 442.773 761.886
89 135.006 400.871
88 251.452 471.019
87 2.38575 829.85
86 620.283 21.6354
85 421.304 78.2843
84 660.17 501.997
83 91.3012 262.176
82 122.463 994.324
81 762.385 311.632
80 241.126 296.047
79 920.894 122.273
78 710.89 66.3188
77 7.13974 380.877
76 14.8563 811.484
75 416.116 541.027
74 474.833 302.753
73 127.379 475.23
72 979.495 984.428
71 726.01 899.247
70 940.191 581.16
69 271.32 174.879
68 269.496 456.638
67 573.65 706.617
66 8.06031 681.926
65 3.87955 996.879
64 122.3 217.063
63 708.827 889.995
62 237.434 931.247
61 684.053 477.071
60 982.395 331.397
59 381.046 147.048
58 827.346 141.671
57 637.682 932.797
56 959.896 192.72
55 630.293 428.399
54 838.342 213.472
53 85.6546 442.747
52 592.216 953.826
51 166.665 237.487
50 721.493 847.03
49 683.106 690.632
48 432.617 998.16
47 677.315 282.034
46 95.2227 372.039
45 14.4322 148.498
44 408.344 471.286
43 560.338 74.5028
42 926.049 723.788
41 471.948 623.31
40 153.765 28.6283
39 340.067 361.149
38 828.899 89.9173
37 622.765 457.085
36 630.371 57.7588
35 366.91 760.268
34 106.003 712.986
33 438.992 656.149
32 295.697 704.781
31 847.217 709.923
30 390.405 764.816
29 630.597 929.251
28 877.155 74.4134
27 784.828 763.968
26 350.988 108.022
25 778.294 37.0751
24 444.482 982.164
23 45.8001 432.362
22 850.44 128.297
21 15.5657 997.311
20 955.938 614.512
19 481.48 137.769
18 225.964 657.914
17 654.453 549.801
16 778.592 399.323
15 862.447 455.172
14 984.527 316.605
13 388.979 865.367
12 851.977 303.747
11 286.993 614.677
10 170.354 370.348
9 543.106 779.788
8 177.094 660.641
7 732.693 279.944
6 971.862 451.813
5 256.869 850.988
4 169.171 477.105
3 518.233 865.638
2 788.599 198.069
1 524.84 272.854
tail head car_cost drone_cost
100 55 119 43
100 1 163 34
100 37 160 28
100 41 189 53
100 44 97 20
100 75 115 38
100 39 142 48
100 74 133 36
99 69 60 16
99 80 87 19
99 64 114 28
99 51 51 14
98 28 72 20
98 38 63 19
98 25 43 14
98 91 244 74
98 86 226 57
97 72 234 81
97 42 176 45
97 27 31 9
97 71 131 32
97 95 34 11
97 50 69 17
96 91 240 48
96 40 253 45
96 26 72 22
96 85 54 19
95 27 56 15
95 97 39 9
95 50 60 12
95 9 156 55
95 67 156 54
95 49 117 27
94 60 147 32
94 6 102 28
94 12 97 30
94 16 82 19
94 15 44 9
93 52 114 30
93 3 138 31
93 48 48 14
93 13 113 38
93 24 29 8
92 44 79 22
92 75 74 19
92 11 98 30
92 88 110 30
92 68 80 27
91 98 253 59
91 86 57 15
91 43 77 16
91 40 461 108
91 96 164 52
91 85 202 43
90 9 97 25
90 67 122 40
90 3 126 27
90 13 116 35
90 33 96 31
90 30 57 14
89 4 95 22
89 10 40 13
89 73 83 17
89 46 43 10
89 53 78 19
88 92 115 29
88 68 23 6
88 11 142 36
88 10 117 28
88 4 86 21
87 21 147 44
87 65 143 44
87 82 202 61
87 76 24 6
87 77 522 92
87 66 166 33
86 25 175 41
86 98 204 57
86 78 98 21
86 91 49 15
86 43 72 23
86 36 36 10
85 43 148 33
85 91 185 38
85 19 68 18
85 59 93 23
85 26 89 20
85 96 76 20
84 61 39 9
84 37 49 17
84 17 55 11
83 10 155 37
83 51 74 23
83 64 62 14
83 46 125 26
83 45 154 29
83 77 156 44
82 48 348 77
82 62 145 35
82 21 92 22
82 76 224 53
82 87 206 61
81 12 108 27
81 54 131 31
81 2 94 25
81 16 87 22
81 55 181 46
81 47 107 27
81 7 48 13
80 39 131 30
80 69 141 32
80 68 176 34
80 99 74 22
80 51 107 22
80 10 92 29
79 56 72 24
79 54 126 27
79 22 66 16
79 28 59 16
78 58 135 30
78 25 70 21
78 38 132 32
78 86 87 27
78 36 83 18
78 47 257 62
78 2 167 43
77 46 94 21
77 23 74 17
77 45 223 51
77 83 125 37
77 87 518 133
77 66 283 67
76 62 295 73
76 5 252 67
76 34 123 32
76 82 199 61
76 66 119 32
76 87 20 6
75 41 92 25
75 100 144 37
75 44 78 16
75 33 119 35
75 92 82 23
75 11 133 32
74 1 50 16
74 19 191 49
74 100 114 38
74 59 150 42
74 39 168 43
73 89 83 17
73 4 43 13
73 8 175 45
73 66 213 55
73 23 108 26
73 53 54 12
72 14 606 138
72 48 622 162
72 52 377 96
72 6 633 141
72 20 403 84
72 42 240 63
72 97 333 63
72 71 257 71
72 57 354 70
71 97 122 28
71 72 226 54
71 57 111 26
71 50 50 14
71 63 18 6
70 6 154 34
70 20 42 11
70 15 142 37
70 31 172 37
69 59 107 31
69 26 95 22
69 39 170 55
69 80 140 31
69 99 57 20
69 40 195 48
69 64 132 33
68 44 143 39
68 39 96 34
68 88 27 7
68 92 112 23
68 10 136 29
68 80 163 45
67 17 209 43
67 95 164 37
67 49 124 24
67 9 90 17
67 90 127 42
67 41 144 33
67 33 155 32
66 8 181 36
66 34 119 26
66 73 251 68
66 23 243 59
66 76 119 32
66 77 281 82
66 87 135 40
65 21 14 3
65 87 140 47
64 99 120 30
64 69 142 35
64 40 204 44
64 51 43 11
64 45 110 39
64 83 62 13
63 71 19 6
63 50 39 12
63 29 86 19
63 57 94 17
62 48 167 52
62 13 134 41
62 5 67 25
62 76 272 60
62 82 148 30
61 16 132 32
61 15 167 40
61 84 41 8
61 17 91 23
61 55 85 20
61 37 69 18
60 14 18 4
60 6 134 29
60 12 125 40
60 94 144 43
59 19 116 24
59 85 79 22
59 39 227 45
59 74 166 45
59 26 51 13
59 69 130 25
58 22 25 8
58 38 49 15
58 78 138 40
58 2 64 17
58 54 81 16
57 72 291 72
57 71 86 29
57 63 100 25
57 29 10 2
57 52 60 14
56 14 133 28
56 12 179 33
56 54 103 31
56 79 92 23
55 16 162 41
55 81 193 43
55 47 136 32
55 61 80 22
55 37 33 9
55 1 169 49
55 100 118 38
54 56 100 26
54 79 135 32
54 22 93 19
54 12 78 27
54 81 112 37
54 2 47 11
54 58 66 21
53 89 74 17
53 46 77 16
53 23 40 10
53 73 47 16
52 72 408 116
52 57 59 11
52 29 55 11
52 48 161 48
52 3 103 25
52 93 111 27
51 99 68 15
51 80 79 24
51 10 124 27
51 64 41 12
51 83 69 20
50 97 82 21
50 71 52 14
50 95 60 11
50 63 41 12
50 9 228 45
50 29 128 37
49 31 159 41
49 27 140 37
49 17 135 33
49 67 91 26
49 95 108 26
48 72 522 129
48 52 169 36
48 93 54 14
48 24 24 5
48 21 495 123
48 82 335 73
48 13 119 34
48 62 235 50
47 78 214 60
47 2 143 32
47 81 82 21
47 7 57 16
47 55 125 37
47 1 150 38
47 43 213 51
47 36 249 59
46 10 78 21
46 89 58 13
46 53 64 17
46 83 119 31
46 77 81 22
46 23 64 20
45 40 152 49
45 64 106 35
45 77 238 55
45 83 154 38
44 100 72 24
44 75 65 19
44 92 74 23
44 39 116 35
44 68 160 29
43 47 197 52
43 91 59 17
43 36 70 21
43 86 89 20
43 1 193 59
43 85 134 33
43 19 113 30
42 20 110 23
42 72 287 55
42 97 158 42
42 27 147 42
42 31 77 17
41 17 167 44
41 37 254 59
41 100 207 52
41 67 106 35
41 75 101 27
41 33 53 12
40 91 369 110
40 96 207 51
40 26 244 47
40 69 187 57
40 45 197 50
40 64 189 51
39 100 165 44
39 59 203 58
39 74 172 31
39 44 108 39
39 68 118 31
39 69 159 51
39 80 106 33
38 28 48 13
38 22 40 10
38 58 60 11
38 98 75 16
38 25 78 19
38 78 119 33
37 84 70 17
37 61 70 15
37 55 24 9
37 17 101 22
37 100 143 34
37 41 183 46
36 78 90 20
36 47 187 56
36 43 67 18
36 86 36 10
35 33 145 35
35 30 23 6
35 13 127 27
35 32 105 23
35 5 150 37
34 8 95 22
34 5 220 48
34 66 92 28
34 76 118 28
33 67 128 34
33 41 38 10
33 90 122 22
33 30 142 24
33 35 128 32
33 32 126 44
33 75 130 34
33 11 153 38
32 33 137 42
32 35 80 22
32 5 125 41
32 11 87 23
32 18 90 18
31 20 142 34
31 70 182 47
31 15 254 68
31 27 67 19
31 42 69 21
31 17 256 53
31 49 177 38
30 90 51 12
30 33 108 24
30 35 24 6
30 13 113 28
29 63 81 22
29 50 107 31
29 57 9 2
29 52 37 13
29 9 194 52
29 3 106 35
28 22 49 18
28 79 57 15
28 98 67 23
28 38 44 13
27 42 141 32
27 31 67 24
27 97 30 9
27 49 117 29
27 95 65 14
26 85 70 20
26 96 85 23
26 59 48 13
26 40 211 49
26 69 122 30
25 98 41 12
25 86 171 42
25 78 71 17
25 38 84 19
24 93 38 9
24 13 133 37
24 48 23 5
23 46 88 24
23 73 82 20
23 53 46 10
23 77 77 15
23 66 265 72
22 79 70 19
22 28 54 13
22 54 91 24
22 38 37 13
22 58 31 6
21 48 364 114
21 82 94 32
21 87 172 44
21 65 10 3
20 72 413 78
20 6 143 47
20 42 98 33
20 70 30 10
20 31 140 43
19 43 109 27
19 74 198 41
19 1 164 34
19 85 101 20
19 59 119 24
18 32 88 18
18 11 86 19
18 4 170 44
18 8 57 11
18 5 225 49
17 31 209 51
17 15 244 68
17 61 76 22
17 84 51 12
17 49 117 40
17 67 185 42
17 41 183 58
17 37 116 29
16 12 126 25
16 61 120 32
16 55 181 33
16 81 83 23
16 15 107 24
16 94 87 18
15 70 129 42
15 6 117 33
15 31 218 71
15 16 101 24
15 94 44 8
15 61 212 45
15 17 200 60
14 72 778 139
14 60 18 5
14 6 129 39
14 12 122 36
14 56 106 28
13 93 134 36
13 24 145 30
13 3 113 30
13 90 116 29
13 30 90 29
13 48 155 35
13 62 164 34
13 35 120 28
13 5 118 29
12 60 154 28
12 14 141 30
12 56 156 44
12 94 107 29
12 16 132 26
12 81 78 24
12 54 109 24
11 33 129 39
11 75 137 32
11 92 114 29
11 32 89 19
11 18 64 18
11 4 166 48
11 88 130 43
10 88 123 38
10 68 153 27
10 80 113 26
10 4 98 27
10 89 52 12
10 46 84 16
10 83 160 31
10 51 158 30
9 50 207 41
9 95 170 47
9 29 140 45
9 67 80 22
9 90 120 21
9 3 100 20
8 5 247 52
8 18 50 14
8 34 91 26
8 4 173 54
8 73 181 52
8 66 148 48
7 2 114 30
7 47 45 16
7 81 52 13
6 14 125 32
6 60 111 27
6 72 590 114
6 20 160 45
6 70 127 28
6 94 106 31
6 15 123 27
5 13 114 29
5 35 171 34
5 32 145 35
5 62 94 17
5 8 174 42
5 18 178 57
5 34 241 56
5 76 211 54
4 11 178 48
4 88 68 18
4 18 197 42
4 10 86 25
4 89 68 24
4 73 40 11
4 8 204 46
3 52 137 33
3 29 129 29
3 9 106 24
3 93 136 34
3 90 113 37
3 13 154 30
2 54 50 14
2 58 63 16
2 81 138 32
2 7 104 21
2 78 157 38
2 47 114 36
1 47 134 44
1 43 222 51
1 55 194 51
1 100 142 44
1 74 61 13
1 19 153 40
