nnodes narcs source target drone_limit type
10 42 1 7 1292 drone_routing_pli_project1
nodename posx posy
10 806.502 140.473
9 584.649 216.588
8 950.854 153.56
7 132.554 64.1665
6 351.209 573.345
5 750.497 366.274
4 187.59 990.434
3 565.489 1.76691
2 834.817 335.986
1 41.6303 454.492
tail head car_cost drone_cost
10 8 153 129
10 2 159 204
10 5 273 218
10 3 322 289
10 9 225 273
9 10 253 210
9 5 265 180
9 6 360 492
9 3 183 238
9 7 439 506
8 2 210 217
8 3 384 404
8 10 155 157
7 3 486 493
7 9 443 570
7 6 594 477
7 1 462 433
6 5 428 462
6 9 423 388
6 4 527 405
6 7 564 587
6 1 341 333
5 2 79 75
5 10 213 252
5 4 928 898
5 9 233 213
5 6 452 460
4 2 979 1082
4 5 739 872
4 6 374 461
4 1 504 657
3 8 370 465
3 10 261 288
3 7 516 463
3 9 251 205
2 8 194 216
2 4 1073 858
2 10 224 183
2 5 106 93
1 4 664 531
1 6 292 338
1 7 475 425
