nnodes narcs source target drone_limit type
500 2962 462 492 1323 drone_routing_pli_project1
nodename posx posy
500 167.027 455.929
499 297.154 502.088
498 798.731 723.16
497 463.999 220.576
496 262.626 8.53808
495 397.667 203.567
494 676.138 270.665
493 545.822 100.197
492 125.024 520.356
491 11.8773 229.3
490 479.189 663.943
489 861.895 935.833
488 449.999 282.307
487 658.056 58.6722
486 375.355 534.779
485 59.5693 651.9
484 199.462 374.267
483 256.885 731.31
482 414.369 366.006
481 749.987 859.565
480 81.4783 844.781
479 520.168 463.16
478 981.636 11.1248
477 872.398 2.41396
476 27.3116 52.2816
475 209.712 336.937
474 181.793 34.2301
473 231.05 672.408
472 687.281 311.801
471 681.016 403.558
470 622.003 569.399
469 906.902 530.916
468 948.721 468.75
467 350.046 407.193
466 842.88 735.67
465 391.915 629.954
464 304.481 467.586
463 38.7544 441.276
462 766.996 449.368
461 32.9048 7.8685
460 569.4 398.263
459 566.129 156.282
458 0.771307 749.954
457 704.996 231.557
456 954.827 887.124
455 456.458 672.324
454 635.09 498.75
453 561.425 73.9096
452 867.753 51.4461
451 235.097 100.602
450 343.326 521.796
449 226.99 750.519
448 1.29481 558.136
447 474.452 547.427
446 72.5143 948.756
445 916.672 93.8
444 327.208 617.114
443 538.977 663.074
442 464.25 649.219
441 668.979 715.511
440 488.825 998.703
439 857.909 204.901
438 326.435 285.886
437 185.31 600.279
436 824.231 391.898
435 528.062 710.153
434 5.33721 591.07
433 662.152 683.071
432 824.721 616.657
431 116.424 218.635
430 379.49 28.5703
429 492.185 792.666
428 252.481 368.42
427 693.375 48.855
426 412.778 27.4344
425 793.355 891.024
424 404.183 306.822
423 382.303 913.511
422 763.624 467.248
421 401.763 805.058
420 113.58 403.128
419 59.9496 161.158
418 850.518 56.5321
417 234.708 632.664
416 36.4287 532.207
415 284.266 650.609
414 21.2031 676.483
413 794.474 708.958
412 554.964 334.869
411 62.6429 703.108
410 63.6264 661.698
409 41.4875 441.542
408 276.894 385.239
407 703.295 734.55
406 231.382 357.707
405 917.188 465.187
404 585.289 675.302
403 716.196 545.975
402 234.641 132.034
401 442.504 426.715
400 20.9597 375.129
399 547.341 845.312
398 269.676 321.181
397 557.049 289.921
396 447.852 742.244
395 841.266 386.815
394 125.872 370.334
393 697.19 348.275
392 964.686 937.47
391 931.608 146.862
390 718.727 665.773
389 537.875 149.687
388 382.506 357.043
387 358.146 205.764
386 50.6166 271.86
385 343.624 273.033
384 788.02 912.156
383 401.137 474.954
382 598.217 965.149
381 988.352 350.182
380 256.527 477.065
379 909.889 97.4181
378 466.262 607.59
377 911.69 900.175
376 165.948 485.719
375 82.4047 256.429
374 331.902 18.9539
373 81.2292 433.738
372 794.913 384.405
371 326.561 253.649
370 232.248 95.4987
369 425.623 896.749
368 963.05 344.175
367 900.658 62.3739
366 619.744 977.607
365 192.751 850.287
364 390.572 301.891
363 692.337 125.181
362 825.852 593.492
361 270.125 832.824
360 216.945 32.4727
359 249.701 947.461
358 133.089 899.268
357 681.524 116.67
356 724.88 557.505
355 27.1599 39.2915
354 58.7672 597.574
353 244.293 556.157
352 766.073 766.644
351 750.854 977.84
350 200.889 47.6051
349 736.059 429.134
348 679.067 668.281
347 844.679 800.966
346 87.4408 478.847
345 877.574 96.2245
344 627.306 194.742
343 987.803 599.897
342 904.905 488.923
341 990.189 943.853
340 266.905 964.808
339 98.1929 54.8599
338 760.149 142.932
337 331.954 437.454
336 478.831 852.666
335 354.066 752.249
334 251.887 797.276
333 855.59 190.328
332 569.168 627.403
331 276.309 435.407
330 593.768 45.413
329 464.617 751.498
328 853.801 310.968
327 399.777 873.306
326 340.681 926.138
325 770.628 332.5
324 900.329 255.067
323 660.042 782.415
322 923.211 746.886
321 875.279 928.398
320 900.196 258.725
319 314.523 206.737
318 692.241 555.237
317 814.739 242.427
316 687.966 338.308
315 3.06843 949.5
314 16.5085 441.219
313 12.4252 496.487
312 812.391 20.5835
311 432.951 57.2044
310 160.516 471.136
309 387.569 601.367
308 795.341 256.925
307 146.857 982.697
306 198.489 140.611
305 662.658 270.86
304 289.868 253.066
303 899.85 898.69
302 92.1709 790.161
301 902.096 493.104
300 267.627 673.854
299 332.395 696.591
298 276.039 451.041
297 397.387 320.27
296 628.569 816.224
295 881.449 487.768
294 653.122 82.2772
293 690.941 204.372
292 732.252 446.165
291 220.223 925.319
290 807.9 121.704
289 801.077 92.2892
288 300.346 66.7461
287 959.623 384.167
286 489.846 704.487
285 575.097 197.212
284 933.814 424.293
283 880.505 975.773
282 11.9882 802.035
281 555.26 786.573
280 125.972 68.6029
279 595.755 530.96
278 143.441 902.364
277 794.292 468.11
276 134.063 760.626
275 264.852 60.3665
274 353.182 689.893
273 702.547 316.083
272 397.192 467.33
271 800.945 796.729
270 884.396 488.303
269 248.2 758.756
268 357.389 598.504
267 921.605 736.689
266 104.571 4.52917
265 664.854 446.097
264 553.281 24.0381
263 399.307 632.056
262 886.05 155.09
261 247.727 333.276
260 712.307 262.766
259 966.317 631.407
258 425.115 467.904
257 840.048 950.865
256 267.567 55.2473
255 521.058 242.667
254 904.702 733.375
253 225.589 286.768
252 269.397 322.893
251 569.135 975.746
250 746.698 227.969
249 851.253 877.743
248 49.4036 274.637
247 212.125 931.586
246 884.341 951.653
245 105.387 599.998
244 226.172 149.888
243 470.81 729.901
242 513.529 907.489
241 773.014 258.662
240 717.049 782.805
239 296.987 512.645
238 153.97 507.335
237 278.422 405.092
236 339.335 837.943
235 289.048 323.724
234 566.874 712.018
233 908.557 858.753
232 346.929 201.136
231 881.469 947.674
230 135.487 507.518
229 387.448 177.073
228 854.91 612.019
227 626.931 291.02
226 718.082 780.602
225 942.346 802
224 554.738 195.857
223 132.212 609.746
222 730.09 588.026
221 366.594 816.079
220 416.694 92.419
219 245.11 324.805
218 302.869 212.818
217 542.168 163.745
216 213.873 888.399
215 219.529 824.786
214 801.189 269.343
213 436.665 835.114
212 683.52 37.4445
211 809.51 530.872
210 759.834 455.738
209 734.958 869.894
208 966.636 898.128
207 560.374 593.921
206 421.77 358.003
205 5.04665 118.175
204 635.787 435.238
203 976.242 906.996
202 526.179 984.405
201 630.592 492.668
200 133.703 13.569
199 748.141 648.886
198 804.204 452.057
197 669.435 963.591
196 801.722 65.9025
195 825.464 325.137
194 793.589 459.427
193 317.851 782.748
192 877.311 738.194
191 806.008 242.85
190 80.4526 859.191
189 774.597 377.429
188 883.862 904.985
187 905.888 543.969
186 917.261 795.276
185 6.78814 27.6491
184 723.638 206.879
183 650.545 328.998
182 350.649 486.096
181 221.399 831.798
180 516.201 989.431
179 401.676 29.0986
178 521.026 822.881
177 741.719 576.169
176 799.844 219.122
175 902.314 29.2058
174 668.015 507.694
173 477.305 952.904
172 132.49 617.089
171 183.414 608.296
170 591.555 480.12
169 259.036 118.761
168 391.238 385.114
167 430.164 545.172
166 878.093 874.79
165 987.574 853.704
164 176.144 0.872175
163 754.915 239.094
162 104.606 713.798
161 814.092 563.672
160 674.053 630.761
159 265.955 914.323
158 480.25 968.77
157 436.369 75.9848
156 132.236 748.659
155 357.54 416.101
154 976.282 526.702
153 51.3441 598.684
152 729.27 557.739
151 776.42 262.859
150 929.431 961.916
149 557.008 356.73
148 112.045 790.035
147 743.781 995.361
146 382.268 853.331
145 242.002 278.308
144 193.002 404.696
143 228.885 458.275
142 46.1281 691.953
141 440.553 683.606
140 970.614 620.969
139 381.805 463.113
138 738.026 197.899
137 463.381 226.28
136 148.856 605.672
135 137.576 313.693
134 452.531 109.4
133 541.982 354.419
132 187.807 987.51
131 102.686 926.294
130 882.898 218.195
129 544.185 293.185
128 117.79 191.849
127 27.2113 746.362
126 202.836 606.338
125 833.145 5.37841
124 993.318 379.607
123 452.055 352.122
122 261.102 688.899
121 849.944 759.073
120 250.899 532.717
119 500.619 542.67
118 25.67 785.175
117 801.729 823.019
116 466.11 956.145
115 257.859 834.109
114 142.583 527.951
113 232.813 420.9
112 80.6191 162.746
111 747.086 631.994
110 846.607 476.014
109 245.45 404.619
108 588.741 772.276
107 175.976 911.849
106 176.69 819.554
105 719.96 154.634
104 435.802 689.662
103 878.162 21.7504
102 508.747 61.2016
101 60.6903 981.966
100 487.068 430.172
99 225.39 221.913
98 821.646 17.4299
97 764.758 791.882
96 376.149 30.4311
95 727.632 795.988
94 859.32 415.666
93 474.805 973.298
92 335.768 524.249
91 574.644 7.21638
90 442.773 761.886
89 135.006 400.871
88 251.452 471.019
87 2.38575 829.85
86 620.283 21.6354
85 421.304 78.2843
84 660.17 501.997
83 91.3012 262.176
82 122.463 994.324
81 762.385 311.632
80 241.126 296.047
79 920.894 122.273
78 710.89 66.3188
77 7.13974 380.877
76 14.8563 811.484
75 416.116 541.027
74 474.833 302.753
73 127.379 475.23
72 979.495 984.428
71 726.01 899.247
70 940.191 581.16
69 271.32 174.879
68 269.496 456.638
67 573.65 706.617
66 8.06031 681.926
65 3.87955 996.879
64 122.3 217.063
63 708.827 889.995
62 237.434 931.247
61 684.053 477.071
60 982.395 331.397
59 381.046 147.048
58 827.346 141.671
57 637.682 932.797
56 959.896 192.72
55 630.293 428.399
54 838.342 213.472
53 85.6546 442.747
52 592.216 953.826
51 166.665 237.487
50 721.493 847.03
49 683.106 690.632
48 432.617 998.16
47 677.315 282.034
46 95.2227 372.039
45 14.4322 148.498
44 408.344 471.286
43 560.338 74.5028
42 926.049 723.788
41 471.948 623.31
40 153.765 28.6283
39 340.067 361.149
38 828.899 89.9173
37 622.765 457.085
36 630.371 57.7588
35 366.91 760.268
34 106.003 712.986
33 438.992 656.149
32 295.697 704.781
31 847.217 709.923
30 390.405 764.816
29 630.597 929.251
28 877.155 74.4134
27 784.828 763.968
26 350.988 108.022
25 778.294 37.0751
24 444.482 982.164
23 45.8001 432.362
22 850.44 128.297
21 15.5657 997.311
20 955.938 614.512
19 481.48 137.769
18 225.964 657.914
17 654.453 549.801
16 778.592 399.323
15 862.447 455.172
14 984.527 316.605
13 388.979 865.367
12 851.977 303.747
11 286.993 614.677
10 170.354 370.348
9 543.106 779.788
8 177.094 660.641
7 732.693 279.944
6 971.862 451.813
5 256.869 850.988
4 169.171 477.105
3 518.233 865.638
2 788.599 198.069
1 524.84 272.854
tail head car_cost drone_cost
500 143 65 57
500 144 47 63
500 4 24 26
500 310 14 18
500 73 36 53
500 89 56 58
499 92 38 50
499 182 48 57
499 464 34 30
499 239 9 13
499 120 47 53
499 380 45 43
498 31 50 43
498 466 42 47
498 27 45 47
498 352 53 55
498 413 15 14
497 224 111 106
497 217 83 93
497 19 92 88
497 255 60 55
497 495 78 69
497 137 7 7
496 91 321 352
496 374 80 61
496 164 98 103
496 360 46 45
496 256 52 42
495 497 82 64
495 137 73 79
495 19 105 113
495 488 85 76
495 364 104 108
495 385 74 104
495 387 46 34
495 229 25 32
494 260 33 44
494 457 50 51
494 305 12 13
494 47 13 10
493 453 27 35
493 43 26 34
493 459 48 62
493 389 49 60
493 19 81 80
493 102 65 53
492 230 20 16
492 73 54 43
492 245 97 76
492 114 20 17
492 354 116 99
492 346 51 52
492 416 104 77
491 375 87 75
491 386 48 47
491 419 89 98
491 45 78 91
491 248 62 58
491 205 91 123
491 77 159 144
490 443 56 70
490 286 50 49
490 41 44 34
490 455 24 26
490 442 26 19
489 321 15 16
489 231 25 22
489 188 40 32
489 249 52 67
489 257 29 32
488 1 65 84
488 74 33 31
488 255 91 66
488 137 68 58
488 123 62 73
488 424 61 44
488 495 111 110
488 364 60 71
487 212 31 36
487 294 21 22
487 427 36 38
487 86 60 48
487 36 25 26
486 75 41 41
486 383 59 74
486 309 75 68
486 268 66 54
486 182 61 55
486 92 37 36
486 450 40 29
485 172 86 71
485 245 70 79
485 410 11 11
485 354 60 46
485 414 40 48
485 434 97 84
485 153 44 53
484 475 36 33
484 10 33 33
484 144 31 26
484 109 47 53
484 406 33 38
483 122 38 49
483 193 76 94
483 32 55 39
483 269 32 29
483 473 59 63
483 449 39 35
482 123 45 34
482 206 13 10
482 401 80 60
482 388 36 29
482 168 28 30
481 117 52 65
481 97 70 75
481 209 22 15
481 425 60 47
481 95 81 68
481 50 32 34
480 358 77 86
480 106 93 116
480 148 59 67
480 302 49 63
480 190 17 18
480 118 67 93
480 87 96 92
480 76 69 69
479 460 75 73
479 279 113 87
479 170 72 80
479 119 78 69
479 447 86 100
479 258 107 94
479 100 41 41
478 124 442 351
478 477 105 100
478 56 207 151
478 14 258 249
478 391 131 168
478 79 149 138
478 445 91 92
478 367 95 101
478 175 68 68
477 478 114 97
477 175 33 37
477 103 17 23
477 125 37 41
477 164 770 690
477 91 353 333
476 339 71 63
476 205 83 74
476 185 38 37
476 355 12 15
475 261 46 36
475 219 36 38
475 80 47 49
475 253 63 57
475 406 32 26
475 484 40 39
475 135 62 77
475 10 46 59
474 360 39 36
474 164 35 37
474 350 21 25
474 280 69 56
474 40 31 32
473 122 38 33
473 483 75 70
473 300 32 38
473 449 75 79
473 8 51 51
473 18 17 17
472 273 16 18
472 316 23 22
472 183 43 35
472 47 35 27
471 349 55 67
471 393 54 57
471 316 64 66
471 292 71 75
471 265 50 37
471 183 96 94
471 204 55 59
471 55 51 48
470 17 43 37
470 160 66 84
470 332 69 86
470 207 59 56
470 279 49 44
469 154 77 76
469 187 13 11
469 342 50 45
469 301 45 33
469 270 58 43
469 295 49 43
469 211 105 114
468 6 33 32
468 154 53 77
468 342 42 41
468 284 50 53
468 405 34 27
467 168 51 41
467 155 10 11
467 337 33 42
467 237 71 67
467 39 51 52
467 408 64 66
466 192 42 29
466 31 23 31
466 121 30 28
466 498 42 38
466 27 71 67
465 263 9 7
465 274 73 79
465 309 24 33
465 268 51 47
465 444 61 63
464 499 40 41
464 182 49 45
464 337 45 47
464 331 40 45
464 380 42 45
464 298 30 30
464 68 34 31
463 23 11 11
463 409 4 3
463 314 26 21
463 313 69 72
462 198 38 41
462 16 50 44
462 194 30 27
462 422 20 21
462 349 41 34
462 210 9 9
461 164 162 121
461 266 62 72
461 339 93 72
461 185 34 38
461 355 34 39
460 183 128 119
460 55 76 61
460 37 79 93
460 170 99 90
460 149 36 41
460 479 73 88
460 100 97 72
460 133 43 58
459 294 108 123
459 344 61 75
459 285 38 40
459 224 35 44
459 217 28 26
459 453 70 99
459 493 65 71
459 389 32 26
458 118 36 46
458 127 22 31
458 66 57 74
458 282 47 44
458 315 189 229
458 87 84 67
458 434 145 170
458 448 210 194
457 250 45 45
457 184 34 27
457 494 40 41
457 260 34 28
457 305 49 50
457 293 34 36
456 165 54 49
456 208 15 14
456 233 50 45
456 377 54 53
455 490 30 20
455 442 29 24
455 286 55 43
455 33 27 21
455 141 20 23
454 84 25 23
454 17 58 47
454 279 53 55
454 201 7 8
453 294 86 105
453 36 68 68
453 330 37 37
453 264 56 60
453 459 91 73
453 493 27 30
453 43 2 2
452 367 34 29
452 175 45 37
452 103 26 28
452 418 21 18
452 28 25 22
451 275 45 50
451 169 34 31
451 402 31 35
451 370 7 6
451 306 61 49
450 182 38 37
450 92 9 8
450 486 31 32
449 483 37 29
449 473 86 67
449 334 52 53
449 269 27 21
449 215 73 74
449 8 85 89
449 106 98 71
449 156 91 88
449 276 107 99
448 153 72 57
448 416 47 41
448 313 73 65
448 205 368 483
448 77 166 210
448 434 37 32
448 458 225 201
447 479 111 114
447 119 23 32
447 378 72 67
447 258 98 106
447 167 45 38
446 82 75 71
446 131 36 33
446 190 79 81
446 315 77 67
446 101 29 41
445 478 104 106
445 367 37 35
445 79 26 34
445 379 9 9
444 465 64 63
444 274 74 74
444 268 36 38
444 92 80 105
444 299 92 84
444 11 38 42
444 415 64 53
443 67 49 52
443 404 51 42
443 332 52 40
443 207 75 69
443 435 46 52
443 234 54 60
443 286 57 54
443 41 66 77
443 490 50 53
442 41 32 32
442 33 29 26
442 455 27 22
442 490 21 22
441 49 28 29
441 407 34 40
441 323 69 61
441 108 101 100
441 67 104 87
441 433 38 38
440 147 239 286
440 366 150 123
440 180 27 33
440 21 525 513
440 48 63 56
440 158 37 36
440 93 34 33
440 24 50 56
439 130 29 24
439 333 13 14
439 54 22 20
438 364 66 65
438 385 24 18
438 371 34 29
438 304 47 54
438 235 45 54
438 39 67 88
437 353 84 71
437 171 9 9
437 126 20 18
437 136 40 37
437 114 96 96
436 195 70 73
436 198 59 52
436 94 39 40
436 395 17 20
436 372 37 30
436 16 42 41
435 234 47 44
435 443 44 47
435 9 70 78
435 243 72 67
435 286 42 33
434 485 67 91
434 153 48 39
434 414 76 92
434 66 77 79
434 448 37 34
434 458 139 176
433 49 24 27
433 348 23 21
433 160 53 62
433 441 29 39
433 67 91 108
433 404 66 72
432 228 34 36
432 362 25 25
432 31 90 103
432 413 110 80
432 111 84 69
432 199 83 84
431 128 23 28
431 64 6 6
431 83 58 48
431 112 62 61
431 375 45 43
430 426 34 39
430 374 58 39
430 96 4 4
430 179 22 26
429 9 63 46
429 178 46 42
429 336 56 65
429 243 77 67
429 213 63 60
429 90 62 57
429 329 42 58
428 235 63 61
428 252 47 45
428 408 33 31
428 109 30 37
428 261 34 38
428 406 21 27
427 25 72 74
427 212 17 14
427 78 30 27
427 487 37 39
427 294 43 48
426 264 135 146
426 91 154 170
426 102 103 94
426 179 11 13
426 311 31 34
426 374 84 88
426 430 32 39
425 249 51 62
425 117 70 78
425 384 24 19
425 71 80 63
425 481 45 50
425 209 67 71
424 123 75 63
424 488 48 60
424 364 15 18
424 297 14 15
424 206 57 49
423 24 105 110
423 369 48 39
423 327 46 44
423 13 46 48
423 326 45 48
423 48 101 95
422 462 17 20
422 194 36 38
422 277 37 31
422 211 67 70
422 152 85 116
422 403 77 82
422 61 91 65
422 210 13 13
422 292 35 33
421 90 59 58
421 213 54 43
421 146 61 43
421 221 41 45
421 30 49 38
420 89 22 22
420 394 33 33
420 73 75 84
420 53 45 41
420 373 46 36
420 46 43 39
419 339 110 133
419 375 91 87
419 112 22 23
419 491 77 73
419 45 49 47
419 205 62 60
418 103 40 40
418 452 21 19
418 28 26 28
418 125 48 51
418 38 44 37
418 98 53 45
418 196 56 59
418 312 46 55
417 415 57 44
417 11 57 59
417 353 73 89
417 300 43 59
417 126 42 42
417 18 32 29
416 492 89 100
416 346 67 81
416 354 56 68
416 153 79 65
416 448 45 38
416 313 37 49
415 299 77 80
415 444 59 51
415 11 32 40
415 417 47 50
415 300 26 33
415 32 63 57
414 485 49 51
414 410 41 52
414 434 98 98
414 142 32 25
414 66 12 15
413 31 47 60
413 432 100 92
413 498 16 17
413 352 52 72
413 407 81 91
413 390 99 77
413 199 67 89
412 183 108 109
412 227 92 97
412 397 49 39
412 129 45 48
412 133 21 21
412 149 22 27
411 162 40 42
411 34 44 47
411 410 45 39
411 302 108 80
411 127 55 47
411 142 23 23
410 172 75 94
410 34 60 55
410 411 47 34
410 485 11 11
410 142 36 37
410 414 45 51
409 346 69 63
409 53 36 38
409 463 4 4
409 313 60 62
409 373 40 46
409 23 12 9
408 467 73 71
408 39 66 60
408 235 51 56
408 237 20 20
408 428 31 31
408 109 33 44
407 352 74 70
407 413 90 97
407 390 59 77
407 226 57 44
407 323 65 57
407 49 52 48
407 441 42 34
406 428 21 20
406 261 28 35
406 475 35 31
406 109 59 48
406 484 36 36
405 342 30 28
405 468 38 32
405 284 38 38
405 270 41 46
405 94 81 84
405 15 45 51
404 160 116 103
404 67 28 36
404 433 73 86
404 332 52 47
404 443 51 53
403 422 103 83
403 152 20 15
403 356 14 14
403 318 27 30
403 174 74 64
403 61 91 64
402 451 27 33
402 169 24 26
402 69 59 60
402 244 22 17
402 306 36 39
401 123 73 65
401 100 54 51
401 258 44 45
401 482 70 76
401 168 55 75
401 272 60 56
400 46 63 78
400 248 122 94
400 77 17 16
400 23 59 61
399 29 104 105
399 296 74 84
399 281 71 66
399 52 107 125
399 178 37 36
399 3 38 36
399 242 85 66
398 304 71 78
398 235 18 20
398 252 2 2
398 219 23 26
398 80 36 44
398 145 42 44
397 285 94 114
397 227 64 83
397 412 45 50
397 129 12 15
397 255 62 71
397 1 37 41
396 243 32 23
396 90 18 19
396 329 20 19
396 30 71 58
396 104 64 50
395 287 102 107
395 368 155 131
395 328 77 71
395 195 60 61
395 436 19 21
395 94 40 37
394 10 52 43
394 135 58 61
394 89 31 29
394 46 26 25
394 420 35 37
393 189 77 82
393 325 67 83
393 273 35 31
393 349 91 87
393 471 50 63
393 316 13 13
392 72 48 44
392 341 24 29
392 203 29 29
392 208 34 34
392 377 70 55
392 150 46 38
391 478 147 161
391 56 47 59
391 130 72 75
391 262 52 39
391 79 30 33
390 111 36 43
390 413 75 96
390 199 35 30
390 407 57 83
390 160 51 67
390 348 45 46
390 49 45 50
389 459 31 32
389 493 54 47
389 19 67 63
389 217 13 14
388 482 29 36
388 206 41 44
388 297 32 33
388 39 49 51
388 168 26 29
387 495 48 45
387 229 40 37
387 385 80 72
387 232 13 12
387 371 65 56
386 491 48 65
386 248 3 3
386 83 47 42
386 375 29 30
385 495 103 84
385 387 68 65
385 364 58 55
385 371 24 23
385 438 21 19
384 249 76 81
384 425 23 22
384 257 58 58
384 71 59 60
384 351 64 90
383 75 59 81
383 44 9 8
383 486 61 70
383 272 9 10
383 139 25 21
383 182 45 54
382 366 22 29
382 29 56 40
382 52 15 13
382 251 26 28
381 14 40 38
381 124 32 26
381 287 42 39
381 60 21 18
381 368 28 29
380 499 45 54
380 464 55 52
380 68 29 23
380 88 9 10
380 120 67 47
379 445 9 8
379 79 24 24
379 345 27 35
379 28 38 40
379 367 44 40
378 207 99 105
378 119 60 62
378 447 63 53
378 41 18 14
378 33 64 54
378 263 69 62
378 309 80 67
378 167 83 63
377 392 67 72
377 208 52 63
377 456 52 48
377 150 69 70
377 233 41 50
377 246 56 58
377 231 67 67
377 321 54 41
377 303 15 13
376 120 81 92
376 310 17 15
376 238 29 23
376 73 35 44
376 143 80 78
376 4 11 10
375 431 61 44
375 419 91 86
375 112 94 91
375 491 86 86
375 83 12 12
375 386 38 34
374 426 81 68
374 91 247 223
374 430 56 52
374 288 68 54
374 96 40 46
374 496 83 78
374 256 78 62
373 420 46 51
373 46 62 76
373 53 11 10
373 23 32 39
373 409 42 40
372 195 66 76
372 436 36 30
372 16 27 24
372 325 68 59
372 189 24 20
371 387 69 51
371 385 30 28
371 232 59 49
371 438 35 36
371 304 42 44
371 319 40 42
371 218 52 45
370 275 41 44
370 451 8 7
370 306 49 53
370 350 62 53
370 360 70 53
369 242 78 78
369 173 65 82
369 116 77 61
369 336 65 69
369 213 60 57
369 24 72 71
369 327 38 42
369 423 38 42
368 14 36 29
368 287 48 36
368 381 22 23
368 60 26 23
368 320 113 108
368 395 117 123
368 328 136 130
367 445 38 39
367 478 106 112
367 175 29 40
367 452 34 32
367 28 31 30
367 379 40 35
366 147 114 107
366 197 46 61
366 57 54 44
366 29 41 56
366 440 137 120
366 382 22 22
366 251 46 51
366 180 108 115
365 181 32 30
365 215 41 34
365 216 37 44
365 107 73 75
365 278 75 79
365 358 93 89
365 106 32 33
364 424 16 13
364 488 69 56
364 495 94 84
364 297 20 20
364 39 73 85
364 385 61 64
364 438 66 60
363 338 60 68
363 78 53 54
363 105 42 43
363 293 65 90
363 357 15 17
363 344 89 97
362 187 98 87
362 228 29 31
362 432 21 23
362 161 36 35
362 177 93 75
362 111 73 89
361 193 75 83
361 236 70 82
361 334 42 37
361 115 15 14
361 5 19 20
360 275 56 63
360 496 48 49
360 256 56 45
360 350 24 27
360 370 72 59
360 164 43 43
360 474 43 41
359 340 21 26
359 159 42 42
359 132 70 67
359 62 24 22
359 247 44 35
358 365 69 79
358 106 93 89
358 278 13 10
358 131 48 43
358 480 89 65
358 190 55 64
357 78 56 63
357 363 12 12
357 294 42 44
357 344 78 81
356 152 5 4
356 222 30 30
356 403 15 14
356 318 30 36
355 461 27 34
355 339 65 65
355 185 28 23
355 476 14 15
354 492 113 106
354 245 44 39
354 485 48 56
354 416 71 63
354 153 8 9
353 11 80 62
353 239 58 57
353 120 20 24
353 417 79 74
353 126 65 60
353 437 71 61
353 114 123 124
353 238 102 92
352 498 55 48
352 27 20 19
352 413 67 70
352 97 22 23
352 95 52 45
352 226 59 53
352 407 82 85
351 257 95 79
351 384 71 68
351 147 19 17
351 71 92 87
351 197 77 69
350 370 53 54
350 360 19 20
350 306 94 96
350 474 26 21
350 280 77 92
349 16 48 51
349 189 78 64
349 462 30 35
349 292 21 18
349 210 43 42
349 471 58 71
349 393 103 101
348 390 38 36
348 49 21 19
348 160 31 43
348 433 23 26
347 233 97 88
347 186 87 80
347 166 79 79
347 121 42 37
347 271 46 48
347 117 45 50
347 249 65 84
346 73 43 46
346 492 60 59
346 416 61 78
346 313 65 93
346 409 63 67
346 53 38 42
345 79 42 55
345 379 35 32
345 262 69 56
345 22 48 47
345 38 48 48
345 28 22 18
344 363 93 103
344 293 70 77
344 357 81 110
344 294 137 114
344 305 83 100
344 227 85 90
344 285 61 51
344 459 76 82
343 341 397 298
343 124 204 255
343 165 236 208
343 154 79 73
343 140 27 29
343 259 36 42
343 70 48 59
343 20 41 31
342 405 32 26
342 154 97 89
342 468 40 41
342 469 34 35
342 270 25 22
342 301 5 6
341 124 657 534
341 72 48 47
341 343 365 298
341 165 108 105
341 203 42 33
341 392 29 29
340 48 175 185
340 326 83 72
340 132 69 68
340 159 45 58
340 359 24 24
339 200 62 44
339 266 56 59
339 280 27 28
339 112 98 91
339 419 107 118
339 461 85 70
339 355 83 88
339 476 73 66
339 205 134 113
338 58 73 78
338 290 55 46
338 289 55 74
338 2 68 59
338 138 58 62
338 105 50 45
338 78 99 93
338 363 59 77
337 139 64 64
337 155 40 38
337 467 31 38
337 182 45 63
337 464 36 38
337 331 56 66
337 237 67 52
336 3 50 39
336 178 55 61
336 429 71 68
336 242 75 60
336 213 49 53
336 369 81 79
335 35 14 14
335 193 55 54
335 274 61 51
335 299 66 65
335 32 88 75
334 193 66 69
334 361 47 46
334 115 43 36
334 215 49 39
334 269 42 44
334 449 56 52
333 130 33 36
333 262 55 53
333 439 18 15
333 54 30 28
333 22 58 71
333 2 67 56
333 58 60 58
332 160 111 123
332 470 69 71
332 404 47 50
332 207 30 36
332 443 50 55
331 464 45 48
331 337 58 53
331 237 30 28
331 298 15 16
331 68 19 22
331 113 52 44
331 109 39 45
330 86 40 40
330 91 49 38
330 264 44 47
330 453 44 42
330 36 46 33
329 243 20 26
329 429 45 42
329 90 22 20
329 396 22 21
328 320 75 59
328 368 109 112
328 395 87 83
328 195 38 29
328 12 8 7
327 369 39 41
327 213 49 59
327 13 13 15
327 423 49 52
326 423 51 42
326 48 106 120
326 13 93 72
326 340 97 94
326 236 91 82
326 159 73 87
325 195 62 48
325 372 48 68
325 189 54 38
325 393 63 82
325 273 64 61
325 81 25 24
324 14 98 121
324 56 73 102
324 320 5 4
324 130 40 33
324 317 82 88
323 240 46 63
323 95 61 58
323 226 54 59
323 407 69 77
323 441 57 65
323 50 78 77
323 108 67 86
323 296 38 45
322 42 21 19
322 225 47 48
322 186 56 56
322 267 9 12
322 192 54 48
322 254 28 25
321 377 44 52
321 303 45 41
321 188 23 22
321 489 18 17
321 231 22 20
320 14 90 88
320 324 5 4
320 368 125 94
320 328 82 74
320 317 92 96
320 12 69 63
319 26 110 107
319 232 34 36
319 69 59 49
319 371 47 52
319 218 12 13
318 222 53 54
318 356 35 36
318 403 31 26
318 160 91 66
318 174 43 51
318 17 42 37
317 320 87 90
317 324 80 80
317 130 64 75
317 54 36 42
317 176 32 32
317 191 10 9
317 12 69 64
317 214 26 36
316 273 32 28
316 393 14 15
316 471 72 79
316 183 41 38
316 472 29 28
315 446 58 71
315 101 72 64
315 190 113 134
315 21 42 57
315 65 39 41
315 87 130 132
315 458 202 182
314 23 32 37
314 463 25 25
314 77 56 58
314 313 56 52
313 346 81 79
313 409 52 62
313 463 61 62
313 314 48 48
313 416 52 41
313 77 138 124
313 448 64 56
312 125 24 22
312 98 10 11
312 212 105 135
312 25 34 44
312 196 48 45
312 418 63 62
311 102 90 90
311 85 27 22
311 157 16 17
311 179 35 36
311 426 37 43
310 4 10 10
310 500 19 18
310 73 32 34
310 376 16 16
309 378 85 68
309 167 62 70
309 75 75 71
309 263 40 29
309 486 55 77
309 268 29 31
309 465 28 29
308 191 19 15
308 176 31 40
308 241 23 25
308 214 16 14
308 151 23 20
307 132 44 42
307 107 75 63
307 82 24 25
307 278 73 83
307 131 62 66
306 451 55 54
306 402 45 43
306 244 31 25
306 370 47 59
306 350 106 93
306 99 71 89
306 51 88 100
306 128 85 87
306 280 85 103
305 457 61 65
305 293 73 64
305 494 16 13
305 47 17 21
305 344 99 95
305 227 47 48
304 438 47 54
304 371 31 41
304 218 39 45
304 235 74 84
304 99 72 81
304 145 48 55
304 398 66 63
303 233 35 43
303 166 38 39
303 377 15 12
303 188 16 16
303 321 44 43
302 276 50 60
302 156 61 56
302 162 85 65
302 148 21 22
302 480 53 58
302 118 77 78
302 127 88 82
302 411 85 98
301 342 5 6
301 270 20 20
301 469 34 43
300 415 32 26
300 122 19 19
300 32 40 43
300 417 54 58
300 473 36 36
300 18 52 37
299 274 22 25
299 335 50 71
299 32 38 33
299 444 65 74
299 415 68 69
298 331 16 14
298 464 31 38
298 68 9 8
297 424 18 17
297 206 43 50
297 388 42 37
297 364 17 19
297 39 83 58
296 50 97 97
296 323 55 48
296 63 124 112
296 29 122 128
296 399 96 73
296 108 67 50
296 281 70 82
295 270 3 4
295 15 37 44
295 469 54 44
295 211 101 69
295 110 40 42
294 78 68 55
294 487 20 27
294 427 44 63
294 357 51 39
294 344 135 124
294 459 136 133
294 36 35 28
294 453 86 78
293 184 32 39
293 105 50 68
293 363 91 91
293 457 36 33
293 344 63 53
293 305 77 69
292 349 21 16
292 422 42 45
292 210 25 35
292 61 61 52
292 265 60 73
292 471 62 61
291 62 19 17
291 216 41 38
291 247 10 10
290 22 40 49
290 38 38 34
290 58 27 31
290 289 34 26
290 338 58 50
289 38 29 28
289 196 28 28
289 290 26 25
289 338 63 58
289 25 67 58
289 78 86 78
288 374 51 53
288 96 87 79
288 26 59 55
288 169 60 65
288 256 37 28
288 275 33 39
287 124 34 32
287 381 41 42
287 368 43 37
287 6 71 76
287 284 39 43
287 94 103 94
287 395 121 110
286 443 55 63
286 490 40 51
286 243 29 35
286 435 42 34
286 455 47 44
286 141 62 52
285 344 61 51
285 227 88 98
285 397 97 114
285 459 46 38
285 255 62 81
285 224 19 20
284 6 43 56
284 287 49 40
284 94 77 76
284 468 41 45
284 405 49 53
283 72 99 109
283 150 47 48
283 246 29 23
283 231 30 32
283 257 54 47
283 147 146 158
282 118 18 26
282 76 11 9
282 458 57 61
282 87 34 31
281 108 42 40
281 296 80 93
281 399 54 68
281 178 59 44
281 9 15 14
280 306 86 114
280 350 69 86
280 200 48 54
280 474 67 64
280 40 53 58
280 128 128 107
280 339 30 33
280 112 91 96
279 17 53 74
279 454 45 44
279 201 43 42
279 470 54 51
279 207 75 73
279 119 86 81
279 479 110 115
279 170 54 60
278 365 59 62
278 107 30 32
278 307 77 74
278 358 9 12
278 131 51 42
277 198 17 22
277 110 47 62
277 194 10 8
277 422 28 34
277 211 71 76
276 449 105 106
276 106 79 80
276 156 14 11
276 302 59 59
276 148 37 39
275 360 50 51
275 169 57 68
275 288 39 40
275 256 7 5
275 370 52 44
275 451 52 52
274 104 96 85
274 263 86 69
274 30 90 83
274 465 77 62
274 35 83 62
274 444 77 71
274 299 18 24
274 335 70 75
273 325 80 63
273 260 57 59
273 81 56 65
273 7 41 40
273 393 27 36
273 316 23 30
273 47 49 40
273 472 14 19
272 258 25 31
272 44 14 10
272 401 71 64
272 168 67 71
272 139 18 16
272 383 10 10
271 347 50 48
271 121 61 51
271 117 29 24
271 97 43 43
271 27 34 36
270 342 19 21
270 405 40 46
270 15 42 43
270 301 21 18
270 469 52 48
270 295 4 3
269 193 88 86
269 483 27 33
269 334 40 44
269 449 26 23
268 486 75 68
268 309 29 32
268 465 49 45
268 92 78 81
268 444 32 39
267 42 13 15
267 254 14 16
267 322 11 9
266 164 81 86
266 461 71 81
266 339 51 44
266 200 37 30
265 292 61 58
265 471 40 50
265 61 40 34
265 84 64 50
265 201 68 52
265 204 32 27
265 37 50 36
264 330 53 52
264 91 32 26
264 453 60 49
264 43 46 48
264 426 132 148
264 102 50 67
263 33 43 47
263 378 77 77
263 104 62 75
263 309 33 32
263 465 9 10
263 274 75 78
262 391 48 54
262 79 40 46
262 130 58 56
262 345 55 69
262 22 47 36
262 333 53 46
261 252 26 20
261 428 33 33
261 406 29 26
261 475 45 40
261 219 10 8
260 163 41 44
260 250 46 54
260 47 39 36
260 273 57 54
260 7 25 22
260 494 43 42
260 457 30 31
259 343 40 41
259 140 14 12
259 165 232 179
259 42 82 88
259 228 108 117
259 20 22 23
258 479 110 106
258 447 106 76
258 100 75 79
258 401 44 49
258 272 23 23
258 44 20 14
258 75 85 84
258 167 91 72
257 283 54 53
257 231 45 47
257 489 22 23
257 249 80 65
257 147 119 107
257 384 64 76
257 351 76 102
256 374 67 84
256 288 31 35
256 275 7 5
256 496 39 47
256 360 60 62
255 285 63 70
255 397 54 51
255 224 48 68
255 1 30 35
255 497 71 66
255 137 52 60
255 488 80 92
254 267 15 20
254 42 21 21
254 31 57 51
254 192 25 25
254 322 23 25
253 145 21 21
253 80 15 18
253 99 68 56
253 475 55 55
253 51 65 67
253 135 87 80
252 398 2 2
252 235 18 20
252 428 51 44
252 219 30 25
252 261 21 28
251 382 30 27
251 52 34 28
251 366 53 59
251 180 60 63
251 242 73 91
251 202 51 43
250 2 58 59
250 163 15 17
250 138 37 38
250 260 58 49
250 457 48 48
250 184 36 28
249 166 31 22
249 188 51 51
249 489 63 68
249 257 78 74
249 425 62 53
249 384 59 84
249 347 82 75
249 117 67 86
248 46 104 114
248 386 4 4
248 135 115 91
248 83 50 45
248 400 86 105
248 491 60 56
248 77 114 113
247 359 36 49
247 62 25 29
247 291 12 9
247 216 45 40
247 107 36 39
247 132 62 51
246 150 47 39
246 377 68 67
246 231 6 6
246 283 22 25
245 136 36 36
245 492 84 91
245 114 83 87
245 223 26 24
245 172 37 30
245 354 39 41
245 485 59 57
244 69 48 59
244 402 19 20
244 306 29 29
244 99 77 72
243 9 81 100
243 429 57 73
243 435 62 61
243 286 28 38
243 329 25 25
243 396 30 29
243 141 50 67
243 104 59 59
242 251 83 76
242 52 82 109
242 399 81 62
242 3 41 37
242 202 65 81
242 173 70 48
242 336 77 70
242 369 74 75
241 308 20 22
241 176 48 54
241 151 6 6
241 7 41 55
241 163 32 23
240 226 3 3
240 323 55 63
240 95 15 15
239 499 12 13
239 92 49 35
239 11 104 87
239 353 75 70
239 120 49 61
238 120 88 83
238 376 23 26
238 353 112 85
238 114 27 25
238 73 46 48
238 230 19 18
237 467 85 65
237 408 17 18
237 109 33 33
237 331 29 25
237 337 71 65
236 13 57 64
236 146 50 53
236 221 35 41
236 326 72 89
236 159 99 86
236 193 51 51
236 5 82 98
236 361 78 80
235 304 81 70
235 438 57 57
235 39 73 63
235 408 60 61
235 398 23 21
235 428 68 48
235 252 18 16
234 67 10 8
234 108 56 64
234 9 75 82
234 435 45 40
234 443 54 51
233 456 46 58
233 165 91 77
233 225 68 62
233 377 38 38
233 186 55 72
233 303 36 46
233 347 77 104
233 166 39 34
232 229 42 57
232 59 74 61
232 26 105 111
232 387 13 14
232 319 35 30
232 371 60 54
231 377 61 53
231 246 6 5
231 283 28 29
231 257 38 44
231 321 22 18
231 489 22 20
230 238 18 17
230 114 25 24
230 73 32 31
230 492 15 14
229 19 96 89
229 134 104 109
229 59 29 25
229 232 55 38
229 387 42 40
229 495 34 28
228 259 91 105
228 20 109 90
228 70 100 83
228 187 86 98
228 42 108 117
228 31 118 114
228 362 36 40
228 432 29 28
227 47 54 49
227 305 36 34
227 344 78 78
227 285 107 89
227 183 54 42
227 397 64 83
227 412 97 84
226 352 59 41
226 95 15 20
226 240 3 3
226 407 42 53
226 323 57 67
225 165 70 76
225 42 77 92
225 322 59 68
225 186 21 29
225 233 59 67
224 459 46 43
224 285 20 25
224 217 29 28
224 497 79 85
224 255 60 59
223 136 14 15
223 245 29 26
223 172 9 8
222 177 14 18
222 111 44 56
222 160 58 70
222 152 37 28
222 356 26 30
222 318 43 49
221 421 40 31
221 30 59 64
221 35 55 48
221 146 36 44
221 193 57 57
221 236 41 35
220 157 26 30
220 85 18 18
220 134 46 32
220 59 69 69
220 96 82 76
220 26 79 77
219 252 28 27
219 398 26 21
219 261 8 11
219 475 32 38
219 80 34 30
218 304 35 42
218 371 46 41
218 319 14 16
218 99 72 81
218 69 41 52
217 459 21 27
217 224 30 32
217 497 81 100
217 19 75 63
217 389 14 16
216 159 50 67
216 62 51 48
216 5 60 63
216 291 41 31
216 181 57 67
216 247 37 37
216 365 45 41
216 107 38 36
215 115 46 32
215 334 37 49
215 449 70 66
215 181 9 9
215 106 46 45
215 365 41 36
214 191 32 27
214 12 59 67
214 317 34 28
214 195 55 50
214 81 52 56
214 308 16 14
214 151 28 22
213 429 78 72
213 90 62 69
213 336 49 55
213 369 74 75
213 327 56 61
213 421 54 51
213 146 63 57
213 13 66 61
212 312 153 154
212 125 161 180
212 25 95 77
212 427 15 14
212 86 64 75
212 487 33 40
211 187 102 107
211 469 79 107
211 295 100 86
211 110 69 76
211 177 69 81
211 161 40 28
211 152 98 77
211 277 63 52
211 422 64 90
210 462 9 8
210 349 34 32
210 422 11 13
210 292 25 24
209 481 20 21
209 425 59 55
209 71 33 25
209 50 22 25
209 63 37 33
208 203 12 13
208 165 58 58
208 392 47 36
208 456 18 18
208 377 66 61
207 470 64 79
207 279 62 62
207 332 38 40
207 443 60 61
207 41 79 87
207 378 113 105
207 119 65 74
206 482 13 11
206 123 30 34
206 424 49 58
206 297 47 41
206 388 33 44
205 419 70 80
205 185 89 105
205 339 101 110
205 476 76 78
205 45 38 31
205 491 125 129
205 448 459 372
205 77 245 307
204 471 59 59
204 265 28 37
204 37 27 24
204 55 9 9
203 341 44 42
203 165 53 44
203 208 16 11
203 392 37 27
202 251 42 38
202 180 11 12
202 158 51 54
202 242 88 68
202 173 66 50
201 84 34 36
201 265 63 54
201 454 8 7
201 279 47 48
201 170 34 39
201 37 38 37
200 164 48 45
200 280 59 66
200 40 29 22
200 339 59 63
200 266 26 35
199 432 82 71
199 111 15 21
199 390 28 30
199 413 67 65
198 15 63 64
198 94 75 79
198 436 56 75
198 277 23 17
198 110 59 49
198 194 14 16
198 16 62 64
198 462 36 45
197 147 68 72
197 351 91 69
197 71 92 80
197 63 78 80
197 57 41 53
197 366 53 49
196 38 41 31
196 418 43 44
196 312 42 55
196 25 44 32
196 289 27 25
195 328 28 33
195 395 57 76
195 12 34 37
195 436 81 80
195 372 62 79
195 214 50 57
195 81 76 54
195 325 63 53
194 198 13 14
194 462 30 34
194 422 27 30
194 277 8 11
193 221 51 68
193 35 46 55
193 335 50 54
193 236 54 57
193 361 57 83
193 334 74 57
193 269 61 66
193 483 90 64
193 32 77 78
192 322 52 52
192 254 29 26
192 121 34 41
192 186 83 67
192 31 41 45
192 466 29 37
191 317 11 8
191 214 27 29
191 308 18 16
191 176 28 28
190 358 55 78
190 131 68 74
190 480 15 15
190 446 75 103
190 87 94 87
190 315 139 107
189 372 24 21
189 16 20 23
189 349 62 62
189 393 68 89
189 325 42 42
188 303 15 20
188 321 23 22
188 166 35 28
188 249 36 39
188 489 32 42
187 154 84 82
187 469 12 13
187 70 61 57
187 228 80 70
187 211 84 106
187 161 96 97
187 362 101 93
186 322 59 47
186 225 23 29
186 233 73 76
186 347 79 73
186 121 84 68
186 192 75 81
185 461 38 39
185 205 78 104
185 476 32 32
185 355 24 22
184 138 20 16
184 250 32 29
184 457 29 33
184 293 39 36
184 105 49 54
183 316 33 46
183 472 36 40
183 47 48 49
183 471 77 92
183 55 118 105
183 460 107 114
183 149 102 105
183 412 83 81
183 227 43 38
182 383 47 49
182 139 44 42
182 450 38 44
182 486 58 53
182 92 47 43
182 499 54 62
182 337 63 55
182 464 59 46
181 115 42 41
181 5 38 38
181 216 65 49
181 215 9 9
181 365 37 37
180 366 94 99
180 251 54 47
180 202 13 14
180 158 34 48
180 440 32 25
179 311 35 47
179 426 13 14
179 85 57 59
179 96 22 28
179 430 20 18
178 399 34 35
178 281 52 49
178 9 40 40
178 3 37 49
178 429 47 38
178 336 60 61
177 362 74 97
177 211 78 70
177 161 79 60
177 152 22 24
177 222 15 15
177 111 46 48
176 54 40 41
176 317 30 27
176 308 43 46
176 191 29 21
176 241 51 48
176 2 20 21
176 163 44 52
175 367 34 31
175 478 85 92
175 477 46 49
175 103 21 30
175 452 39 39
174 403 53 63
174 61 39 33
174 318 44 48
174 84 9 9
174 17 50 36
173 202 62 64
173 242 50 51
173 158 18 19
173 369 83 91
173 116 14 12
172 136 23 24
172 8 68 58
172 34 107 86
172 410 95 84
172 223 9 7
172 485 92 72
172 245 32 30
171 126 18 19
171 437 8 9
171 136 37 34
171 8 47 54
170 201 39 37
170 37 36 41
170 460 85 94
170 479 80 74
170 279 60 46
169 26 91 75
169 288 73 68
169 275 55 70
169 451 34 28
169 69 49 65
169 402 24 24
168 482 34 32
168 401 71 59
168 272 90 67
168 139 86 72
168 155 55 52
168 467 51 54
168 39 47 50
168 388 24 28
167 447 54 36
167 258 66 92
167 378 65 83
167 309 67 77
167 75 17 16
166 233 34 32
166 303 35 29
166 188 26 26
166 347 93 93
166 249 29 29
165 343 243 266
165 341 96 108
165 203 54 62
165 208 47 45
165 456 39 48
165 42 149 168
165 259 204 214
165 225 72 57
165 233 64 71
164 477 771 810
164 91 350 328
164 496 92 76
164 360 49 51
164 474 34 35
164 40 32 36
164 200 51 47
164 461 138 130
164 266 79 69
163 176 43 43
163 2 55 55
163 241 29 30
163 7 50 42
163 260 45 40
163 250 13 12
162 156 53 38
162 34 2 2
162 411 41 36
162 302 84 91
161 187 112 98
161 362 26 33
161 211 37 33
161 177 88 84
160 111 86 63
160 222 59 66
160 390 58 58
160 318 65 75
160 348 43 33
160 433 45 60
160 404 118 115
160 17 82 81
160 332 120 92
160 470 79 94
159 326 71 78
159 236 103 92
159 340 43 47
159 359 37 44
159 62 34 40
159 216 63 55
159 5 59 71
158 180 48 44
158 202 53 40
158 440 35 33
158 93 7 8
158 173 17 16
158 116 19 22
157 102 62 67
157 134 37 37
157 220 23 26
157 311 18 16
157 85 17 13
156 449 112 88
156 8 113 88
156 276 11 13
156 302 63 58
156 162 42 39
156 34 43 52
155 168 45 49
155 139 63 62
155 337 38 36
155 467 10 12
154 124 159 142
154 343 87 68
154 70 69 58
154 6 90 64
154 187 87 81
154 469 69 63
154 468 72 74
154 342 75 85
153 354 7 8
153 485 59 45
153 434 52 42
153 448 55 69
153 416 72 73
152 211 87 76
152 422 89 109
152 177 23 25
152 403 15 19
152 222 30 33
152 356 5 5
151 214 30 31
151 308 16 17
151 81 51 56
151 241 5 6
151 7 49 47
150 72 64 62
150 392 40 47
150 283 44 43
150 377 65 61
150 246 45 50
149 183 79 88
149 460 40 40
149 133 16 19
149 412 23 24
148 276 42 44
148 106 79 69
148 302 20 22
148 480 51 72
147 72 205 283
147 283 155 147
147 257 86 88
147 351 21 21
147 440 230 286
147 197 74 66
147 366 116 114
146 213 60 60
146 421 61 57
146 13 14 14
146 221 35 40
146 236 39 47
145 304 61 63
145 80 16 19
145 398 47 52
145 253 19 17
145 99 60 57
144 113 50 37
144 109 48 60
144 484 32 31
144 143 72 77
144 500 62 69
144 10 34 38
144 89 65 65
143 88 26 24
143 68 37 41
143 113 36 33
143 144 59 56
143 500 61 53
143 120 87 80
143 4 51 75
143 376 66 66
142 410 29 36
142 411 22 24
142 127 49 69
142 414 31 26
142 66 48 43
141 286 52 59
141 455 17 17
141 243 59 59
141 33 31 33
141 104 9 7
140 343 30 33
140 20 19 17
140 259 12 11
139 168 94 85
139 272 18 14
139 383 20 21
139 182 38 41
139 155 57 46
139 337 48 65
138 2 54 51
138 338 64 61
138 250 33 37
138 105 50 43
138 184 15 17
137 497 7 6
137 255 66 65
137 495 71 69
137 488 51 54
136 171 32 31
136 437 42 41
136 223 16 20
136 114 68 65
136 245 51 39
136 172 23 19
136 8 65 56
135 475 84 71
135 253 106 110
135 51 71 77
135 10 55 55
135 394 60 48
135 46 78 81
135 248 93 94
135 83 73 57
134 102 89 84
134 19 44 46
134 157 45 38
134 229 101 90
134 220 33 48
134 59 86 67
133 129 65 69
133 149 15 17
133 412 25 25
133 460 60 43
133 100 79 96
133 123 73 108
133 74 74 79
132 48 233 278
132 340 72 76
132 359 61 84
132 247 61 60
132 82 75 54
132 107 72 84
132 307 44 47
131 307 71 78
131 278 45 57
131 358 44 47
131 82 61 69
131 190 84 76
131 446 34 45
130 56 90 74
130 391 101 76
130 262 76 56
130 333 42 45
130 324 44 44
130 439 31 30
130 317 77 59
130 54 53 38
129 397 14 12
129 412 35 47
129 133 60 50
129 74 76 79
129 1 25 26
128 306 111 82
128 51 63 71
128 280 100 117
128 112 52 42
128 431 29 32
128 64 31 27
127 302 94 73
127 411 64 58
127 142 51 54
127 118 44 37
127 66 73 76
127 458 24 27
126 417 36 41
126 353 78 61
126 18 61 61
126 8 52 70
126 171 19 17
126 437 19 18
125 477 34 46
125 103 43 41
125 418 47 56
125 98 17 15
125 312 22 26
125 212 141 150
125 91 306 247
125 86 229 182
124 341 668 476
124 343 180 185
124 154 151 139
124 478 326 319
124 14 64 55
124 6 82 76
124 381 30 30
124 287 39 41
123 100 99 85
123 133 85 99
123 74 46 64
123 401 66 64
123 424 66 62
123 488 58 71
123 482 48 46
123 206 32 33
122 32 45 34
122 300 15 18
122 473 38 33
122 483 43 46
121 186 82 89
121 192 35 42
121 347 47 47
121 271 70 72
121 27 62 60
121 466 27 21
120 499 47 49
120 380 49 65
120 88 52 72
120 353 23 21
120 239 58 44
120 238 98 88
120 143 79 71
120 376 85 94
119 279 89 96
119 479 94 66
119 207 64 93
119 447 25 25
119 378 82 73
118 302 72 71
118 127 39 36
118 282 22 18
118 458 44 36
118 76 26 26
118 480 71 97
117 347 57 56
117 249 72 60
117 425 66 64
117 481 65 69
117 97 57 52
117 271 23 25
116 158 22 22
116 173 14 13
116 93 17 19
116 369 77 86
116 24 34 28
115 361 14 11
115 5 19 18
115 181 41 44
115 215 33 37
115 334 34 45
114 437 97 85
114 353 100 106
114 238 19 21
114 136 85 85
114 230 25 22
114 492 16 20
114 245 65 91
113 68 45 44
113 331 38 49
113 109 20 22
113 144 39 40
113 143 39 40
112 128 47 51
112 280 107 90
112 339 128 104
112 431 77 69
112 419 19 23
112 375 112 104
111 432 93 70
111 362 89 83
111 177 56 63
111 160 87 64
111 222 52 48
111 390 42 49
111 199 19 16
110 15 23 29
110 211 56 60
110 295 44 42
110 198 56 48
110 277 51 47
109 237 30 28
109 408 32 38
109 428 31 31
109 113 20 20
109 331 44 44
109 144 49 53
109 406 45 58
109 484 58 57
108 441 83 96
108 323 81 76
108 281 44 35
108 296 54 58
108 67 63 72
108 234 66 68
108 9 49 52
107 247 47 33
107 216 45 49
107 132 80 84
107 365 62 76
107 278 30 35
107 307 81 90
106 215 48 48
106 449 92 93
106 365 39 40
106 358 98 101
106 276 85 64
106 480 105 93
106 148 84 79
105 338 39 48
105 138 46 41
105 184 47 57
105 363 46 48
105 293 49 48
104 243 55 61
104 141 8 7
104 33 39 35
104 396 57 50
104 30 94 79
104 274 80 79
104 263 64 71
103 175 26 30
103 477 19 19
103 452 27 35
103 125 57 42
103 418 41 37
102 264 55 55
102 43 61 43
102 426 112 92
102 19 91 98
102 493 61 49
102 134 62 75
102 311 74 64
102 157 64 67
101 82 62 70
101 446 41 29
101 315 54 74
101 21 39 52
100 460 96 105
100 133 82 76
100 479 48 50
100 123 97 72
100 258 62 71
100 401 40 42
99 304 78 60
99 218 78 84
99 69 78 65
99 145 48 50
99 244 68 86
99 253 65 72
99 306 87 90
99 51 53 51
98 125 19 20
98 312 11 11
98 418 56 49
97 117 57 41
97 352 21 29
97 271 39 33
97 27 39 34
97 95 31 33
97 481 72 64
96 220 68 81
96 85 74 70
96 179 28 22
96 430 4 5
96 26 86 73
96 374 49 48
96 288 76 84
95 97 35 32
95 352 41 45
95 481 56 70
95 50 53 56
95 226 20 20
95 240 18 20
95 323 73 77
94 284 69 82
94 287 95 99
94 405 80 87
94 15 41 47
94 198 74 55
94 436 46 39
94 395 37 33
93 158 7 8
93 440 34 25
93 116 19 17
93 24 33 37
92 182 47 34
92 268 76 80
92 486 39 42
92 450 7 9
92 444 84 93
92 499 46 49
92 239 40 42
92 11 89 100
91 477 307 317
91 125 228 309
91 86 46 43
91 330 42 37
91 264 25 30
91 426 174 189
91 164 321 478
91 496 296 266
91 374 205 270
90 429 69 69
90 329 24 23
90 396 21 19
90 213 62 68
90 30 61 58
90 421 68 65
89 144 68 62
89 10 52 46
89 500 75 72
89 73 65 77
89 394 36 27
89 420 21 19
88 68 25 26
88 380 7 9
88 143 28 31
88 120 61 68
87 190 90 71
87 480 74 80
87 76 19 25
87 282 36 26
87 315 134 123
87 458 66 94
86 212 54 65
86 125 203 191
86 487 53 49
86 91 40 51
86 330 34 31
86 36 44 36
85 220 16 16
85 311 21 20
85 157 17 17
85 179 55 52
85 96 63 70
84 61 32 40
84 265 67 62
84 174 11 10
84 17 41 49
84 201 31 37
84 454 22 23
83 51 87 95
83 64 59 64
83 431 53 59
83 375 11 9
83 386 40 44
83 248 38 46
83 135 61 58
82 48 320 272
82 132 63 79
82 307 25 23
82 21 106 91
82 101 53 64
82 131 79 58
82 446 63 63
81 195 57 65
81 214 65 67
81 151 49 52
81 325 23 21
81 273 52 69
81 7 41 50
80 398 37 37
80 145 20 18
80 219 24 27
80 475 57 59
80 253 20 21
79 478 145 123
79 445 27 32
79 345 41 58
79 379 26 30
79 262 56 52
79 391 30 26
78 289 76 93
78 25 84 66
78 338 88 98
78 363 53 59
78 357 52 47
78 294 54 59
78 427 22 22
77 400 16 15
77 23 68 63
77 314 54 53
77 248 133 121
77 491 139 178
77 313 106 102
77 205 280 310
77 448 149 185
76 118 23 30
76 480 77 74
76 87 25 22
76 282 12 9
75 258 83 81
75 167 15 14
75 309 61 73
75 486 36 37
75 44 62 82
75 383 68 67
74 129 68 81
74 1 67 56
74 488 39 31
74 123 57 55
74 133 90 100
73 310 33 28
73 376 46 38
73 238 44 44
73 500 42 44
73 89 82 75
73 230 34 39
73 492 41 38
73 346 37 34
73 53 49 49
73 420 60 88
72 341 36 46
72 147 240 212
72 283 117 104
72 392 48 50
72 150 46 63
71 384 73 67
71 425 76 75
71 351 94 93
71 209 37 27
71 63 20 22
71 197 81 96
70 154 66 59
70 343 46 57
70 20 41 42
70 187 44 48
70 228 85 106
69 319 58 53
69 26 93 86
69 218 59 43
69 99 55 74
69 169 49 49
69 402 62 46
69 244 53 45
68 331 27 20
68 380 24 26
68 464 32 31
68 298 8 8
68 88 25 27
68 113 59 46
68 143 36 34
67 441 108 101
67 433 80 82
67 404 28 31
67 443 65 59
67 234 8 10
67 108 71 60
66 127 62 61
66 142 37 43
66 414 16 15
66 458 59 77
66 434 97 102
65 21 11 14
65 315 54 42
64 128 23 23
64 51 57 59
64 83 60 47
64 431 7 5
63 71 20 19
63 209 32 27
63 50 43 40
63 197 96 69
63 57 86 93
63 296 91 127
63 29 73 95
62 159 37 32
62 359 24 23
62 216 55 57
62 291 20 19
62 247 28 24
61 422 82 91
61 292 56 58
61 403 84 74
61 174 37 32
61 265 31 43
61 84 34 32
60 14 14 13
60 381 18 21
60 368 27 26
59 134 79 90
59 220 74 64
59 229 33 31
59 26 56 56
59 232 63 74
58 22 30 25
58 333 64 54
58 2 68 71
58 338 64 79
58 290 23 28
57 197 49 54
57 63 99 80
57 29 9 10
57 366 46 50
56 478 186 186
56 14 106 111
56 324 77 96
56 391 63 47
56 130 76 68
55 471 68 64
55 183 111 93
55 204 9 10
55 37 24 26
55 460 79 56
54 439 22 19
54 333 24 33
54 130 43 48
54 317 41 37
54 176 32 46
54 2 52 46
53 73 63 43
53 420 52 58
53 373 11 9
53 409 41 44
53 346 32 31
52 29 46 48
52 382 15 15
52 251 37 37
52 399 119 126
52 242 86 78
51 99 66 58
51 306 91 87
51 253 72 77
51 135 83 66
51 128 79 60
51 83 88 83
51 64 53 58
50 481 36 30
50 209 30 25
50 95 43 43
50 63 46 43
50 323 107 94
50 296 86 100
49 390 46 44
49 433 24 21
49 348 26 27
49 441 33 29
49 407 51 44
48 440 47 54
48 24 24 21
48 21 380 420
48 82 297 333
48 132 206 200
48 340 174 163
48 423 113 106
48 326 101 139
47 260 47 42
47 273 45 48
47 472 36 28
47 183 61 61
47 494 13 10
47 227 46 43
47 305 16 20
46 394 28 25
46 135 81 71
46 420 30 38
46 373 69 65
46 248 91 99
46 23 75 79
46 400 88 67
45 419 56 56
45 205 32 35
45 491 78 84
44 258 19 18
44 272 13 13
44 75 69 62
44 383 8 8
43 264 60 49
43 102 54 52
43 493 31 30
43 453 2 2
42 165 154 141
42 259 115 102
42 225 91 82
42 322 24 23
42 267 12 14
42 254 21 22
42 31 78 94
42 228 139 140
41 443 92 73
41 207 112 99
41 490 40 41
41 442 26 31
41 378 20 14
41 33 45 48
40 164 38 42
40 200 28 29
40 280 46 46
40 474 29 33
39 297 67 62
39 168 48 57
39 388 48 38
39 364 84 81
39 467 42 45
39 438 72 70
39 235 63 63
39 408 68 73
38 345 53 56
38 28 59 46
38 22 44 41
38 418 46 39
38 290 45 40
38 196 41 31
38 289 29 29
37 265 45 51
37 204 30 29
37 55 28 26
37 201 37 35
37 460 75 86
37 170 38 43
36 487 31 30
36 294 30 29
36 86 41 36
36 453 82 69
36 330 33 36
35 30 29 24
35 221 61 52
35 274 79 66
35 193 62 52
35 335 13 13
34 8 90 80
34 172 81 108
34 162 2 2
34 156 48 44
34 410 75 56
34 411 39 42
33 41 46 52
33 442 31 31
33 455 22 26
33 378 65 51
33 141 28 23
33 263 41 47
33 104 30 31
32 335 89 82
32 299 37 45
32 415 46 51
32 122 43 40
32 300 49 36
32 483 43 47
32 193 92 83
31 254 58 64
31 42 75 71
31 228 83 82
31 192 39 38
31 466 32 29
31 498 60 55
31 432 106 98
31 413 53 61
30 90 58 48
30 396 63 51
30 104 101 97
30 421 40 40
30 274 96 78
30 35 24 24
30 221 61 48
29 57 7 9
29 63 72 88
29 366 45 50
29 52 52 41
29 382 44 56
29 296 108 102
29 399 136 133
28 379 41 39
28 367 27 22
28 345 23 27
28 452 28 29
28 418 27 35
28 38 43 53
27 121 75 68
27 466 71 75
27 498 39 44
27 352 20 20
27 97 38 31
27 271 35 34
26 220 80 80
26 96 77 93
26 59 54 43
26 232 101 100
26 319 113 86
26 69 124 87
26 288 61 64
26 169 84 108
25 312 31 36
25 196 41 39
25 289 60 58
25 78 61 83
25 212 83 83
25 427 78 91
24 440 54 42
24 93 28 37
24 116 28 40
24 48 20 19
24 369 78 90
24 423 92 101
23 46 70 89
23 463 10 11
23 373 38 32
23 409 12 11
23 400 61 54
23 314 32 34
23 77 72 69
22 345 41 44
22 262 40 47
22 333 57 75
22 58 30 29
22 38 36 49
22 290 51 51
21 440 422 523
21 48 398 379
21 82 97 114
21 101 42 56
21 315 46 51
21 65 12 12
20 140 17 16
20 343 31 29
20 259 21 22
20 228 109 113
20 70 37 32
19 493 80 77
19 102 80 83
19 217 78 61
19 389 52 69
19 497 71 89
19 495 90 122
19 134 34 43
19 229 111 100
18 300 44 48
18 417 29 30
18 126 66 67
18 8 45 59
18 473 18 14
17 318 35 43
17 174 40 53
17 84 45 47
17 279 52 56
17 454 65 56
17 160 85 83
17 470 40 40
16 436 55 44
16 372 20 22
16 198 66 57
16 462 50 46
16 349 58 52
16 189 21 21
15 270 33 40
15 405 60 47
15 295 33 40
15 110 29 31
15 94 43 46
15 198 54 65
14 124 60 76
14 60 18 14
14 381 33 35
14 368 37 31
14 478 316 296
14 320 121 95
14 56 139 103
14 324 86 115
13 327 14 15
13 213 49 47
13 423 51 54
13 326 73 72
13 146 16 12
13 236 47 60
12 320 78 68
12 328 9 9
12 195 33 32
12 317 85 76
12 214 66 57
11 92 121 124
11 239 106 104
11 444 34 42
11 415 31 43
11 353 71 70
11 417 59 61
10 484 27 35
10 475 46 50
10 144 42 48
10 89 41 56
10 135 79 72
10 394 42 39
9 108 44 44
9 234 72 78
9 429 49 54
9 178 40 43
9 281 14 13
9 243 101 102
9 435 64 61
8 449 86 93
8 126 72 54
8 171 45 59
8 473 56 63
8 18 53 51
8 156 91 118
8 136 58 55
8 172 61 53
8 34 101 74
7 151 40 57
7 241 41 54
7 163 42 53
7 260 26 24
7 273 49 43
7 81 37 43
6 124 73 79
6 287 60 72
6 284 46 48
6 468 35 28
6 154 87 84
5 236 69 85
5 361 27 24
5 115 20 15
5 159 66 62
5 181 43 36
5 216 51 62
4 500 22 23
4 310 12 12
4 143 67 56
4 376 11 9
3 178 48 51
3 399 42 37
3 336 35 37
3 242 48 50
2 54 58 44
2 333 72 58
2 58 71 68
2 176 29 25
2 163 45 44
2 338 50 59
2 138 45 42
2 250 48 55
1 397 42 42
1 74 53 51
1 129 28 23
1 488 85 67
1 255 35 33
