nnodes narcs source target drone_limit type
10 42 8 5 179 drone_routing_pli_project1
nodename posx posy
10 988.428 255.41
9 63.8778 498.188
8 63.9737 907.1
7 932.623 672.055
6 161.535 12.5789
5 503.683 608.631
4 178.38 233.77
3 541.861 433.702
2 311.708 267.028
1 783.235 863.673
tail head car_cost drone_cost
10 7 497 102
10 3 564 142
10 6 918 182
10 2 796 167
9 8 430 90
9 5 406 128
9 2 313 95
9 6 430 138
9 4 265 85
8 1 613 190
8 5 473 147
8 9 341 114
7 10 396 108
7 1 206 71
7 3 467 115
7 5 437 115
6 10 804 193
6 2 252 69
6 9 506 129
6 4 237 56
5 1 408 102
5 7 422 114
5 3 167 43
5 8 467 118
5 2 402 87
5 9 475 101
4 2 142 35
4 6 200 56
4 9 320 72
3 10 408 135
3 7 526 105
3 2 237 65
3 5 176 51
2 3 305 59
2 10 802 153
2 5 419 115
2 6 272 83
2 4 145 37
2 9 313 90
1 7 278 64
1 5 331 91
1 8 657 202
