nnodes narcs source target drone_limit type
100 568 87 95 24 drone_routing_pli_project1
nodename posx posy
100 371.272 381.337
99 500.848 290.332
98 865.393 629.634
97 162.279 126.713
96 447.152 626.677
95 37.3174 164.238
94 131.516 602.526
93 230.585 413.751
92 699.319 897.891
91 579.761 498.613
90 900.889 927.087
89 251.655 73.5505
88 764.962 615.351
87 228.959 275.534
86 485.904 412.018
85 905.66 437.693
84 133.399 395.801
83 353.518 895.161
82 621.036 582.209
81 25.4143 979.522
80 89.9873 418.731
79 72.569 737.109
78 14.5932 572.455
77 341.965 501.234
76 868.353 548.843
75 930.281 919.098
74 348.572 859.891
73 765.432 84.8765
72 739.778 425.031
71 602.629 999.687
70 590.719 538.252
69 516.618 89.7065
68 125.046 78.8397
67 75.4573 122.849
66 636.227 48.9512
65 945.429 713.701
64 14.2393 966.641
63 425.294 71.9057
62 793.554 964.66
61 986.375 591.106
60 23.9189 589.814
59 120.469 888.776
58 469.697 570.474
57 909.466 570.773
56 308.831 136.007
55 640.013 121.756
54 594.783 605.917
53 326.537 211.631
52 276.704 802.099
51 181.401 390.999
50 854.214 617.943
49 308.569 641.987
48 629.926 655.753
47 295.632 805.608
46 668.613 930.768
45 958.834 258.462
44 676.797 57.5151
43 449.237 829.722
42 77.6951 262.774
41 869.674 288.204
40 117.803 799.177
39 767.7 477.191
38 243.705 513.901
37 567.506 504.639
36 618.735 216.69
35 563.419 215.444
34 193.435 208.825
33 321.145 372.362
32 432.736 607.173
31 693.701 678.851
30 664.867 511.938
29 552.795 600.871
28 127.261 319.624
27 330.428 230.363
26 515.31 629.498
25 549.054 509.701
24 109.646 897.715
23 352.918 567.454
22 82.5088 782.54
21 221.073 749.126
20 126.436 630.602
19 299.118 944.346
18 168.46 771.005
17 308.456 780.927
16 236.793 813.963
15 627.672 177.248
14 937.804 455.239
13 660.822 102.847
12 929.278 938.523
11 954.526 412.785
10 988.428 255.41
9 63.8778 498.188
8 63.9737 907.1
7 932.623 672.055
6 161.535 12.5789
5 503.683 608.631
4 178.38 233.77
3 541.861 433.702
2 311.708 267.028
1 783.235 863.673
tail head car_cost drone_cost
100 99 185 45
100 86 98 35
100 77 124 34
100 33 56 13
100 2 125 39
100 27 161 35
99 36 143 38
99 35 86 22
99 69 234 54
99 86 105 33
99 3 161 38
99 100 128 33
99 27 200 46
99 63 193 47
99 53 165 52
98 57 67 22
98 65 114 33
98 7 72 17
98 1 253 58
98 31 174 47
98 88 107 27
98 50 15 5
97 34 93 20
97 89 125 24
97 6 107 31
97 4 121 33
97 68 55 13
97 67 81 24
96 26 76 18
96 5 51 15
96 58 72 18
96 43 206 60
96 17 170 57
96 49 123 40
96 32 29 7
95 6 216 41
95 67 57 16
95 78 461 107
95 42 116 28
94 38 130 36
94 20 30 7
94 49 199 44
94 9 141 33
94 60 95 26
93 77 149 34
93 33 109 23
93 87 166 34
93 38 85 27
93 51 65 15
92 62 110 33
92 1 85 21
92 46 38 13
92 31 240 64
92 48 270 60
92 43 255 60
91 30 98 25
91 70 36 12
91 3 63 21
91 37 13 3
90 12 31 7
90 75 27 10
90 1 118 36
90 62 106 25
89 63 188 43
89 56 97 24
89 34 164 34
89 6 124 31
89 97 87 24
88 76 119 37
88 39 163 36
88 98 96 21
88 50 102 19
88 31 92 28
88 30 133 41
88 82 154 35
87 2 77 22
87 33 135 38
87 53 101 25
87 93 115 29
87 51 137 30
87 34 85 18
87 4 67 15
87 28 110 32
86 25 133 30
86 3 56 15
86 99 139 30
86 58 160 37
86 100 102 28
86 77 166 35
85 11 57 14
85 14 31 10
85 76 107 29
85 39 119 31
85 41 143 37
85 72 173 45
84 38 160 37
84 51 46 15
84 28 76 22
84 80 47 13
84 9 136 34
83 71 226 74
83 43 100 34
83 74 40 10
83 19 66 22
82 31 112 31
82 88 161 38
82 30 79 24
82 48 60 17
82 70 52 12
82 54 35 9
81 71 528 159
81 19 280 65
81 24 104 26
81 8 96 24
81 64 15 5
80 28 113 29
80 84 53 13
80 42 149 35
80 9 93 25
79 18 116 21
79 40 89 18
79 20 105 32
79 22 52 14
79 60 128 36
79 64 223 63
78 9 77 25
78 95 393 91
78 42 372 84
78 60 17 5
78 64 445 117
77 58 136 40
77 86 183 44
77 100 116 33
77 23 76 20
77 38 90 29
77 93 119 43
77 33 142 31
76 14 138 35
76 85 133 27
76 57 53 12
76 50 81 18
76 39 145 31
76 88 123 29
75 61 311 88
75 65 232 57
75 12 22 4
75 1 142 46
75 90 30 8
74 43 105 24
74 83 33 10
74 19 88 24
74 17 81 22
74 47 83 18
73 10 278 84
73 45 224 65
73 44 109 26
73 41 192 60
73 15 141 41
73 13 123 32
72 85 182 34
72 41 209 41
72 39 59 15
72 30 112 31
72 36 242 63
72 3 174 45
71 62 217 47
71 46 95 23
71 81 533 145
71 19 348 75
71 43 202 65
71 83 244 71
70 82 57 12
70 30 82 22
70 54 56 18
70 29 85 22
70 91 40 11
70 37 48 13
70 25 46 15
69 55 140 28
69 66 103 27
69 15 157 36
69 35 149 39
69 63 105 24
69 99 217 55
68 6 73 21
68 67 67 14
68 97 69 18
67 6 150 40
67 4 126 41
67 68 54 15
67 97 97 26
67 95 57 15
67 42 148 38
66 44 46 11
66 13 55 16
66 55 61 20
66 69 132 36
66 6 486 116
66 63 234 62
65 61 115 35
65 75 230 60
65 1 183 62
65 98 96 25
65 7 39 11
64 22 217 44
64 8 83 24
64 81 19 5
64 79 233 49
64 60 320 95
64 78 416 88
63 69 105 20
63 66 247 43
63 6 259 57
63 89 147 36
63 99 195 66
63 56 114 40
63 53 173 36
62 12 145 31
62 90 103 34
62 71 161 46
62 46 119 29
62 1 116 27
62 92 124 31
61 10 333 79
61 12 342 72
61 7 81 28
61 65 112 30
61 75 358 98
61 11 176 53
61 14 118 35
61 57 85 23
60 20 93 26
60 94 108 27
60 9 88 25
60 79 160 41
60 78 18 5
60 64 451 105
59 19 174 48
59 16 137 33
59 40 99 23
59 24 13 4
58 29 89 25
58 25 111 22
58 86 165 44
58 5 50 13
58 96 50 18
58 32 60 13
58 77 148 32
58 23 97 28
57 61 85 18
57 14 103 35
57 7 98 28
57 98 85 16
57 76 51 11
57 50 78 17
56 63 132 39
56 53 64 16
56 89 81 25
56 34 126 31
55 66 70 19
55 69 127 37
55 15 56 15
55 13 34 7
54 82 41 10
54 48 53 19
54 70 80 17
54 29 37 12
54 26 70 23
53 99 227 45
53 63 149 45
53 27 20 4
53 2 66 12
53 56 76 17
53 34 133 30
53 87 121 33
52 17 41 11
52 21 67 23
52 47 17 6
52 16 42 9
51 87 101 35
51 84 57 11
51 28 85 20
51 38 126 34
51 93 64 12
50 57 66 18
50 76 69 17
50 88 76 19
50 98 19 5
49 96 131 39
49 32 153 31
49 23 83 20
49 17 134 30
49 21 118 36
49 38 129 39
49 20 200 44
49 94 216 37
48 31 73 17
48 92 262 72
48 82 70 16
48 43 274 61
48 54 52 15
48 26 128 26
47 74 65 16
47 17 25 8
47 19 150 36
47 52 16 5
47 16 55 13
46 62 106 28
46 92 53 12
46 43 282 57
46 71 99 25
45 10 30 8
45 11 156 36
45 73 209 69
45 41 84 21
44 73 89 25
44 66 40 10
44 13 55 11
43 46 265 62
43 92 241 60
43 48 207 54
43 26 183 61
43 71 219 47
43 83 97 28
43 74 122 22
43 17 169 41
43 96 230 56
42 4 115 22
42 28 86 22
42 80 153 34
42 9 247 71
42 67 155 31
42 95 117 25
42 78 263 81
41 45 110 28
41 11 140 31
41 85 149 32
41 72 185 42
41 36 312 72
41 73 206 56
41 15 277 65
40 16 103 31
40 18 54 13
40 59 89 20
40 24 112 23
40 8 114 30
40 79 81 18
40 22 43 9
39 85 152 42
39 76 132 30
39 88 112 35
39 72 70 18
39 30 96 29
38 23 145 31
38 77 90 26
38 49 166 39
38 94 135 32
38 9 208 43
38 84 154 42
38 93 110 25
38 51 156 30
37 91 14 4
37 70 48 10
37 3 81 19
37 25 16 6
36 41 257 77
36 15 46 12
36 72 275 60
36 3 215 66
36 35 55 15
36 99 162 38
35 15 67 18
35 36 47 16
35 69 151 29
35 99 90 25
34 56 119 37
34 53 137 33
34 89 163 31
34 87 80 20
34 97 103 22
34 4 28 9
33 100 56 13
33 77 138 29
33 2 109 29
33 87 136 32
33 93 84 27
32 58 55 15
32 96 26 6
32 49 125 37
32 23 86 19
31 98 198 47
31 1 193 42
31 88 87 23
31 92 179 63
31 82 145 36
31 48 76 16
30 39 125 28
30 72 130 28
30 88 128 33
30 82 77 21
30 70 84 20
30 3 149 44
30 91 95 26
29 70 62 20
29 54 36 11
29 26 43 14
29 5 49 13
29 58 103 21
29 25 99 25
28 51 96 25
28 87 114 26
28 4 100 27
28 84 65 19
28 42 64 18
28 80 102 32
27 99 201 49
27 100 146 41
27 53 17 5
27 2 44 10
26 48 105 28
26 54 90 21
26 29 52 11
26 43 233 51
26 5 20 6
26 96 58 18
25 70 42 14
25 37 19 5
25 29 97 26
25 58 90 23
25 86 131 26
25 3 80 20
24 19 213 50
24 59 15 4
24 40 80 22
24 8 43 10
24 81 123 30
23 58 111 35
23 32 72 25
23 49 88 25
23 38 122 30
23 77 57 16
22 40 34 12
22 8 136 30
22 79 50 14
22 64 176 42
21 17 106 23
21 52 71 22
21 49 129 34
21 16 66 15
21 20 182 41
21 18 56 13
20 21 132 39
20 49 160 44
20 94 25 7
20 18 169 35
20 60 111 24
20 79 105 28
19 71 254 81
19 83 67 17
19 74 105 23
19 81 278 72
19 24 230 40
19 59 156 47
19 47 148 42
19 16 147 42
18 21 67 13
18 16 74 17
18 40 52 14
18 79 109 21
18 20 166 43
17 43 131 32
17 96 191 61
17 49 143 30
17 74 72 20
17 47 30 7
17 21 94 24
17 52 34 9
16 19 149 32
16 59 155 30
16 21 73 15
16 18 83 21
16 40 134 30
16 47 59 13
16 52 49 9
15 41 241 78
15 55 49 15
15 73 136 42
15 13 88 20
15 36 42 12
15 69 169 29
15 35 89 18
14 11 37 11
14 61 148 41
14 57 100 25
14 85 35 10
14 76 119 33
13 44 55 14
13 66 61 15
13 55 29 7
13 15 69 21
13 73 113 27
12 61 402 103
12 75 19 5
12 90 27 9
12 62 111 36
11 10 173 43
11 45 159 44
11 14 46 10
11 61 184 53
11 41 168 35
11 85 54 13
10 61 287 91
10 73 308 68
10 45 32 8
10 11 139 36
9 38 214 49
9 84 137 28
9 80 90 21
9 42 233 50
9 94 104 37
9 78 92 25
9 60 111 21
8 24 42 13
8 40 126 37
8 22 111 29
8 64 67 20
8 81 99 20
7 61 85 23
7 57 89 23
7 98 95 20
7 65 39 13
6 66 535 103
6 63 274 66
6 89 97 23
6 95 199 54
6 67 161 35
6 68 88 21
6 97 131 30
5 29 42 14
5 26 21 7
5 58 44 14
5 96 72 15
4 34 32 6
4 87 70 20
4 28 88 27
4 42 123 30
4 67 127 38
4 97 110 25
3 30 148 33
3 72 159 44
3 91 84 21
3 37 72 22
3 36 257 66
3 25 76 22
3 86 58 18
3 99 155 33
2 100 107 36
2 27 49 11
2 53 66 12
2 87 80 18
2 33 89 32
1 65 248 47
1 75 165 39
1 90 140 33
1 98 218 54
1 62 114 29
1 31 231 43
1 92 92 27
