nnodes narcs source target drone_limit type
30 154 30 4 97 drone_routing_pli_project1
nodename posx posy
30 390.405 764.816
29 630.597 929.251
28 877.155 74.4134
27 784.828 763.968
26 350.988 108.022
25 778.294 37.0751
24 444.482 982.164
23 45.8001 432.362
22 850.44 128.297
21 15.5657 997.311
20 955.938 614.512
19 481.48 137.769
18 225.964 657.914
17 654.453 549.801
16 778.592 399.323
15 862.447 455.172
14 984.527 316.605
13 388.979 865.367
12 851.977 303.747
11 286.993 614.677
10 170.354 370.348
9 543.106 779.788
8 177.094 660.641
7 732.693 279.944
6 971.862 451.813
5 256.869 850.988
4 169.171 477.105
3 518.233 865.638
2 788.599 198.069
1 524.84 272.854
tail head car_cost drone_cost
30 9 175 167
30 17 313 369
30 3 159 173
30 13 85 110
30 5 151 176
30 11 192 151
30 18 206 193
29 20 513 379
29 27 212 214
29 24 167 158
29 9 172 182
29 3 152 141
28 25 109 88
28 22 58 60
28 14 214 228
27 20 191 216
27 29 243 207
27 17 244 301
27 9 260 261
26 25 472 494
26 1 208 215
26 19 139 159
26 23 372 436
26 10 362 282
25 28 112 103
25 22 138 103
25 2 171 190
25 26 490 372
25 19 299 270
24 29 231 181
24 3 149 137
24 21 385 504
24 13 141 150
24 5 195 204
23 26 357 534
23 21 455 607
23 10 144 151
23 4 120 129
23 8 240 230
22 28 71 63
22 14 253 269
22 25 139 139
22 2 80 93
22 12 174 162
21 24 415 437
21 5 228 318
21 8 300 356
21 23 614 468
20 6 191 139
20 29 406 416
20 27 252 211
20 15 157 222
20 17 258 280
19 2 334 314
19 25 304 261
19 7 303 234
19 26 108 152
19 1 128 141
18 30 168 189
18 11 74 83
18 5 202 157
18 4 178 192
18 8 49 59
17 20 353 298
17 15 250 256
17 16 186 159
17 27 278 281
17 9 289 207
17 30 304 303
17 11 372 363
17 1 253 365
16 12 121 100
16 15 116 82
16 17 191 210
16 7 140 111
16 1 247 320
15 6 96 128
15 14 192 205
15 20 166 178
15 12 173 151
15 16 111 107
15 17 191 198
14 6 122 132
14 15 159 187
14 12 121 151
14 28 262 314
14 22 260 262
13 3 105 144
13 30 101 103
13 5 120 135
13 24 148 143
12 14 121 144
12 15 149 143
12 16 145 115
12 22 199 141
12 2 109 129
12 7 99 134
11 17 317 328
11 1 424 382
11 30 211 162
11 18 63 88
11 10 237 324
11 4 185 171
10 1 361 311
10 26 273 295
10 11 233 283
10 23 138 124
10 4 117 94
9 27 231 239
9 29 206 182
9 17 250 275
9 30 126 166
9 3 80 88
8 5 182 199
8 18 44 45
8 21 356 427
8 4 202 221
8 23 223 294
7 12 125 115
7 2 117 118
7 16 143 116
7 19 316 296
7 1 171 217
6 14 162 138
6 15 104 106
6 20 140 180
5 13 130 111
5 24 228 272
5 30 145 186
5 21 302 297
5 18 221 201
5 8 174 225
4 18 209 170
4 11 158 145
4 10 128 122
4 23 152 151
4 8 179 188
3 29 124 124
3 9 81 76
3 24 143 137
3 30 143 170
3 13 111 136
2 22 93 111
2 12 132 124
2 7 116 81
2 25 181 144
2 19 344 323
1 16 286 321
1 7 200 169
1 17 308 366
1 11 371 472
1 10 346 366
1 26 254 224
1 19 155 126
