nnodes narcs source target drone_limit type
10 44 6 1 84 drone_routing_pli_project1
nodename posx posy
10 897.465 197.942
9 324.264 857.388
8 507.414 530.33
7 532.589 868.111
6 256.372 792.962
5 627.09 987.452
4 682.985 612.102
3 553.675 217.735
2 573.263 801.507
1 912.433 159.083
tail head car_cost drone_cost
10 1 47 10
10 5 824 230
10 3 317 94
10 4 544 95
9 5 331 84
9 7 206 43
9 2 218 74
9 8 321 106
9 6 83 22
8 4 172 42
8 3 294 68
8 2 246 73
8 6 292 96
8 9 367 108
7 5 179 42
7 2 82 23
7 9 176 52
6 3 584 159
6 8 366 107
6 9 87 28
5 1 918 234
5 10 669 172
5 4 344 104
5 9 295 81
5 2 168 57
5 7 129 43
4 10 381 118
4 5 373 104
4 2 218 56
4 3 349 91
4 8 199 42
3 1 386 74
3 10 330 77
3 4 384 119
3 6 630 183
3 8 311 70
2 5 163 41
2 4 196 66
2 7 67 17
2 8 327 56
2 9 275 76
1 5 918 196
1 3 356 95
1 10 50 12
