nnodes narcs source target drone_limit type
50 274 14 11 111 drone_routing_pli_project1
nodename posx posy
50 986.934 388.857
49 934.031 593.341
48 827.234 313.347
47 913.949 329.182
46 242.004 489.496
45 903.235 368.426
44 945.25 643.744
43 338.136 584.941
42 229.342 801.76
41 267.4 953.097
40 81.8416 569.725
39 195.334 593.232
38 658.511 937.884
37 512.247 552.193
36 607.099 375.62
35 759.929 670.62
34 280.868 704.665
33 203.298 88.5762
32 569.775 509.565
31 540.184 647.78
30 939.328 259.061
29 474.992 272.491
28 377.366 564.835
27 876.027 696.759
26 679.633 150.975
25 319.815 982.327
24 774.809 813.267
23 660.036 702.546
22 314.577 436.784
21 426.58 500.941
20 296.934 646.692
19 116.756 750.923
18 110.957 884.096
17 962.459 12.0538
16 694.994 228.603
15 392.896 899.323
14 891.081 593.873
13 932.664 340.327
12 6.57788 573.299
11 622.059 210.893
10 806.502 140.473
9 584.649 216.588
8 950.854 153.56
7 132.554 64.1665
6 351.209 573.345
5 750.497 366.274
4 187.59 990.434
3 565.489 1.76691
2 834.817 335.986
1 41.6303 454.492
tail head car_cost drone_cost
50 44 227 263
50 17 448 401
50 8 245 284
50 49 199 254
50 30 147 156
50 13 78 61
50 45 76 77
49 50 179 254
49 44 60 55
49 45 188 259
49 14 40 47
48 47 83 106
48 30 107 113
48 2 28 26
48 10 202 170
48 16 143 152
48 5 97 95
47 30 89 81
47 13 25 18
47 45 37 41
47 48 88 75
47 2 80 92
46 6 133 149
46 22 80 87
46 43 133 125
46 39 124 105
46 1 218 214
46 40 167 149
45 49 202 214
45 50 102 88
45 13 38 44
45 47 35 36
45 14 237 229
45 5 160 140
45 2 73 85
44 50 243 290
44 38 404 448
44 24 220 266
44 27 83 96
44 49 49 44
44 14 77 89
43 20 62 68
43 28 53 51
43 6 17 20
43 46 128 138
43 39 145 128
42 15 195 188
42 34 128 99
42 41 174 148
42 19 112 116
42 18 161 155
41 25 63 66
41 15 118 134
41 4 72 82
41 42 133 172
41 18 202 175
40 39 137 115
40 46 201 184
40 19 189 216
40 1 119 137
40 12 80 72
39 20 136 133
39 43 131 153
39 46 92 115
39 34 116 144
39 40 97 134
39 19 148 202
38 44 402 402
38 24 177 141
38 23 247 253
38 15 256 258
38 25 312 275
37 32 81 58
37 21 119 87
37 28 153 125
37 31 94 95
36 16 168 174
36 11 167 145
36 5 171 168
36 32 131 142
36 9 181 192
36 29 194 194
36 21 224 181
35 27 141 125
35 14 165 180
35 24 136 143
35 23 108 91
35 32 289 201
35 5 247 322
34 31 273 249
34 20 65 66
34 15 218 189
34 42 108 120
34 39 122 129
34 19 137 164
33 3 311 401
33 29 296 383
33 22 300 363
33 7 73 85
33 1 448 437
32 35 287 226
32 23 212 182
32 5 223 207
32 36 132 124
32 31 145 124
32 21 145 116
32 37 83 72
31 23 142 137
31 32 130 123
31 15 265 309
31 34 266 250
31 37 92 104
31 20 282 202
31 28 162 209
30 8 116 113
30 50 149 145
30 13 74 70
30 47 84 64
30 10 183 202
30 48 115 133
29 3 289 278
29 9 126 123
29 36 156 185
29 21 276 199
29 33 301 345
29 22 260 186
28 21 75 65
28 37 152 131
28 22 156 121
28 31 217 198
28 20 109 130
28 6 30 33
28 43 41 43
27 44 104 101
27 14 111 119
27 35 131 100
27 24 130 128
26 10 122 136
26 11 70 89
26 16 67 69
26 3 180 160
26 9 123 97
25 38 387 330
25 15 126 99
25 41 57 49
25 4 114 129
24 44 198 286
24 27 133 137
24 38 202 179
24 35 135 136
24 23 162 187
23 24 176 174
23 35 106 112
23 38 268 217
23 15 345 384
23 32 172 229
23 31 115 108
22 21 107 129
22 28 122 146
22 29 196 234
22 6 157 169
22 46 86 95
22 33 432 357
22 1 224 265
21 32 123 133
21 36 186 215
21 29 267 268
21 37 98 88
21 22 117 128
21 28 74 97
20 31 235 261
20 28 121 125
20 43 72 89
20 39 118 108
20 34 67 59
19 34 175 180
19 42 108 107
19 39 143 187
19 18 146 131
19 40 185 180
19 12 233 210
18 4 108 157
18 41 189 166
18 42 121 117
18 19 118 133
18 12 375 281
17 50 326 354
17 8 157 136
17 3 375 326
17 10 238 176
16 48 184 164
16 10 133 120
16 5 149 177
16 36 168 146
16 26 80 92
16 11 80 63
15 38 245 309
15 23 370 346
15 31 247 304
15 25 126 128
15 41 159 158
15 34 205 235
15 42 171 184
14 44 60 66
14 49 48 48
14 45 232 229
14 27 99 95
14 5 301 262
14 35 172 136
13 30 90 90
13 50 67 86
13 47 19 24
13 45 41 45
12 7 516 462
12 18 356 270
12 19 206 231
12 40 62 62
12 1 112 119
11 26 80 68
11 16 76 65
11 9 41 37
11 36 190 182
10 8 144 129
10 17 222 201
10 30 179 198
10 48 189 152
10 3 229 277
10 26 121 138
10 16 164 155
9 11 45 33
9 26 139 101
9 36 163 188
9 3 235 173
9 29 120 146
8 17 127 128
8 50 238 235
8 10 157 137
8 30 87 108
7 3 411 391
7 33 68 64
7 12 494 429
7 1 361 446
6 22 146 125
6 46 154 120
6 28 31 31
6 43 18 18
5 14 303 253
5 45 173 147
5 2 78 77
5 48 81 99
5 35 326 279
5 16 121 166
5 36 127 134
5 32 198 244
4 25 152 113
4 41 74 101
4 18 126 109
3 17 335 448
3 10 318 266
3 26 159 223
3 7 378 357
3 33 299 301
3 29 316 309
3 9 191 233
2 47 70 86
2 45 78 79
2 5 80 104
2 48 25 27
1 22 239 301
1 46 183 201
1 33 432 402
1 7 443 407
1 40 133 120
1 12 102 121
