nnodes narcs source target drone_limit type
100 568 87 95 96 drone_routing_pli_project1
nodename posx posy
100 371.272 381.337
99 500.848 290.332
98 865.393 629.634
97 162.279 126.713
96 447.152 626.677
95 37.3174 164.238
94 131.516 602.526
93 230.585 413.751
92 699.319 897.891
91 579.761 498.613
90 900.889 927.087
89 251.655 73.5505
88 764.962 615.351
87 228.959 275.534
86 485.904 412.018
85 905.66 437.693
84 133.399 395.801
83 353.518 895.161
82 621.036 582.209
81 25.4143 979.522
80 89.9873 418.731
79 72.569 737.109
78 14.5932 572.455
77 341.965 501.234
76 868.353 548.843
75 930.281 919.098
74 348.572 859.891
73 765.432 84.8765
72 739.778 425.031
71 602.629 999.687
70 590.719 538.252
69 516.618 89.7065
68 125.046 78.8397
67 75.4573 122.849
66 636.227 48.9512
65 945.429 713.701
64 14.2393 966.641
63 425.294 71.9057
62 793.554 964.66
61 986.375 591.106
60 23.9189 589.814
59 120.469 888.776
58 469.697 570.474
57 909.466 570.773
56 308.831 136.007
55 640.013 121.756
54 594.783 605.917
53 326.537 211.631
52 276.704 802.099
51 181.401 390.999
50 854.214 617.943
49 308.569 641.987
48 629.926 655.753
47 295.632 805.608
46 668.613 930.768
45 958.834 258.462
44 676.797 57.5151
43 449.237 829.722
42 77.6951 262.774
41 869.674 288.204
40 117.803 799.177
39 767.7 477.191
38 243.705 513.901
37 567.506 504.639
36 618.735 216.69
35 563.419 215.444
34 193.435 208.825
33 321.145 372.362
32 432.736 607.173
31 693.701 678.851
30 664.867 511.938
29 552.795 600.871
28 127.261 319.624
27 330.428 230.363
26 515.31 629.498
25 549.054 509.701
24 109.646 897.715
23 352.918 567.454
22 82.5088 782.54
21 221.073 749.126
20 126.436 630.602
19 299.118 944.346
18 168.46 771.005
17 308.456 780.927
16 236.793 813.963
15 627.672 177.248
14 937.804 455.239
13 660.822 102.847
12 929.278 938.523
11 954.526 412.785
10 988.428 255.41
9 63.8778 498.188
8 63.9737 907.1
7 932.623 672.055
6 161.535 12.5789
5 503.683 608.631
4 178.38 233.77
3 541.861 433.702
2 311.708 267.028
1 783.235 863.673
tail head car_cost drone_cost
100 99 185 180
100 86 98 138
100 77 124 135
100 33 56 51
100 2 125 153
100 27 161 137
99 36 143 150
99 35 86 85
99 69 234 215
99 86 105 130
99 3 161 149
99 100 128 129
99 27 200 184
99 63 193 187
99 53 165 207
98 57 67 86
98 65 114 132
98 7 72 68
98 1 253 229
98 31 174 187
98 88 107 105
98 50 15 19
97 34 93 77
97 89 125 95
97 6 107 121
97 4 121 130
97 68 55 52
97 67 81 94
96 26 76 72
96 5 51 57
96 58 72 72
96 43 206 239
96 17 170 225
96 49 123 160
96 32 29 26
95 6 216 161
95 67 57 61
95 78 461 426
95 42 116 109
94 38 130 142
94 20 30 26
94 49 199 174
94 9 141 130
94 60 95 102
93 77 149 133
93 33 109 91
93 87 166 136
93 38 85 107
93 51 65 57
92 62 110 132
92 1 85 83
92 46 38 52
92 31 240 256
92 48 270 239
92 43 255 239
91 30 98 100
91 70 36 46
91 3 63 84
91 37 13 12
90 12 31 27
90 75 27 37
90 1 118 143
90 62 106 98
89 63 188 169
89 56 97 94
89 34 164 133
89 6 124 124
89 97 87 94
88 76 119 147
88 39 163 143
88 98 96 83
88 50 102 74
88 31 92 109
88 30 133 163
88 82 154 138
87 2 77 88
87 33 135 150
87 53 101 99
87 93 115 115
87 51 137 118
87 34 85 71
87 4 67 59
87 28 110 128
86 25 133 119
86 3 56 59
86 99 139 120
86 58 160 147
86 100 102 109
86 77 166 138
85 11 57 55
85 14 31 40
85 76 107 114
85 39 119 121
85 41 143 145
85 72 173 178
84 38 160 146
84 51 46 58
84 28 76 87
84 80 47 52
84 9 136 134
83 71 226 293
83 43 100 133
83 74 40 40
83 19 66 85
82 31 112 122
82 88 161 149
82 30 79 94
82 48 60 66
82 70 52 48
82 54 35 36
81 71 528 636
81 19 280 259
81 24 104 101
81 8 96 94
81 64 15 18
80 28 113 113
80 84 53 50
80 42 149 139
80 9 93 98
79 18 116 84
79 40 89 69
79 20 105 127
79 22 52 53
79 60 128 141
79 64 223 249
78 9 77 97
78 95 393 364
78 42 372 333
78 60 17 19
78 64 445 468
77 58 136 159
77 86 183 176
77 100 116 131
77 23 76 77
77 38 90 116
77 93 119 170
77 33 142 124
76 14 138 138
76 85 133 108
76 57 53 47
76 50 81 69
76 39 145 124
76 88 123 116
75 61 311 351
75 65 232 226
75 12 22 16
75 1 142 183
75 90 30 30
74 43 105 95
74 83 33 37
74 19 88 96
74 17 81 88
74 47 83 72
73 10 278 336
73 45 224 260
73 44 109 104
73 41 192 239
73 15 141 163
73 13 123 125
72 85 182 134
72 41 209 162
72 39 59 58
72 30 112 123
72 36 242 252
72 3 174 179
71 62 217 185
71 46 95 92
71 81 533 578
71 19 348 297
71 43 202 258
71 83 244 282
70 82 57 46
70 30 82 88
70 54 56 71
70 29 85 86
70 91 40 41
70 37 48 49
70 25 46 57
69 55 140 109
69 66 103 108
69 15 157 141
69 35 149 154
69 63 105 93
69 99 217 217
68 6 73 83
68 67 67 56
68 97 69 70
67 6 150 157
67 4 126 162
67 68 54 57
67 97 97 104
67 95 57 59
67 42 148 152
66 44 46 44
66 13 55 62
66 55 61 77
66 69 132 144
66 6 486 463
66 63 234 248
65 61 115 138
65 75 230 239
65 1 183 247
65 98 96 98
65 7 39 43
64 22 217 173
64 8 83 94
64 81 19 18
64 79 233 193
64 60 320 377
64 78 416 349
63 69 105 77
63 66 247 172
63 6 259 227
63 89 147 144
63 99 195 261
63 56 114 158
63 53 173 142
62 12 145 122
62 90 103 136
62 71 161 184
62 46 119 115
62 1 116 108
62 92 124 121
61 10 333 315
61 12 342 287
61 7 81 110
61 65 112 119
61 75 358 390
61 11 176 212
61 14 118 140
61 57 85 90
60 20 93 103
60 94 108 105
60 9 88 98
60 79 160 161
60 78 18 18
60 64 451 418
59 19 174 192
59 16 137 131
59 40 99 89
59 24 13 16
58 29 89 99
58 25 111 85
58 86 165 176
58 5 50 50
58 96 50 72
58 32 60 51
58 77 148 128
58 23 97 111
57 61 85 72
57 14 103 140
57 7 98 112
57 98 85 63
57 76 51 41
57 50 78 66
56 63 132 153
56 53 64 64
56 89 81 100
56 34 126 121
55 66 70 76
55 69 127 145
55 15 56 60
55 13 34 28
54 82 41 38
54 48 53 73
54 70 80 65
54 29 37 45
54 26 70 89
53 99 227 177
53 63 149 178
53 27 20 16
53 2 66 48
53 56 76 66
53 34 133 119
53 87 121 131
52 17 41 43
52 21 67 92
52 47 17 21
52 16 42 34
51 87 101 138
51 84 57 43
51 28 85 79
51 38 126 133
51 93 64 47
50 57 66 71
50 76 69 66
50 88 76 75
50 98 19 20
49 96 131 155
49 32 153 121
49 23 83 77
49 17 134 119
49 21 118 144
49 38 129 154
49 20 200 175
49 94 216 146
48 31 73 65
48 92 262 286
48 82 70 62
48 43 274 241
48 54 52 58
48 26 128 103
47 74 65 63
47 17 25 32
47 19 150 142
47 52 16 20
47 16 55 52
46 62 106 109
46 92 53 47
46 43 282 225
46 71 99 98
45 10 30 30
45 11 156 143
45 73 209 273
45 41 84 83
44 73 89 97
44 66 40 40
44 13 55 43
43 46 265 246
43 92 241 238
43 48 207 214
43 26 183 244
43 71 219 188
43 83 97 111
43 74 122 86
43 17 169 162
43 96 230 222
42 4 115 88
42 28 86 88
42 80 153 135
42 9 247 281
42 67 155 121
42 95 117 97
42 78 263 324
41 45 110 109
41 11 140 122
41 85 149 128
41 72 185 166
41 36 312 288
41 73 206 223
41 15 277 257
40 16 103 122
40 18 54 52
40 59 89 77
40 24 112 89
40 8 114 119
40 79 81 69
40 22 43 33
39 85 152 167
39 76 132 119
39 88 112 137
39 72 70 69
39 30 96 113
38 23 145 123
38 77 90 102
38 49 166 153
38 94 135 126
38 9 208 170
38 84 154 168
38 93 110 99
38 51 156 120
37 91 14 16
37 70 48 40
37 3 81 73
37 25 16 22
36 41 257 308
36 15 46 46
36 72 275 237
36 3 215 264
36 35 55 58
36 99 162 149
35 15 67 69
35 36 47 61
35 69 151 114
35 99 90 97
34 56 119 146
34 53 137 132
34 89 163 123
34 87 80 80
34 97 103 87
34 4 28 35
33 100 56 51
33 77 138 115
33 2 109 115
33 87 136 125
33 93 84 106
32 58 55 57
32 96 26 21
32 49 125 148
32 23 86 76
31 98 198 187
31 1 193 167
31 88 87 90
31 92 179 249
31 82 145 143
31 48 76 62
30 39 125 112
30 72 130 112
30 88 128 130
30 82 77 83
30 70 84 78
30 3 149 174
30 91 95 102
29 70 62 77
29 54 36 41
29 26 43 56
29 5 49 50
29 58 103 82
29 25 99 99
28 51 96 98
28 87 114 103
28 4 100 108
28 84 65 73
28 42 64 71
28 80 102 127
27 99 201 193
27 100 146 162
27 53 17 17
27 2 44 38
26 48 105 112
26 54 90 84
26 29 52 42
26 43 233 203
26 5 20 22
26 96 58 69
25 70 42 55
25 37 19 17
25 29 97 102
25 58 90 91
25 86 131 102
25 3 80 78
24 19 213 200
24 59 15 13
24 40 80 88
24 8 43 40
24 81 123 118
23 58 111 140
23 32 72 98
23 49 88 98
23 38 122 118
23 77 57 62
22 40 34 45
22 8 136 120
22 79 50 56
22 64 176 165
21 17 106 89
21 52 71 86
21 49 129 134
21 16 66 59
21 20 182 161
21 18 56 51
20 21 132 153
20 49 160 175
20 94 25 26
20 18 169 137
20 60 111 93
20 79 105 111
19 71 254 323
19 83 67 65
19 74 105 91
19 81 278 286
19 24 230 158
19 59 156 185
19 47 148 165
19 16 147 167
18 21 67 51
18 16 74 67
18 40 52 53
18 79 109 83
18 20 166 169
17 43 131 126
17 96 191 241
17 49 143 118
17 74 72 79
17 47 30 26
17 21 94 94
17 52 34 35
16 19 149 126
16 59 155 118
16 21 73 57
16 18 83 82
16 40 134 119
16 47 59 52
16 52 49 36
15 41 241 311
15 55 49 57
15 73 136 167
15 13 88 80
15 36 42 46
15 69 169 116
15 35 89 69
14 11 37 41
14 61 148 161
14 57 100 97
14 85 35 38
14 76 119 132
13 44 55 56
13 66 61 58
13 55 29 26
13 15 69 84
13 73 113 105
12 61 402 412
12 75 19 20
12 90 27 33
12 62 111 141
11 10 173 172
11 45 159 173
11 14 46 40
11 61 184 211
11 41 168 140
11 85 54 52
10 61 287 362
10 73 308 272
10 45 32 32
10 11 139 141
9 38 214 194
9 84 137 112
9 80 90 83
9 42 233 197
9 94 104 148
9 78 92 99
9 60 111 84
8 24 42 49
8 40 126 145
8 22 111 116
8 64 67 79
8 81 99 80
7 61 85 89
7 57 89 91
7 98 95 78
7 65 39 50
6 66 535 411
6 63 274 262
6 89 97 90
6 95 199 216
6 67 161 137
6 68 88 83
6 97 131 120
5 29 42 54
5 26 21 26
5 58 44 55
5 96 72 60
4 34 32 24
4 87 70 78
4 28 88 106
4 42 123 117
4 67 127 152
4 97 110 99
3 30 148 129
3 72 159 175
3 91 84 81
3 37 72 85
3 36 257 264
3 25 76 88
3 86 58 70
3 99 155 129
2 100 107 141
2 27 49 41
2 53 66 46
2 87 80 70
2 33 89 126
1 65 248 188
1 75 165 155
1 90 140 130
1 98 218 214
1 62 114 114
1 31 231 169
1 92 92 107
