nnodes narcs source target drone_limit type
500 2964 176 99 264 drone_routing_pli_project1
nodename posx posy
500 453.318 522.379
499 129.22 996.867
498 850.59 120.967
497 251.43 904.844
496 293.843 540.903
495 580.13 683.818
494 406.014 402.167
493 971.054 601.18
492 559.317 531.193
491 510.087 985.081
490 289.695 555.141
489 973.485 792.754
488 874.63 916.284
487 561.539 399.608
486 810.613 745.639
485 996.558 1.17819
484 907.165 32.1859
483 1.02279 649.67
482 14.5069 630.107
481 916.705 988.53
480 753.081 88.8515
479 764.128 828.199
478 543.524 156.562
477 269.519 934.266
476 320.6 292.643
475 370.627 620.479
474 426.036 185.758
473 942.896 782.428
472 732.119 274.298
471 124.413 936.83
470 266.188 631.832
469 745.001 193.928
468 748.413 443.954
467 236.527 168.918
466 81.0634 158.531
465 694.8 899.035
464 43.3954 341.071
463 826.924 377.001
462 155.448 272.787
461 622.174 324.309
460 826.832 462.127
459 171.778 28.9686
458 749.966 931.815
457 997.613 166.073
456 825.117 432.763
455 67.9879 444.184
454 307.951 523.092
453 838.277 99.1027
452 986.653 743.578
451 785.205 846.179
450 959.714 288.459
449 57.6906 44.5883
448 478.587 590.073
447 768.058 897.939
446 619.974 944.281
445 740.617 375.502
444 585.573 647.288
443 37.4026 781.996
442 814.999 398.996
441 532.648 110.371
440 8.95346 868.436
439 119.307 294.799
438 560.609 87.5521
437 635.825 538.053
436 796.199 624.428
435 304.101 50.7737
434 140.478 529.157
433 797.081 826.454
432 705.599 697.412
431 105.209 736.239
430 506.291 270.406
429 165.596 997.256
428 230.208 806.538
427 948.637 416.804
426 237.076 400.288
425 978.121 196.531
424 767.678 477.928
423 378.821 184.104
422 554.639 316.73
421 708.116 457.765
420 529.114 173.357
419 415.235 928.716
418 795.351 386.243
417 585.044 139.139
416 730.239 663.473
415 136.49 745.811
414 985.57 568.911
413 254.41 921.015
412 402.122 671.396
411 104.816 418.58
410 758.857 980.367
409 807.162 672.451
408 796.423 821.327
407 873.699 581.696
406 787.66 730.576
405 458.819 637.134
404 841.53 904.356
403 545.061 543.067
402 180.496 216.147
401 804.191 249.514
400 431.191 419.928
399 159.777 336.824
398 917.724 348.56
397 812.832 470.978
396 496.153 266.47
395 616.442 394.009
394 364.812 975.135
393 563.35 833.793
392 822.057 338.475
391 818.18 249.624
390 211.578 992.679
389 141.489 397.133
388 433.236 639.877
387 845.94 955.69
386 839.214 365.73
385 147.372 554.842
384 62.3011 344.839
383 149.075 339.688
382 113.952 441.918
381 871.571 88.7254
380 769.323 27.1098
379 30.1728 936.235
378 947.075 606.418
377 407.678 33.965
376 162.111 37.9059
375 80.9426 327.071
374 645.527 435.622
373 770.799 814.895
372 900.553 739.803
371 699.647 750.413
370 105.699 97.0592
369 486.908 719.706
368 243.15 0.419492
367 387.905 185.447
366 275.062 798.281
365 107.261 111.754
364 312.854 14.7029
363 185.852 681.226
362 22.0969 611.819
361 685.049 823
360 521.99 158.433
359 359.518 481.452
358 614.579 996.504
357 428.286 941.703
356 202.493 178.079
355 302.919 497.6
354 409.574 797.337
353 513.356 691.852
352 937.902 593.456
351 559.729 902.572
350 105.578 436.779
349 407.98 305.918
348 387.468 729.635
347 905.562 55.5465
346 998.063 409.725
345 10.3083 715.355
344 530.463 303.395
343 561.728 625.907
342 114.243 62.6097
341 462.646 524.881
340 240.194 966.998
339 835.02 660.122
338 881.204 973.989
337 643.801 96.9322
336 922.44 658.38
335 795.408 430.163
334 103.623 59.6218
333 83.3073 651.774
332 621.961 21.9029
331 14.7134 215.535
330 493.106 799.472
329 373.801 86.6036
328 513.44 547.564
327 894.155 703.211
326 800.739 727.238
325 84.5491 733.594
324 49.6374 429.141
323 707.348 440.744
322 757.797 534.905
321 699.683 512.157
320 239.776 463.003
319 177.683 747.558
318 526.593 825.506
317 218.903 884.832
316 575.066 599.386
315 195.163 677.89
314 204.291 696.666
313 766.464 699.042
312 6.02464 16.6983
311 157.641 36.0806
310 107.058 955.687
309 855.987 388.552
308 107.652 816.978
307 395.068 70.9078
306 90.2796 853.838
305 854.156 118.849
304 143.75 636.899
303 202.697 320.348
302 32.5981 783.18
301 675.624 289.721
300 160.588 633.771
299 170.364 141.659
298 827.384 403.661
297 824.452 356.201
296 502.849 439.762
295 749.828 743.897
294 784.803 161.398
293 574.157 195.627
292 251.192 780.122
291 350.781 40.9304
290 250.96 120.964
289 348.974 233.913
288 31.0033 522.453
287 698.54 362.794
286 497.698 465.164
285 233.173 248.245
284 435.831 964.136
283 722.549 1.64015
282 527.407 915.192
281 993.287 186.26
280 946.691 173.797
279 874.714 725.824
278 371.805 692.249
277 49.8704 483.365
276 709.897 180.239
275 500.216 771.601
274 741.966 478.588
273 480.911 220.198
272 861.238 748.558
271 700.831 416.66
270 508.912 141.622
269 378.27 41.3615
268 253.298 398.191
267 41.9389 53.1795
266 459.962 759.165
265 711.545 54.3737
264 455.374 201.45
263 459.254 710.344
262 85.5325 727.014
261 280.5 944.415
260 751.941 753.616
259 819.96 227.191
258 804.469 442.016
257 357.714 275.781
256 565.756 526.971
255 785.328 746.44
254 33.013 234.399
253 237.368 405.057
252 275.675 611.167
251 907.991 888.386
250 843.354 872.603
249 114.076 603.896
248 786.943 601.154
247 276.982 871.187
246 642.268 81.9676
245 517.449 880.859
244 443.153 121.384
243 497.222 969.861
242 328.688 105.576
241 923.583 602.143
240 944.275 171.328
239 357.572 51.0024
238 761.098 391.205
237 153.889 340.13
236 854.098 142.376
235 202.673 483.743
234 81.4748 12.7486
233 754.745 426.522
232 43.1297 989.977
231 778.675 509.681
230 502.075 427.653
229 728.163 453.447
228 19.4247 647.397
227 171.615 155.487
226 564.674 633.801
225 754.184 451.261
224 550.035 338.81
223 399.558 991.632
222 628.947 719.961
221 409.995 675.881
220 269.699 989.414
219 255.766 479.136
218 437.488 203.322
217 848.72 861.322
216 111.091 439.108
215 130.037 303.495
214 39.5462 415.808
213 952.66 434.743
212 372.397 643.769
211 758.988 970.882
210 133.877 537.765
209 121.197 551.605
208 63.1802 494.469
207 173.443 36.4839
206 13.1581 683.301
205 592.891 887.711
204 838.434 300.023
203 522.208 648.276
202 758.278 715.935
201 534.273 922.699
200 343.434 362.021
199 956.421 621.797
198 140.327 216.437
197 54.6035 966.173
196 148.43 424.067
195 357.271 12.4272
194 841.49 236.575
193 826.387 413.031
192 652.419 98.2121
191 382.277 121.441
190 103.065 153.226
189 105.661 668.624
188 379.189 661.616
187 91.4568 60.5365
186 749.694 86.6656
185 654.127 857.234
184 976.518 875.274
183 294.583 406.813
182 723.427 965.055
181 366.901 818.981
180 960.849 704.156
179 734.364 106.11
178 789.583 404.021
177 305.216 10.5997
176 824.972 14.4322
175 287.777 627.378
174 948.436 125.92
173 322.631 754.633
172 545.177 488.452
171 528.895 434.194
170 302.566 667.78
169 556.33 829.452
168 787.046 131.983
167 251.46 121.797
166 689.306 620.072
165 731.832 659.092
164 215.482 850.708
163 898.051 68.9709
162 291.01 600.381
161 499.978 347.28
160 264.799 644.308
159 285.12 173.834
158 682.954 596.719
157 889.265 504.078
156 518.604 6.46683
155 549.259 181.075
154 369.505 214.62
153 414.653 236.485
152 486.922 127.939
151 869.99 265.403
150 793.748 730.341
149 435.714 815.88
148 49.464 477.358
147 247.949 911.95
146 84.0984 689.383
145 2.47226 395.574
144 159.105 280.751
143 434.776 729.086
142 423.48 95.2347
141 666.591 730.846
140 568.623 335.764
139 22.1021 642.611
138 892.487 7.64225
137 568.533 151.651
136 356.411 480.388
135 701.953 952.467
134 947.513 612.867
133 538.092 54.8391
132 883.337 888.525
131 809.484 984.145
130 348.125 540.322
129 966.199 918.044
128 513.128 186.012
127 451.368 536.636
126 345.092 380.64
125 820.164 291.5
124 972.569 170.758
123 809.288 17.2956
122 281.216 9.613
121 382.532 396.924
120 615.557 679.464
119 587.851 61.1903
118 441.767 440.661
117 95.4643 854.171
116 86.4231 870.886
115 49.9005 558.476
114 19.5677 515.338
113 288.096 666.74
112 953.212 891.944
111 649.565 358.096
110 431.912 797.103
109 553.554 926.312
108 800.476 557.981
107 934.515 479.553
106 942.265 557.961
105 125.341 744.33
104 33.9015 312.283
103 143.811 446.734
102 599.301 740.761
101 779.538 685.266
100 255.477 332.502
99 776.305 358.752
98 909.14 241.839
97 559.8 461.545
96 518.156 222.922
95 347.003 532.489
94 403.712 789.385
93 986.365 854.204
92 62.8703 271.533
91 584.878 990.01
90 359.005 92.2879
89 368.305 746.23
88 278.473 759.682
87 455.532 721.218
86 351.526 802.401
85 390.017 797.101
84 606.628 289.605
83 615.735 528.146
82 119.61 170.094
81 288.444 647.412
80 938.849 541.415
79 224.244 351.946
78 318.297 78.5905
77 676.791 621.591
76 721.849 286.201
75 444.447 297.17
74 222.31 417.029
73 403.485 694.523
72 500.06 865.633
71 479.247 100.126
70 241.247 495.344
69 761.917 4.53379
68 980.596 701.042
67 577.264 539.081
66 264.393 415.976
65 886.978 430.523
64 906.179 716.219
63 141.76 253.816
62 349.674 998.072
61 288.697 705.141
60 65.4426 848.23
59 859.893 630.505
58 112.047 999.277
57 181.251 208.749
56 657.765 79.2935
55 649.732 815.114
54 351.224 998.363
53 567.419 980.514
52 961.193 650.371
51 196.136 544.511
50 986.934 388.857
49 934.031 593.341
48 827.234 313.347
47 913.949 329.182
46 242.004 489.496
45 903.235 368.426
44 945.25 643.744
43 338.136 584.941
42 229.342 801.76
41 267.4 953.097
40 81.8416 569.725
39 195.334 593.232
38 658.511 937.884
37 512.247 552.193
36 607.099 375.62
35 759.929 670.62
34 280.868 704.665
33 203.298 88.5762
32 569.775 509.565
31 540.184 647.78
30 939.328 259.061
29 474.992 272.491
28 377.366 564.835
27 876.027 696.759
26 679.633 150.975
25 319.815 982.327
24 774.809 813.267
23 660.036 702.546
22 314.577 436.784
21 426.58 500.941
20 296.934 646.692
19 116.756 750.923
18 110.957 884.096
17 962.459 12.0538
16 694.994 228.603
15 392.896 899.323
14 891.081 593.873
13 932.664 340.327
12 6.57788 573.299
11 622.059 210.893
10 806.502 140.473
9 584.649 216.588
8 950.854 153.56
7 132.554 64.1665
6 351.209 573.345
5 750.497 366.274
4 187.59 990.434
3 565.489 1.76691
2 834.817 335.986
1 41.6303 454.492
tail head car_cost drone_cost
500 286 79 19
500 21 29 8
500 127 16 5
500 341 9 3
499 429 33 11
499 58 17 5
499 471 68 14
499 310 50 10
498 305 4 1
498 236 21 6
498 10 58 11
498 453 27 6
497 247 47 12
497 477 41 8
497 413 15 4
497 317 33 11
497 147 7 3
496 454 21 6
496 355 39 10
496 130 60 12
496 70 83 20
496 490 16 5
495 222 63 13
495 120 38 10
495 444 36 11
495 31 49 14
495 353 70 14
495 102 62 15
494 161 109 24
494 75 134 29
494 349 106 24
494 400 28 7
494 359 88 25
494 121 29 6
493 414 38 8
493 68 82 24
493 52 51 11
493 199 26 8
493 134 31 6
493 378 22 7
493 106 43 15
493 352 31 10
492 256 8 2
492 32 28 5
492 172 51 12
492 403 20 5
492 67 22 5
491 53 62 15
491 201 79 15
491 358 101 23
491 91 62 16
491 223 94 30
491 243 20 6
491 284 75 23
490 43 61 15
490 130 57 14
490 496 18 5
490 162 45 13
490 252 58 16
490 39 111 23
490 70 84 18
490 51 111 21
489 452 52 15
489 473 38 8
489 93 53 17
488 481 86 25
488 129 107 26
488 251 50 11
488 338 50 13
488 132 35 9
488 404 32 9
488 387 42 12
487 140 61 15
487 97 53 19
487 395 46 17
487 36 44 16
487 171 47 13
487 224 69 16
487 161 75 21
487 230 62 14
486 272 55 13
486 408 86 21
486 255 28 6
486 150 22 7
486 326 20 5
485 457 168 42
485 138 110 22
485 368 783 181
485 17 42 9
485 174 111 28
485 283 252 67
485 69 235 62
484 138 32 6
484 347 23 7
484 17 60 15
483 228 16 4
483 206 38 9
483 345 76 19
483 440 201 60
483 482 27 6
483 12 67 20
483 145 246 58
482 139 15 4
482 362 24 5
482 228 16 4
482 12 61 17
482 483 28 6
481 129 78 25
481 358 276 83
481 131 111 26
481 488 98 21
481 338 40 9
480 453 76 21
480 380 58 18
480 168 62 15
480 186 5 1
480 179 28 6
479 433 31 8
479 451 27 7
479 24 20 4
479 373 17 4
479 447 61 18
479 361 74 20
479 465 93 30
478 137 25 8
478 360 20 5
478 420 24 6
478 155 21 6
478 441 48 11
478 270 38 9
477 247 54 17
477 261 15 5
477 41 18 5
477 497 32 11
477 413 17 5
476 257 39 11
476 289 78 16
476 200 76 17
476 100 89 19
476 285 94 25
475 388 55 14
475 28 58 14
475 212 22 7
475 6 55 14
475 43 46 15
475 20 90 22
474 264 39 9
474 244 62 14
474 191 66 21
474 367 39 9
474 153 54 15
474 218 24 6
473 489 31 10
473 452 71 15
473 180 80 19
473 93 98 25
473 251 98 31
473 217 112 35
473 272 77 23
473 372 67 16
472 125 73 19
472 401 88 21
472 469 87 19
472 16 48 13
472 99 106 21
472 76 19 5
471 317 124 30
471 4 71 19
471 429 88 20
471 499 66 17
471 18 56 16
471 310 28 8
470 81 25 9
470 175 25 6
470 252 20 6
470 39 71 22
470 160 12 3
469 401 80 18
469 259 96 23
469 294 42 11
469 472 76 22
469 179 93 19
469 276 35 11
469 16 53 17
468 233 17 5
468 225 8 3
468 323 47 10
468 229 25 7
467 159 50 14
467 167 45 12
467 290 42 14
467 285 84 22
467 299 67 18
467 356 42 10
466 365 46 12
466 370 54 15
466 190 27 7
466 198 72 20
466 82 36 11
466 254 94 20
466 331 84 22
466 267 108 33
465 447 77 20
465 479 109 26
465 458 62 15
465 135 62 13
465 38 56 13
465 361 79 23
465 185 57 17
464 375 38 12
464 384 21 6
464 214 69 23
464 145 80 17
464 104 31 10
463 386 16 4
463 309 31 8
463 298 30 8
463 442 22 7
463 297 21 6
463 418 39 9
462 285 92 17
462 402 67 15
462 144 9 3
462 215 38 11
462 439 35 11
462 63 27 7
461 301 68 18
461 111 45 11
461 36 56 14
461 84 46 10
461 140 47 14
460 65 63 18
460 456 35 8
460 157 90 18
460 397 18 4
460 258 34 9
459 368 67 23
459 234 107 23
459 311 16 4
459 376 16 4
459 207 8 2
458 131 75 18
458 447 33 9
458 211 36 10
458 182 36 12
458 465 67 14
458 135 60 13
457 485 141 49
457 346 288 56
457 281 19 5
457 124 26 6
457 174 61 17
457 8 55 13
456 65 62 19
456 193 22 6
456 460 31 7
456 335 30 8
456 258 22 7
455 382 51 13
455 350 38 10
455 411 51 11
455 208 56 15
455 148 31 9
455 324 25 7
455 1 26 8
454 355 23 8
454 496 25 7
454 130 49 11
454 95 42 11
453 305 29 8
453 381 36 11
453 498 24 8
453 10 53 13
453 168 71 17
453 176 78 18
453 480 77 25
453 123 84 21
453 380 97 25
452 346 296 88
452 93 100 30
452 414 177 45
452 489 49 12
452 68 38 9
452 180 44 14
452 473 62 15
451 250 67 19
451 479 29 6
451 447 59 14
451 217 57 19
451 433 26 6
450 281 121 30
450 425 93 23
450 50 87 27
450 30 30 10
450 47 54 18
450 13 48 14
449 234 46 11
449 312 59 15
449 267 17 4
449 187 32 8
448 343 75 19
448 37 43 15
448 203 59 22
448 405 48 15
448 388 74 20
448 127 65 13
448 28 96 30
447 404 88 23
447 387 82 28
447 250 84 23
447 451 64 15
447 131 101 23
447 458 44 9
447 479 77 20
447 465 81 16
446 38 39 11
446 358 55 15
446 91 58 17
446 205 74 16
446 109 78 15
446 53 59 15
445 238 31 7
445 5 12 4
445 233 55 13
445 287 45 9
445 271 66 16
444 77 114 26
444 120 40 13
444 495 39 9
444 316 53 11
444 226 27 7
444 31 55 11
443 19 82 20
443 308 73 23
443 325 67 16
443 345 63 17
443 302 5 2
443 60 64 18
442 298 16 4
442 463 23 6
442 193 18 4
442 335 32 8
442 178 30 8
442 418 22 7
441 137 53 14
441 417 69 14
441 438 30 9
441 133 54 14
441 478 50 14
441 270 40 11
441 71 48 13
441 152 40 15
440 232 141 38
440 379 83 18
440 116 88 16
440 60 68 17
440 302 95 20
440 345 148 36
440 483 184 61
439 462 39 10
439 63 46 11
439 215 13 3
439 375 54 13
439 92 50 17
438 119 37 12
438 417 56 16
438 441 30 10
438 133 33 12
437 321 77 14
437 374 116 27
437 83 23 7
437 316 85 21
437 158 71 22
436 339 50 16
436 59 58 13
436 409 48 14
436 35 58 14
436 165 79 20
436 248 26 7
435 177 38 11
435 291 47 11
435 364 39 9
435 290 76 21
435 78 37 10
435 33 103 30
435 368 93 23
435 122 43 12
434 51 49 14
434 235 90 21
434 103 68 21
434 385 32 7
434 210 11 3
434 382 88 20
434 208 77 22
433 479 30 10
433 24 28 7
433 408 5 2
433 217 75 14
433 451 23 7
432 202 50 14
432 295 62 19
432 313 50 14
432 416 44 10
432 371 44 14
432 141 54 14
432 23 54 13
432 77 96 19
432 166 90 24
431 105 22 7
431 189 71 16
431 146 58 13
431 262 22 5
431 19 20 4
431 325 18 6
430 344 38 13
430 9 90 22
430 96 41 10
430 396 13 3
430 29 35 7
429 54 180 41
429 390 54 14
429 4 27 6
429 58 56 16
429 471 64 16
429 499 40 8
428 292 28 7
428 247 85 23
428 366 46 13
428 42 6 2
428 164 52 12
427 346 57 14
427 50 43 11
427 213 20 5
427 65 72 19
427 45 75 16
427 13 77 19
427 398 87 19
426 268 18 4
426 79 54 12
426 74 24 5
426 253 5 2
425 30 80 20
425 450 105 24
425 281 16 5
425 124 28 8
425 98 67 24
425 280 46 8
424 397 48 12
424 258 55 15
424 231 32 9
424 274 24 7
424 225 27 9
423 191 66 18
423 154 35 8
423 367 10 3
423 242 79 27
423 159 97 21
422 84 65 17
422 344 23 8
422 224 21 6
422 140 29 6
421 229 22 5
421 374 64 19
421 323 19 4
421 321 59 16
421 274 40 8
420 478 20 6
420 360 20 5
420 155 26 6
420 128 20 5
419 72 116 23
419 357 19 4
419 223 53 16
419 15 33 10
419 394 77 19
418 463 36 7
418 297 42 13
418 178 21 5
418 442 26 6
418 238 35 9
418 99 38 10
417 26 89 27
417 337 76 21
417 119 71 20
417 11 69 19
417 293 55 18
417 137 19 7
417 438 63 16
417 441 55 16
416 35 36 8
416 165 5 2
416 166 63 16
416 432 50 9
416 313 46 12
415 363 88 21
415 189 79 25
415 319 48 9
415 308 82 22
415 105 11 3
415 19 25 5
414 346 171 41
414 452 200 47
414 68 148 27
414 493 34 9
414 106 49 13
414 80 53 16
414 107 104 27
413 41 38 9
413 477 17 6
413 340 42 11
413 497 14 5
413 147 13 4
412 221 8 3
412 388 46 13
412 73 27 6
412 212 37 11
412 188 23 7
412 278 33 8
411 389 44 13
411 196 51 10
411 216 26 6
411 455 47 12
411 350 20 5
411 324 55 14
411 214 76 19
411 384 102 22
410 131 54 15
410 211 11 2
410 182 41 10
410 358 132 35
409 27 67 18
409 339 37 9
409 326 63 12
409 101 35 8
409 35 41 14
409 436 49 13
408 217 66 17
408 272 103 28
408 486 71 22
408 255 74 21
408 24 22 7
408 433 5 2
407 106 77 18
407 80 71 20
407 157 80 23
407 14 18 5
407 59 55 15
407 108 72 18
407 248 92 25
406 326 16 4
406 150 6 2
406 255 16 4
406 313 31 10
406 295 36 10
406 202 39 7
405 353 69 20
405 203 66 14
405 448 42 13
405 388 27 7
405 263 84 20
404 488 34 8
404 132 42 11
404 250 29 8
404 447 85 19
404 387 49 12
403 172 47 16
403 67 39 7
403 492 18 4
403 316 73 17
403 328 32 8
403 37 36 10
402 57 6 2
402 285 62 16
402 462 68 14
402 198 48 12
402 63 59 13
401 259 32 8
401 391 13 4
401 125 48 13
401 469 74 23
401 472 63 20
400 230 65 20
400 161 100 29
400 118 27 6
400 359 84 20
400 494 28 8
399 144 53 16
399 79 57 17
399 303 49 11
399 237 7 3
399 389 59 16
399 215 37 12
399 383 12 3
398 47 20 5
398 45 28 6
398 13 16 5
398 427 80 16
397 157 70 24
397 460 15 4
397 108 96 26
397 231 46 15
397 258 31 8
397 424 54 10
396 96 41 13
396 273 44 11
396 430 13 3
396 29 21 7
395 111 54 11
395 374 42 11
395 97 74 20
395 36 24 6
395 487 51 15
394 223 34 8
394 419 75 16
394 15 83 17
394 54 30 7
394 261 107 23
394 25 48 12
394 62 23 7
393 185 97 27
393 55 76 18
393 102 119 27
393 205 57 16
393 351 72 15
393 169 8 3
393 245 56 15
392 2 12 4
392 48 27 7
392 99 49 12
392 297 17 4
391 151 49 12
391 194 29 8
391 259 23 5
391 401 16 4
391 125 49 11
390 54 165 34
390 62 120 30
390 220 68 18
390 340 34 12
390 4 29 7
390 429 55 12
389 74 78 20
389 79 106 28
389 399 72 19
389 237 50 15
389 383 65 15
389 196 31 7
389 411 46 10
389 375 99 20
389 384 114 25
388 448 60 14
388 263 85 16
388 405 21 7
388 221 46 11
388 412 49 12
388 212 71 14
388 28 105 20
388 475 60 14
387 338 39 12
387 488 58 14
387 131 44 11
387 404 43 13
387 447 114 25
386 45 75 15
386 309 29 8
386 463 15 4
386 297 16 5
386 2 35 8
385 39 65 17
385 51 45 12
385 300 74 20
385 249 55 15
385 434 30 8
385 209 28 6
385 210 21 6
384 389 113 24
384 375 26 6
384 411 89 21
384 464 17 4
384 214 64 16
383 399 11 3
383 237 5 2
383 389 47 14
383 215 34 10
383 375 57 20
382 103 28 9
382 196 36 11
382 434 106 19
382 208 71 17
382 455 47 14
382 216 5 2
382 350 11 3
381 163 37 10
381 305 32 8
381 174 78 22
381 176 74 20
381 453 30 9
380 480 68 15
380 186 71 13
380 265 73 15
380 453 110 23
380 123 40 12
380 69 27 6
380 283 46 15
379 310 69 19
379 116 99 23
379 197 34 10
379 232 58 13
379 440 84 16
378 493 23 7
378 134 6 2
378 241 20 6
378 352 14 4
378 49 18 4
377 156 126 31
377 71 108 28
377 195 64 14
377 269 25 7
377 142 73 16
377 307 44 10
376 459 14 3
376 33 66 20
376 207 10 3
376 7 40 11
376 311 5 2
375 383 73 17
375 215 64 12
375 439 41 12
375 389 98 21
375 384 24 7
375 92 69 16
375 104 46 11
375 464 40 12
374 421 72 19
374 323 68 17
374 271 62 14
374 111 76 17
374 321 105 28
374 437 108 22
374 83 87 24
374 395 52 12
374 97 101 18
373 24 5 1
373 479 14 4
373 260 70 19
373 361 97 20
372 180 61 19
372 64 29 6
372 279 29 6
372 272 48 10
372 473 63 14
371 432 60 12
371 260 53 13
371 295 56 12
371 361 84 17
371 55 87 21
371 141 46 10
370 342 42 8
370 7 35 13
370 365 14 4
370 334 33 8
370 466 75 20
370 267 84 18
370 187 36 12
369 353 35 11
369 275 60 14
369 266 51 12
369 87 28 8
369 263 27 7
368 485 699 212
368 283 566 144
368 3 380 94
368 156 288 61
368 195 131 27
368 177 67 15
368 435 80 17
368 122 36 9
368 33 94 24
368 312 216 65
368 234 190 35
368 459 86 21
368 207 88 19
367 474 39 12
367 191 65 15
367 153 54 17
367 154 31 10
367 423 9 3
366 86 84 20
366 173 76 16
366 88 44 8
366 292 30 7
366 247 83 21
366 428 44 13
365 299 60 17
365 7 49 13
365 190 48 13
365 370 17 4
365 466 55 16
364 195 51 10
364 177 9 3
364 435 42 12
364 291 45 14
363 314 21 6
363 315 10 3
363 319 76 15
363 415 76 24
363 300 48 15
363 304 53 18
363 189 69 18
362 40 78 20
362 115 52 14
362 12 44 12
362 482 20 5
362 333 86 18
362 139 33 8
361 373 104 21
361 479 82 17
361 260 96 27
361 371 66 23
361 465 72 17
361 55 42 9
361 185 47 14
360 478 19 7
360 420 15 5
360 270 23 6
360 128 33 9
359 118 80 24
359 400 100 21
359 494 77 26
359 121 88 22
359 21 59 21
359 95 52 11
359 136 4 1
358 481 279 86
358 131 218 52
358 410 157 43
358 182 115 29
358 135 97 23
358 38 86 19
358 446 63 16
358 54 283 63
358 223 201 54
358 491 92 25
358 91 30 9
357 282 89 27
357 243 60 16
357 72 89 25
357 284 26 6
357 419 17 4
357 223 63 17
356 467 36 11
356 57 31 11
356 285 63 23
356 299 41 11
356 227 41 11
355 95 64 17
355 136 51 13
355 22 63 13
355 454 26 8
355 496 48 11
355 219 47 15
355 70 74 16
354 110 23 6
354 149 33 7
354 94 12 3
354 85 22 6
354 181 55 12
353 31 49 13
353 203 40 12
353 275 68 20
353 102 109 27
353 495 63 15
353 369 42 11
353 405 93 17
353 263 56 17
352 493 40 7
352 106 39 11
352 378 14 5
352 49 4 1
351 205 35 11
351 393 73 18
351 109 24 7
351 201 27 8
351 245 55 11
351 282 38 9
350 382 11 3
350 216 6 2
350 455 37 12
350 411 19 4
349 75 45 9
349 153 72 21
349 494 105 22
349 121 102 23
349 200 71 23
349 257 49 12
348 143 40 12
348 73 45 12
348 94 62 17
348 89 25 7
348 278 45 11
347 17 70 19
347 484 20 6
347 138 53 14
347 174 80 24
347 163 17 5
346 93 382 132
346 452 327 98
346 414 152 35
346 457 293 69
346 281 266 65
346 427 55 15
346 50 26 7
346 213 52 12
346 107 102 24
345 325 71 21
345 262 82 17
345 146 77 24
345 443 69 15
345 302 78 16
345 206 36 8
345 483 63 15
345 440 168 46
344 84 76 18
344 9 95 25
344 422 26 7
344 224 38 11
344 161 54 12
344 430 42 10
344 29 74 14
343 316 31 8
343 226 8 2
343 31 29 8
343 203 51 11
343 448 76 20
343 37 85 19
342 311 59 16
342 7 18 6
342 234 50 18
342 334 13 4
342 370 30 10
341 328 57 12
341 286 73 18
341 37 54 14
341 127 17 4
341 500 10 3
340 220 45 10
340 41 31 7
340 413 42 14
340 147 66 15
340 390 43 9
340 317 78 18
340 4 52 14
339 59 40 9
339 436 58 16
339 409 30 7
339 27 58 12
338 481 42 10
338 131 65 15
338 488 61 14
338 387 44 12
337 26 72 18
337 192 10 3
337 417 60 18
337 119 73 20
337 246 14 4
336 180 65 15
336 241 55 13
336 64 63 15
336 52 40 11
336 44 29 7
336 327 45 15
336 14 67 15
336 27 71 16
336 59 61 17
335 456 34 9
335 193 41 9
335 442 42 8
335 258 15 4
335 225 44 13
335 233 43 9
335 178 31 7
334 342 11 3
334 370 41 9
334 234 44 13
334 187 11 4
333 304 64 14
333 189 30 7
333 249 49 13
333 40 81 19
333 206 73 22
333 146 42 10
333 362 75 22
333 139 64 14
333 228 70 13
332 283 113 28
332 265 100 27
332 56 75 16
332 3 60 13
332 246 62 16
332 119 60 12
331 466 100 27
331 267 169 43
331 104 82 28
331 254 32 8
331 312 225 43
331 145 216 54
330 318 42 9
330 275 34 8
330 110 69 13
330 266 44 12
330 149 57 15
330 72 68 18
329 142 43 16
329 307 29 8
329 191 34 10
329 239 36 10
329 90 18 4
328 172 68 15
328 403 34 7
328 37 4 1
328 341 59 14
328 286 74 20
327 336 51 16
327 64 16 5
327 27 23 6
327 279 33 8
326 279 80 22
326 272 67 15
326 27 66 18
326 409 59 17
326 150 8 2
326 486 23 6
326 406 15 4
326 101 50 14
326 313 44 10
325 262 6 2
325 19 30 9
325 431 23 5
325 345 68 20
325 443 66 19
324 411 57 13
324 455 29 7
324 214 16 5
324 1 32 7
323 468 37 9
323 229 23 7
323 233 51 15
323 421 15 5
323 271 27 7
323 374 62 19
322 108 58 11
322 231 30 8
322 274 55 18
322 248 62 19
322 158 84 27
322 321 57 13
321 274 62 14
321 421 46 16
321 322 72 19
321 158 84 25
321 374 92 25
321 437 78 21
320 219 26 6
320 66 46 13
320 46 23 7
320 74 51 11
320 235 42 12
319 292 76 24
319 314 65 16
319 363 58 20
319 42 80 19
319 308 113 21
319 415 41 12
318 169 33 9
318 245 50 12
318 72 49 13
318 275 70 18
318 330 40 10
317 497 40 11
317 147 46 10
317 247 60 17
317 340 75 19
317 4 99 25
317 471 101 28
317 18 130 23
317 164 36 11
316 77 121 24
316 158 101 31
316 437 81 20
316 83 69 22
316 67 62 13
316 444 47 15
316 226 40 11
316 343 34 8
316 403 64 15
316 37 86 19
315 160 91 19
315 39 98 18
315 300 62 12
315 363 10 3
315 314 23 6
314 88 116 24
314 34 66 22
314 160 69 22
314 292 106 21
314 319 49 16
314 363 26 7
314 315 18 6
313 406 35 8
313 202 21 5
313 35 33 8
313 326 36 10
313 101 22 5
313 432 72 13
313 416 56 15
312 368 198 65
312 234 71 16
312 449 59 13
312 267 52 14
312 145 391 101
312 331 185 43
311 459 16 4
311 7 39 10
311 376 6 2
311 234 67 20
311 342 44 13
310 499 50 14
310 471 30 8
310 18 85 17
310 58 52 13
310 197 46 13
310 116 95 19
310 379 66 22
309 45 57 14
309 65 52 14
309 386 30 7
309 463 37 8
309 193 36 9
309 298 39 9
308 164 108 28
308 42 135 27
308 319 109 28
308 415 88 23
308 19 54 16
308 18 65 14
308 117 34 9
308 306 41 10
308 443 90 23
308 60 45 12
307 377 46 9
307 142 32 10
307 269 30 9
307 329 26 7
307 239 46 11
306 308 42 10
306 117 6 2
306 60 25 6
306 116 17 4
305 381 40 8
305 174 105 21
305 236 25 5
305 453 26 7
305 498 4 2
304 300 19 5
304 363 65 18
304 249 41 12
304 333 73 15
304 189 59 15
303 100 57 14
303 285 87 16
303 144 63 17
303 79 39 8
303 399 51 14
302 60 66 17
302 443 6 2
302 345 62 19
302 440 74 20
301 76 46 12
301 16 66 17
301 111 84 15
301 287 80 23
301 461 52 17
301 84 66 19
301 11 82 27
300 315 49 15
300 39 48 14
300 385 79 19
300 249 65 17
300 304 20 5
300 363 47 12
299 467 68 16
299 290 81 23
299 356 45 14
299 33 60 18
299 227 12 4
299 82 69 15
299 7 85 24
299 365 64 17
299 190 82 15
298 463 32 8
298 442 13 4
298 193 12 3
298 309 29 8
297 386 20 4
297 2 20 6
297 463 18 6
297 392 15 5
297 99 56 14
297 418 39 11
296 171 24 7
296 286 27 7
296 118 67 14
296 230 15 4
295 255 34 8
295 406 41 10
295 202 26 7
295 432 67 18
295 371 45 12
295 260 11 3
294 10 36 8
294 168 32 8
294 179 82 23
294 469 50 15
294 259 89 17
293 11 60 12
293 417 50 13
293 137 52 12
293 9 19 7
293 155 33 7
293 96 73 17
292 88 41 11
292 366 32 9
292 428 28 8
292 42 25 9
292 314 79 21
292 319 82 19
291 239 11 3
291 269 29 7
291 195 34 9
291 78 45 11
291 435 52 14
291 364 50 10
290 78 75 18
290 435 87 21
290 467 59 11
290 167 1 1
290 33 49 14
290 299 72 21
289 153 59 16
289 154 24 8
289 257 47 11
289 476 57 15
289 285 120 28
289 159 89 22
288 208 41 13
288 277 45 10
288 115 43 12
288 114 14 4
288 12 63 14
287 5 61 16
287 76 94 18
287 445 39 13
287 271 51 12
287 111 54 13
287 301 81 19
286 172 55 12
286 171 48 12
286 296 28 7
286 328 73 19
286 341 78 15
286 500 76 16
286 21 79 23
286 118 68 16
285 476 86 28
285 289 115 31
285 159 91 21
285 467 65 22
285 100 77 26
285 303 65 24
285 356 76 20
285 57 58 20
285 144 71 24
285 402 54 18
285 462 96 24
284 491 70 20
284 243 67 19
284 357 21 7
284 223 48 12
283 485 245 62
283 265 61 14
283 332 115 25
283 368 534 101
283 3 137 34
283 380 44 11
283 69 45 12
282 351 33 10
282 201 11 3
282 243 58 19
282 357 99 22
282 72 67 13
282 245 43 9
281 50 173 55
281 124 28 6
281 346 193 62
281 457 18 6
281 450 118 31
281 425 22 5
280 124 22 8
280 8 23 6
280 425 40 9
280 240 4 1
280 98 90 20
279 64 36 8
279 327 30 7
279 27 33 7
279 372 29 8
279 326 86 15
279 272 29 8
278 73 29 9
278 348 42 12
278 89 52 13
278 412 33 9
278 188 38 8
278 173 67 21
278 170 73 17
278 61 70 19
277 148 6 2
277 208 19 5
277 288 42 12
277 114 53 12
276 179 83 17
276 26 40 12
276 16 54 11
276 469 32 10
275 102 116 29
275 169 74 22
275 353 89 22
275 318 66 16
275 330 24 9
275 369 62 15
275 266 45 10
274 231 56 13
274 424 21 8
274 225 32 9
274 322 62 13
274 229 31 8
274 321 54 16
274 421 40 11
273 128 41 11
273 96 37 9
273 396 49 14
273 29 56 15
273 153 58 14
273 264 30 8
273 218 41 11
272 279 29 8
272 473 98 23
272 372 35 12
272 217 124 25
272 326 63 16
272 486 60 11
272 408 101 23
271 233 55 16
271 445 55 15
271 323 28 6
271 374 64 15
271 111 77 23
271 287 59 12
270 478 39 8
270 360 19 6
270 441 37 12
270 152 29 8
270 128 51 11
269 377 37 9
269 307 28 11
269 239 23 7
269 291 26 6
269 195 36 10
268 183 44 13
268 100 74 14
268 426 20 5
268 79 54 13
268 253 17 4
268 66 24 6
267 370 71 18
267 187 53 13
267 449 21 5
267 466 110 29
267 312 43 15
267 331 181 44
266 275 49 12
266 369 56 14
266 330 44 16
266 110 57 14
266 87 35 8
266 143 47 12
266 94 76 18
265 380 68 16
265 186 43 15
265 283 44 13
265 332 93 25
265 179 59 13
265 56 52 15
264 128 53 17
264 152 72 20
264 244 73 18
264 474 36 9
264 218 18 4
264 273 38 10
263 353 63 14
263 87 10 4
263 369 31 7
263 143 27 8
263 388 71 20
263 405 80 20
263 221 55 17
263 73 69 14
262 431 22 5
262 325 7 2
262 345 83 22
262 146 38 9
261 394 73 26
261 25 66 14
261 15 99 32
261 220 51 11
261 247 71 20
261 477 16 4
261 41 17 5
260 255 28 11
260 24 52 18
260 373 55 15
260 361 85 29
260 371 44 15
260 295 9 3
259 236 88 21
259 194 21 5
259 391 23 7
259 401 31 7
259 10 86 20
259 469 82 17
259 294 88 18
258 456 22 7
258 460 27 7
258 397 34 8
258 424 51 14
258 335 17 4
258 225 46 11
257 153 57 18
257 349 49 18
257 200 82 20
257 289 36 12
257 476 45 11
256 32 19 5
256 492 8 2
256 67 16 5
255 486 28 7
255 150 16 6
255 406 18 5
255 408 90 21
255 24 66 16
255 295 43 11
255 260 29 7
254 198 130 26
254 466 78 19
254 92 47 11
254 331 30 7
254 104 88 17
253 268 16 5
253 66 33 7
253 426 5 2
253 74 22 6
252 162 19 5
252 490 52 12
252 39 76 24
252 470 21 6
252 175 20 6
251 112 41 13
251 93 72 18
251 473 113 31
251 129 73 18
251 217 66 19
251 132 30 6
251 488 47 11
250 132 43 9
250 217 15 4
250 404 26 9
250 447 76 21
250 451 71 13
249 300 51 15
249 385 53 17
249 209 51 11
249 304 40 12
249 40 49 11
249 333 60 16
248 59 75 18
248 407 106 21
248 108 44 12
248 436 30 6
248 165 94 24
248 166 85 25
248 322 65 19
248 158 111 29
247 181 125 31
247 86 104 25
247 15 128 26
247 261 67 21
247 477 71 18
247 497 41 11
247 164 65 16
247 317 49 15
247 366 78 19
247 428 85 24
246 192 18 4
246 56 16 5
246 337 14 4
246 332 62 19
246 119 58 15
245 393 64 19
245 351 52 14
245 169 58 16
245 318 48 14
245 72 25 7
245 282 43 8
244 71 43 10
244 152 51 10
244 264 98 17
244 474 72 20
244 191 65 17
244 142 32 9
243 201 70 15
243 282 74 18
243 491 24 5
243 357 70 21
243 284 63 16
242 191 60 17
242 90 35 10
242 423 109 22
242 159 90 24
242 167 68 20
242 78 29 9
241 134 22 6
241 378 28 6
241 49 13 4
241 14 28 8
241 336 67 15
241 44 54 12
240 8 18 5
240 280 3 1
240 236 106 23
240 98 69 19
239 307 44 10
239 329 35 12
239 269 23 5
239 90 40 10
239 291 13 4
239 78 48 15
238 418 34 8
238 99 32 8
238 233 34 10
238 178 28 7
238 5 31 6
238 445 26 7
237 399 6 2
237 383 5 1
237 389 65 13
236 8 88 27
236 240 111 24
236 174 80 27
236 305 27 5
236 259 99 24
236 194 100 20
236 98 106 31
236 10 46 13
236 498 21 6
235 70 41 9
235 46 45 12
235 320 42 11
235 74 64 17
235 51 57 16
235 196 76 18
235 103 60 17
235 434 92 19
234 368 179 48
234 459 104 19
234 311 69 20
234 342 69 18
234 334 56 12
234 187 47 14
234 312 65 17
234 449 35 12
233 335 34 11
233 178 45 10
233 238 31 8
233 225 28 6
233 468 20 5
233 445 56 13
233 271 50 13
233 323 42 13
232 58 59 18
232 197 32 7
232 379 46 16
232 440 126 35
231 397 56 11
231 322 38 8
231 108 48 15
231 274 52 14
231 424 31 8
230 171 25 7
230 487 75 18
230 296 12 3
230 118 57 16
230 161 66 22
230 400 83 18
229 225 25 7
229 468 22 6
229 323 29 7
229 421 18 6
229 274 28 7
228 206 40 11
228 482 21 5
228 483 16 4
228 333 66 16
228 139 7 2
227 356 42 9
227 57 51 12
227 299 12 4
227 82 55 12
227 198 58 17
226 316 43 9
226 343 10 3
226 444 29 5
226 31 34 7
225 258 50 13
225 335 47 11
225 233 30 7
225 424 27 8
225 468 11 3
225 274 32 8
225 229 22 7
224 140 18 5
224 422 25 6
224 487 63 18
224 344 47 12
224 161 45 12
223 358 203 50
223 491 127 24
223 284 43 10
223 357 47 17
223 419 60 19
223 394 33 11
223 54 58 14
222 23 30 9
222 141 41 9
222 102 38 8
222 120 52 10
222 495 52 18
221 388 39 12
221 263 53 17
221 412 10 3
221 73 19 6
220 25 58 15
220 261 52 12
220 62 75 21
220 390 53 16
220 41 34 10
220 340 41 11
219 22 74 15
219 66 63 19
219 320 26 5
219 46 16 4
219 355 54 13
219 70 23 5
218 264 20 4
218 273 49 11
218 474 19 5
218 153 36 12
217 251 76 18
217 473 118 36
217 272 121 28
217 132 46 13
217 250 14 3
217 408 55 17
217 433 74 15
217 451 66 18
216 196 47 12
216 411 18 7
216 382 5 2
216 350 6 2
215 144 32 11
215 399 39 11
215 462 37 9
215 383 46 12
215 439 15 4
215 375 45 12
214 411 61 16
214 324 14 4
214 384 82 22
214 464 68 17
214 145 46 10
214 1 42 10
213 346 50 12
213 107 51 12
213 65 54 15
213 427 17 5
212 412 48 11
212 388 56 15
212 188 21 4
212 170 66 22
212 475 23 7
212 20 82 22
211 131 49 14
211 410 9 3
211 458 34 11
211 182 43 10
210 434 12 4
210 208 83 23
210 209 22 5
210 385 25 7
209 385 27 7
209 210 18 4
209 249 50 14
209 40 49 13
209 208 81 23
208 210 68 18
208 209 78 18
208 434 81 22
208 382 72 22
208 455 56 13
208 148 23 5
208 115 77 19
208 40 84 22
208 277 19 5
208 288 46 13
207 368 78 22
207 459 7 3
207 33 65 14
207 376 11 3
206 146 79 15
206 333 76 23
206 228 31 10
206 483 41 10
206 345 30 9
205 38 99 25
205 185 60 15
205 446 54 15
205 109 58 16
205 393 70 18
205 351 34 10
204 47 84 18
204 151 46 10
204 2 32 9
204 125 18 6
204 48 20 5
203 343 51 11
203 31 21 6
203 353 50 10
203 405 63 17
203 448 68 22
202 313 22 5
202 406 28 8
202 432 59 13
202 295 25 8
201 109 23 5
201 53 68 16
201 351 39 7
201 491 55 15
201 282 11 3
201 243 65 14
200 121 53 15
200 349 97 18
200 257 80 23
200 126 16 5
200 183 56 15
200 100 89 26
200 476 86 18
199 493 30 7
199 52 32 7
199 134 11 3
199 44 30 7
198 57 46 10
198 227 79 18
198 402 48 9
198 63 39 11
198 92 102 27
198 254 125 31
198 466 74 18
198 82 50 16
197 58 58 18
197 310 45 12
197 379 46 9
197 232 24 7
196 74 81 17
196 235 94 17
196 103 27 6
196 382 45 11
196 389 27 7
196 411 50 10
196 216 35 12
195 156 137 35
195 377 59 14
195 364 45 12
195 368 107 28
195 177 57 14
195 291 28 9
195 269 31 11
194 98 64 21
194 236 100 28
194 151 39 12
194 259 28 7
194 391 31 7
193 65 52 17
193 309 34 10
193 298 10 3
193 456 18 6
193 335 42 8
193 442 20 6
192 179 75 21
192 56 21 5
192 246 20 6
192 26 68 14
192 337 8 2
191 474 85 22
191 244 65 18
191 142 40 14
191 423 70 16
191 367 57 16
191 329 38 9
191 242 64 14
191 90 32 11
190 299 58 18
190 365 49 12
190 466 22 6
190 82 22 7
189 363 93 18
189 415 94 19
189 105 70 21
189 304 47 14
189 431 59 18
189 146 25 9
189 333 34 8
188 212 22 5
188 170 69 20
188 412 29 6
188 278 38 9
187 334 11 4
187 370 47 8
187 234 40 11
187 267 50 15
187 449 42 9
186 380 58 17
186 480 4 2
186 265 56 11
186 179 29 7
185 465 67 14
185 361 38 14
185 38 67 20
185 205 76 19
185 393 101 21
185 55 49 10
184 93 21 7
184 112 25 7
184 129 47 12
183 126 55 17
183 200 65 16
183 22 42 11
183 66 34 10
183 268 40 9
183 100 76 18
182 410 36 10
182 211 34 9
182 458 47 9
182 135 21 7
182 358 95 32
181 149 64 17
181 354 52 10
181 85 38 7
181 15 75 24
181 86 26 7
181 247 108 24
180 68 23 5
180 52 53 14
180 452 56 12
180 473 66 22
180 336 71 17
180 372 76 21
180 64 60 16
179 294 62 17
179 168 69 17
179 480 25 8
179 186 26 8
179 469 81 19
179 276 73 18
179 26 69 18
179 192 74 23
179 265 65 13
179 56 66 18
178 442 26 8
178 418 20 5
178 335 23 7
178 233 46 12
178 238 30 9
177 195 61 12
177 368 67 19
177 122 28 6
177 435 37 12
177 364 10 3
176 138 71 19
176 163 76 22
176 381 91 23
176 69 70 17
176 123 16 4
176 453 79 24
175 20 24 6
175 43 59 16
175 162 26 8
175 81 22 5
175 470 21 6
175 252 18 5
174 457 64 18
174 485 117 35
174 17 117 35
174 8 26 8
174 347 67 24
174 236 91 24
174 163 70 22
174 381 90 26
174 305 79 27
173 89 47 13
173 278 94 18
173 86 47 17
173 366 71 20
173 61 61 17
173 88 39 10
172 32 35 10
172 492 50 10
172 97 30 9
172 403 59 14
172 328 69 17
172 286 59 14
172 171 64 16
171 97 46 9
171 487 48 15
171 172 58 13
171 230 27 8
171 286 42 14
171 296 22 8
170 188 70 16
170 212 84 22
170 20 21 6
170 113 14 4
170 278 79 19
170 61 43 10
169 102 96 26
169 393 9 2
169 275 70 18
169 318 26 9
169 245 55 19
168 453 60 18
168 10 18 6
168 294 31 7
168 179 61 18
168 480 47 16
167 242 81 22
167 78 93 18
167 159 63 16
167 467 60 13
167 290 1 1
166 248 93 21
166 165 54 15
166 416 68 13
166 158 27 5
166 77 11 3
166 432 66 19
165 436 61 21
165 248 74 19
165 35 35 8
165 166 66 18
165 416 6 2
164 247 59 14
164 428 46 10
164 42 57 16
164 317 38 9
164 18 132 30
164 308 111 34
163 347 17 5
163 138 58 16
163 176 96 26
163 381 32 8
163 174 79 19
162 43 49 13
162 175 32 8
162 490 49 11
162 252 22 6
161 224 51 14
161 344 60 14
161 487 96 17
161 230 82 21
161 400 98 27
161 29 91 20
161 494 92 33
161 75 70 19
160 81 21 6
160 113 34 9
160 470 12 3
160 34 73 15
160 314 95 19
160 39 81 21
160 315 84 21
159 154 112 25
159 423 91 27
159 242 75 17
159 289 97 20
159 285 91 20
159 467 50 14
159 167 51 13
158 248 95 32
158 322 79 20
158 321 103 18
158 77 24 8
158 166 25 8
158 316 93 23
158 437 77 20
157 107 43 13
157 80 59 19
157 407 71 18
157 65 62 19
157 108 120 32
157 460 89 21
157 397 71 17
156 3 55 11
156 133 50 12
156 71 90 24
156 377 107 34
156 368 232 71
156 195 132 45
155 137 32 10
155 293 31 6
155 96 48 14
155 478 24 8
155 420 22 5
155 128 40 11
154 367 30 8
154 423 36 8
154 153 61 11
154 159 104 25
154 289 23 7
153 29 78 21
153 273 80 17
153 75 67 16
153 349 63 19
153 474 48 14
153 218 41 9
153 257 82 15
153 367 55 15
153 289 60 15
153 154 51 13
152 441 52 13
152 128 53 18
152 270 24 6
152 264 67 23
152 71 27 8
152 244 50 10
151 30 68 15
151 98 40 12
151 194 39 12
151 204 51 11
151 47 66 19
151 391 52 16
151 125 48 14
150 486 27 7
150 326 7 2
150 406 8 2
150 255 16 6
149 330 62 17
149 72 97 24
149 15 79 26
149 110 23 5
149 181 65 16
149 354 37 7
148 208 26 6
148 455 42 10
148 277 7 2
148 114 52 13
148 1 23 6
147 413 14 3
147 497 7 3
147 317 43 10
147 340 66 12
146 431 45 12
146 189 31 8
146 262 35 10
146 345 80 20
146 206 69 16
146 333 44 9
145 464 75 19
145 104 72 21
145 214 47 12
145 1 72 20
145 114 126 25
145 12 150 52
145 483 265 68
145 312 444 86
145 331 161 49
144 303 52 14
144 285 68 20
144 399 59 16
144 462 8 3
144 215 31 11
143 263 31 9
143 87 26 7
143 266 40 10
143 94 81 17
143 348 38 14
143 73 51 12
142 71 52 13
142 244 36 10
142 191 58 15
142 377 60 16
142 307 35 8
142 329 46 12
141 432 52 14
141 371 40 11
141 55 78 24
141 23 32 9
141 102 55 19
141 222 45 11
140 36 50 17
140 461 61 14
140 84 62 17
140 487 65 15
140 224 19 4
140 422 28 7
139 482 14 5
139 362 36 7
139 333 53 14
139 228 5 2
138 485 102 22
138 17 74 18
138 484 27 8
138 347 60 13
138 163 51 16
138 69 141 37
138 176 68 16
137 417 21 5
137 293 45 11
137 155 31 8
137 441 62 12
137 478 29 8
136 121 86 21
136 359 4 1
136 95 45 16
136 22 69 15
136 355 50 15
135 182 24 8
135 458 43 14
135 358 104 25
135 465 54 15
135 38 46 14
134 493 31 8
134 199 13 3
134 44 25 8
134 378 6 2
134 241 25 8
133 119 56 14
133 3 70 15
133 441 48 16
133 438 42 12
133 156 55 14
133 71 63 18
132 251 24 6
132 488 32 8
132 404 38 10
132 217 40 13
132 250 37 12
131 481 127 25
131 338 87 21
131 387 39 13
131 358 206 51
131 410 45 11
131 211 44 14
131 458 75 24
131 447 102 21
130 28 40 9
130 6 31 7
130 43 42 13
130 490 64 18
130 496 55 16
130 95 9 2
130 454 39 10
129 93 55 17
129 184 38 9
129 481 91 24
129 112 26 7
129 251 59 17
129 488 110 24
128 360 31 8
128 155 40 11
128 420 23 5
128 96 40 10
128 273 51 11
128 264 51 16
128 152 53 16
128 270 49 14
127 37 52 16
127 341 15 5
127 500 17 5
127 448 56 14
127 28 68 19
127 21 41 12
126 121 42 13
126 22 54 18
126 183 54 16
126 200 23 5
125 204 17 6
125 151 59 16
125 391 50 12
125 99 93 18
125 48 20 6
125 472 99 23
125 401 37 11
124 281 22 7
124 457 27 6
124 425 26 7
124 8 31 7
124 280 25 7
123 69 59 11
123 176 15 5
123 453 76 25
123 380 45 13
122 177 27 7
122 368 45 11
122 435 46 11
121 349 112 23
121 494 26 7
121 359 88 20
121 136 97 25
121 200 58 12
121 126 35 12
121 22 88 23
120 23 42 14
120 77 74 25
120 222 39 13
120 444 36 10
120 495 37 11
119 337 65 20
119 417 84 19
119 246 51 17
119 332 60 13
119 3 56 15
119 133 55 13
119 438 45 11
118 296 70 13
118 230 51 15
118 286 54 14
118 21 56 17
118 400 27 7
118 359 108 20
117 308 35 12
117 18 33 8
117 306 5 2
117 116 23 5
116 18 25 6
116 117 16 6
116 306 21 5
116 310 72 21
116 379 78 20
116 60 36 9
116 440 94 22
115 208 59 19
115 40 37 9
115 362 54 13
115 288 47 10
115 12 40 12
114 148 50 15
114 1 55 19
114 277 51 10
114 288 12 4
114 145 121 31
114 12 68 13
113 170 15 4
113 20 24 5
113 81 20 5
113 61 45 10
113 34 46 12
113 160 37 10
112 184 29 8
112 93 54 15
112 251 53 14
112 129 24 7
111 271 78 17
111 287 42 14
111 301 83 18
111 374 76 16
111 395 51 14
111 461 39 12
111 36 45 13
110 330 69 15
110 266 39 12
110 94 31 7
110 354 25 7
110 149 21 5
109 446 68 15
109 205 55 17
109 351 26 6
109 201 18 6
109 53 53 14
108 157 115 28
108 397 87 23
108 407 81 17
108 248 42 12
108 322 46 14
108 231 59 13
107 414 108 29
107 346 91 22
107 213 55 12
107 80 71 19
107 65 61 20
107 157 55 14
106 414 43 10
106 493 49 13
106 352 36 11
106 49 38 11
106 14 59 17
106 80 14 4
106 407 83 21
105 415 10 4
105 19 12 4
105 189 92 22
105 431 22 7
104 375 46 12
104 92 50 11
104 464 28 8
104 145 100 23
104 331 99 22
104 254 90 20
103 196 24 5
103 235 60 17
103 382 27 9
103 434 69 22
102 141 74 14
102 222 39 8
102 55 90 23
102 393 87 29
102 169 105 26
102 275 114 29
102 353 91 26
102 495 51 15
101 409 36 7
101 35 25 6
101 326 42 13
101 313 21 6
100 200 109 28
100 476 83 23
100 268 67 16
100 183 87 21
100 285 87 18
100 79 40 8
100 303 50 13
99 392 47 14
99 297 51 14
99 48 78 16
99 125 83 17
99 418 28 10
99 238 30 10
99 5 30 7
99 472 105 28
99 76 97 24
98 425 93 19
98 280 78 23
98 240 81 19
98 30 40 8
98 151 46 14
98 194 67 15
98 236 133 23
97 374 95 23
97 83 102 24
97 395 78 25
97 487 63 14
97 32 50 14
97 171 44 10
97 172 37 7
96 293 62 15
96 155 57 13
96 128 43 9
96 273 44 9
96 396 53 15
96 430 46 11
96 9 72 15
95 28 39 13
95 21 78 21
95 359 53 14
95 136 45 14
95 355 51 12
95 130 8 3
95 454 36 9
94 266 68 17
94 110 31 8
94 143 64 17
94 354 9 3
94 85 14 4
94 89 49 12
94 348 58 18
93 346 421 129
93 452 96 25
93 129 64 17
93 184 22 7
93 112 44 13
93 489 69 18
93 473 94 25
93 251 92 22
92 63 87 20
92 198 81 23
92 439 67 15
92 375 55 15
92 254 40 14
92 104 51 15
91 446 65 13
91 53 20 5
91 491 85 22
91 358 36 7
90 329 15 4
90 191 43 12
90 242 36 9
90 78 43 13
90 239 34 10
89 94 63 17
89 348 25 6
89 278 51 16
89 85 58 14
89 173 41 12
89 86 54 16
88 173 48 10
88 34 61 13
88 61 50 13
88 366 36 10
88 314 82 23
88 292 35 10
87 369 34 8
87 263 14 3
87 143 19 6
87 266 39 11
86 85 35 12
86 89 63 16
86 181 26 5
86 247 121 22
86 366 81 22
86 173 63 16
85 94 16 4
85 354 18 5
85 181 36 7
85 89 67 14
85 86 44 11
84 301 83 15
84 11 89 17
84 422 63 16
84 344 89 20
84 9 68 22
84 461 43 9
84 140 69 17
83 374 82 23
83 437 21 6
83 97 77 23
83 32 41 14
83 67 43 10
83 316 95 24
82 227 57 14
82 299 65 14
82 190 21 6
82 466 35 10
82 198 43 12
81 20 8 3
81 113 20 5
81 160 21 5
81 470 23 9
81 175 24 6
80 414 53 16
80 107 56 14
80 106 19 5
80 407 66 22
80 157 74 19
79 268 49 16
79 426 49 12
79 100 41 9
79 74 59 20
79 389 99 24
79 303 41 11
79 399 78 17
78 90 51 12
78 239 41 13
78 291 44 11
78 242 25 9
78 167 90 21
78 290 92 17
78 435 27 8
77 158 24 8
77 432 81 19
77 166 15 3
77 23 93 19
77 120 85 24
77 444 79 24
77 316 105 27
76 5 90 23
76 99 99 26
76 472 17 5
76 287 73 17
76 16 59 20
76 301 48 14
75 29 36 10
75 153 59 18
75 161 64 17
75 494 100 32
75 349 43 11
74 79 62 19
74 320 53 12
74 235 69 14
74 389 81 22
74 196 62 16
74 66 35 9
74 426 22 7
74 253 18 4
73 263 62 14
73 221 19 5
73 143 53 13
73 348 36 12
73 278 30 7
73 412 20 7
72 318 57 12
72 282 63 13
72 245 26 6
72 357 91 30
72 330 79 18
72 419 127 30
72 15 125 34
72 149 90 24
71 133 63 21
71 156 100 31
71 441 55 12
71 244 47 10
71 152 31 8
71 377 104 23
71 142 49 15
70 496 83 21
70 46 6 2
70 355 74 14
70 219 20 6
70 490 76 23
70 235 43 11
70 51 54 20
69 138 126 31
69 485 216 65
69 176 60 18
69 123 57 13
69 380 24 7
69 283 46 9
68 414 149 37
68 452 41 10
68 180 23 5
68 493 113 30
68 52 58 16
67 83 38 9
67 316 49 19
67 32 36 7
67 256 17 5
67 403 33 9
67 492 22 6
66 219 71 18
66 22 65 17
66 183 35 10
66 320 63 16
66 268 19 5
66 253 32 7
66 74 47 11
65 213 72 16
65 107 56 16
65 427 76 17
65 45 68 19
65 157 69 22
65 460 67 16
65 456 71 16
65 309 59 14
65 193 54 18
64 336 56 17
64 372 21 7
64 180 58 14
64 279 38 8
64 327 15 5
63 402 52 16
63 462 21 7
63 439 49 13
63 198 38 10
63 92 67 19
62 394 26 9
62 54 2 1
62 25 39 10
62 220 94 21
62 390 157 30
61 173 67 14
61 113 39 9
61 34 9 2
61 88 57 14
61 278 97 20
61 170 43 11
60 306 23 6
60 308 53 14
60 116 33 9
60 440 55 14
60 302 82 21
60 443 58 20
59 336 74 20
59 14 50 12
59 407 45 14
59 339 40 10
59 27 80 17
59 248 74 24
59 436 54 16
58 54 263 58
58 429 45 15
58 499 17 5
58 232 81 20
58 310 36 12
58 197 58 18
57 356 31 10
57 285 63 17
57 402 6 2
57 227 49 13
57 198 42 11
56 192 23 6
56 179 72 22
56 265 57 15
56 332 64 19
56 246 14 5
55 361 42 10
55 371 92 17
55 141 73 26
55 185 37 13
55 102 101 23
55 393 103 20
54 358 303 77
54 223 56 12
54 394 28 8
54 58 255 65
54 429 213 54
54 62 2 1
54 390 161 29
53 446 65 18
53 91 19 5
53 491 47 14
53 109 49 16
53 201 57 14
52 68 62 13
52 493 48 13
52 180 63 16
52 199 35 8
52 336 46 10
52 44 18 5
51 490 81 20
51 70 57 18
51 235 61 18
51 39 45 13
51 385 51 14
51 434 57 15
50 281 215 58
50 346 25 6
50 427 55 14
50 13 75 16
50 450 120 29
49 106 40 10
49 378 16 6
49 352 4 2
49 241 12 4
49 14 43 9
48 204 16 5
48 2 22 7
48 392 23 7
48 99 66 21
48 125 25 7
47 450 52 16
47 13 26 5
47 30 88 21
47 398 19 5
47 45 39 11
47 2 70 20
47 204 92 17
47 151 88 16
46 70 6 2
46 219 21 4
46 320 26 8
46 235 40 11
45 427 69 17
45 398 21 7
45 47 35 9
45 65 63 18
45 309 48 11
45 2 91 20
45 386 66 15
44 199 25 6
44 134 36 7
44 241 47 13
44 336 32 6
44 52 15 5
43 130 39 14
43 6 19 5
43 475 53 13
43 20 68 17
43 490 63 16
43 175 67 15
43 162 55 15
42 292 35 10
42 428 5 2
42 164 57 11
42 308 113 29
42 319 89 22
41 261 17 5
41 477 18 5
41 220 34 9
41 413 30 9
41 340 32 8
40 209 43 13
40 249 54 13
40 208 79 17
40 333 68 25
40 115 41 9
40 362 84 15
39 252 73 23
39 470 86 24
39 490 86 26
39 160 70 23
39 51 47 13
39 315 101 22
39 385 52 17
39 300 53 15
38 135 50 14
38 465 62 12
38 358 69 21
38 446 45 9
38 205 99 25
38 185 96 19
37 316 87 23
37 403 35 9
37 328 5 2
37 343 93 23
37 448 49 14
37 341 54 17
37 127 63 18
36 111 38 14
36 461 48 12
36 140 58 15
36 395 18 5
36 487 57 13
35 409 43 10
35 436 71 15
35 101 26 6
35 313 35 7
35 165 32 8
35 416 29 8
34 113 40 12
34 88 65 13
34 61 9 3
34 314 70 19
34 160 60 14
33 435 116 32
33 368 105 24
33 290 50 16
33 299 59 17
33 7 77 19
33 207 69 16
33 376 59 17
32 83 40 12
32 256 18 4
32 67 36 7
32 492 27 6
32 97 58 13
32 172 30 9
31 495 52 15
31 343 36 8
31 444 40 11
31 226 31 7
31 203 22 6
31 353 62 14
30 425 59 21
30 450 30 11
30 47 64 21
30 151 81 19
30 98 30 11
29 344 68 16
29 273 50 14
29 153 83 18
29 161 91 23
29 75 45 11
29 430 28 8
29 396 22 7
28 448 96 31
28 127 82 21
28 21 94 22
28 388 112 26
28 475 52 15
28 6 23 6
28 130 44 11
28 95 40 13
27 327 20 4
27 336 71 19
27 279 31 8
27 59 75 15
27 326 97 18
27 409 74 15
27 339 66 14
26 179 58 19
26 276 42 9
26 16 72 22
26 11 69 25
26 417 82 23
26 192 64 13
26 337 55 14
25 394 47 11
25 62 36 9
25 261 65 15
25 220 45 13
24 255 58 20
24 433 30 7
24 408 25 7
24 260 55 16
24 373 5 2
24 479 22 6
23 432 40 14
23 77 80 17
23 141 31 9
23 120 42 13
23 222 39 10
22 121 75 22
22 126 53 17
22 136 69 15
22 355 55 19
22 219 64 21
22 183 39 8
22 66 55 16
21 500 30 11
21 286 73 24
21 118 54 19
21 127 42 10
21 28 96 17
21 95 98 20
21 359 74 21
20 212 82 19
20 475 81 19
20 43 70 19
20 170 23 5
20 175 25 6
20 81 9 3
20 113 21 6
19 415 19 5
19 105 12 3
19 308 57 16
19 443 96 26
19 431 17 4
19 325 31 10
18 317 89 29
18 164 125 27
18 471 58 16
18 310 67 17
18 308 63 14
18 117 37 8
18 116 25 7
17 485 43 9
17 174 123 24
17 138 59 20
17 347 70 18
17 484 59 15
16 472 57 14
16 276 47 12
16 469 55 15
16 76 61 18
16 301 72 16
16 26 71 22
16 11 85 21
15 72 116 32
15 149 108 28
15 419 33 8
15 394 72 22
15 181 96 26
15 247 103 31
15 261 124 29
14 106 62 16
14 49 42 13
14 241 31 9
14 336 65 20
14 407 23 5
14 59 47 13
13 50 79 19
13 450 59 17
13 47 22 6
13 398 20 4
13 427 87 16
12 115 44 11
12 362 44 12
12 288 58 14
12 482 51 16
12 114 67 16
12 145 190 39
12 483 86 19
11 16 84 21
11 26 95 23
11 301 90 25
11 84 65 23
11 9 46 10
11 417 85 24
11 293 44 15
10 236 55 14
10 498 51 13
10 453 53 11
10 259 90 21
10 168 23 6
10 294 30 9
9 11 39 10
9 84 78 17
9 344 104 24
9 293 27 6
9 430 108 27
9 96 79 16
8 457 53 11
8 240 22 4
8 174 23 8
8 236 108 25
8 124 26 7
8 280 19 5
7 33 75 22
7 376 35 12
7 311 34 10
7 299 85 22
7 342 18 6
7 370 34 12
7 365 63 16
6 28 26 6
6 130 39 10
6 43 17 4
6 475 56 16
5 99 23 8
5 238 26 8
5 445 14 4
5 76 98 20
5 287 56 15
4 340 64 15
4 317 124 31
4 390 20 7
4 471 90 25
4 429 28 6
3 283 163 43
3 332 52 17
3 119 76 19
3 368 360 87
3 156 52 13
3 133 59 17
2 47 67 22
2 45 85 20
2 204 34 10
2 386 30 7
2 297 27 6
2 48 21 8
2 392 16 3
1 455 25 7
1 324 31 8
1 148 23 6
1 114 54 14
1 214 45 9
1 145 58 16
