nnodes narcs source target drone_limit type
100 574 9 90 154 drone_routing_pli_project1
nodename posx posy
100 429.17 405.754
99 863.119 256.123
98 843.519 323.532
97 963.518 959.297
96 911.651 828.554
95 382.475 980.113
94 995.418 9.09602
93 352.695 193.524
92 17.5433 211.07
91 577.203 252.915
90 171.831 344.487
89 193.331 237.211
88 8.20709 43.1846
87 115.672 552.692
86 53.0936 716.827
85 163.482 757.988
84 896.785 948.899
83 722.41 578.669
82 871.75 288.267
81 893.899 645.577
80 165.557 357.389
79 496.731 929.691
78 362.742 319.387
77 174.553 441.056
76 941.605 180.163
75 673.198 230.063
74 411.702 581.322
73 946.406 780.053
72 359.637 704.729
71 664.319 449.467
70 265.455 559.706
69 393.969 132.293
68 197.271 267.739
67 824.554 914.733
66 322.143 365.439
65 974.654 355.29
64 68.2696 591.852
63 67.0604 480.95
62 15.4944 947.953
61 335.214 534.088
60 503.157 960.605
59 250.757 517.912
58 148.521 356.072
57 773.574 251.785
56 134.363 664.363
55 135.153 775.077
54 216.562 409.694
53 206.096 827.189
52 934.46 377.962
51 674.033 814.243
50 787.853 232.487
49 495.837 166.31
48 31.2712 326.957
47 486.474 543.821
46 881.918 651.403
45 486.633 703.48
44 42.5706 264.401
43 504.788 452.112
42 501.872 493.281
41 170.811 455.757
40 135.784 413.903
39 53.8838 419.17
38 36.3018 301.909
37 95.1354 480.862
36 124.553 637.224
35 965.165 487.856
34 149.719 960.906
33 380.069 14.2555
32 864.217 155.977
31 770.459 694.387
30 27.6361 138.377
29 591.696 265.061
28 2.20799 197.019
27 557.628 997.166
26 433.149 368.76
25 163.674 273.388
24 777.064 939.94
23 699.359 499.908
22 966.475 955.418
21 118.319 373.219
20 41.187 122.557
19 390.299 541.058
18 197.212 714.46
17 481.455 665.364
16 7.69238 606.643
15 745.059 816.21
14 961.165 885.922
13 24.9005 484.107
12 390.627 121.135
11 120.76 513.731
10 79.3911 312.879
9 803.492 138.988
8 620.534 283.871
7 332.658 476
6 66.6987 232.196
5 380.276 229.809
4 673.776 855.438
3 530.047 649.67
2 50.1539 732.548
1 654.037 568.264
tail head car_cost drone_cost
100 43 89 26
100 26 34 10
100 42 100 28
100 19 146 30
100 66 95 30
100 7 137 30
99 76 104 26
99 32 116 30
99 82 28 7
99 98 71 15
99 57 98 19
99 50 81 17
98 99 71 18
98 82 48 11
98 52 115 30
98 23 262 67
98 57 106 24
98 71 187 65
97 22 5 2
97 84 64 14
97 27 365 109
96 14 84 21
96 73 61 14
96 84 145 35
96 67 102 35
96 31 194 45
96 15 143 41
95 27 157 52
95 60 106 37
95 79 150 35
95 34 237 69
95 72 317 82
95 53 214 48
94 22 881 283
94 65 282 86
94 76 212 51
94 32 197 59
94 33 561 148
94 9 236 59
93 69 78 19
93 5 55 12
93 12 95 17
93 78 103 26
93 89 178 48
93 68 203 40
92 44 49 16
92 6 62 15
92 30 77 17
92 28 24 6
92 38 80 23
91 75 101 28
91 29 23 5
91 26 177 42
91 49 135 36
91 5 191 57
90 66 181 43
90 68 91 24
90 54 73 23
90 80 14 5
90 25 60 21
90 58 32 6
89 12 243 62
89 33 238 64
89 93 162 45
89 68 30 9
89 25 53 12
89 20 163 42
89 6 114 30
88 33 423 77
88 20 96 22
88 28 171 44
88 30 117 28
87 70 177 44
87 59 167 31
87 11 44 11
87 36 70 21
87 63 92 19
87 64 58 19
86 55 90 21
86 56 102 21
86 36 86 28
86 64 149 36
86 16 123 31
86 2 18 4
85 18 48 13
85 53 94 18
85 56 106 24
85 55 34 9
84 97 71 19
84 22 66 19
84 14 89 23
84 96 101 26
84 27 301 101
84 67 66 20
84 24 131 36
83 35 274 56
83 81 186 46
83 46 150 47
83 31 128 27
83 23 97 20
83 1 66 15
82 65 140 30
82 76 148 31
82 99 33 8
82 98 48 13
82 52 113 33
81 35 171 47
81 73 173 37
81 83 154 38
81 46 12 4
80 54 75 20
80 90 15 4
80 58 20 5
80 40 74 14
80 77 74 23
79 4 226 44
79 27 96 26
79 51 198 58
79 60 32 9
79 95 107 33
79 45 238 46
79 72 312 70
78 5 90 25
78 26 97 20
78 66 65 17
78 93 148 35
78 68 175 40
77 54 51 14
77 41 17 4
77 40 47 11
77 80 71 20
76 94 181 44
76 65 152 41
76 82 114 30
76 32 90 22
76 99 119 32
75 50 115 34
75 9 163 44
75 57 85 30
75 8 84 17
75 29 82 21
75 49 168 42
75 91 98 21
74 47 94 21
74 17 130 30
74 72 125 34
74 19 50 12
74 61 81 26
73 35 254 61
73 14 87 31
73 96 70 17
73 81 161 42
73 46 143 41
73 31 172 56
72 79 299 76
72 45 132 31
72 17 127 36
72 74 149 40
72 95 324 64
72 53 175 52
72 18 164 45
72 70 152 49
72 61 167 46
71 98 178 51
71 23 60 15
71 57 266 61
71 1 129 25
71 42 191 43
71 8 174 45
71 43 131 35
70 72 141 47
70 61 60 18
70 18 180 35
70 36 174 43
70 56 140 51
70 59 50 10
70 87 172 41
69 49 117 26
69 5 105 28
69 12 13 3
69 93 79 20
68 78 201 41
68 93 196 39
68 66 147 41
68 90 97 20
68 89 31 8
68 25 40 8
67 84 80 20
67 96 120 36
67 15 123 27
67 24 44 14
66 100 120 29
66 26 119 28
66 78 54 15
66 7 94 29
66 54 131 26
66 90 153 32
66 68 185 39
65 94 353 98
65 22 538 160
65 35 152 36
65 52 48 13
65 76 213 36
65 82 111 35
64 87 67 17
64 16 73 13
64 86 124 29
64 36 76 20
64 13 105 24
64 63 107 32
63 87 91 23
63 11 60 13
63 37 31 7
63 39 53 15
63 13 35 13
63 64 107 30
62 34 117 36
62 55 223 61
62 2 243 57
62 16 340 79
61 74 93 24
61 19 65 15
61 59 92 19
61 7 63 14
61 70 78 20
61 72 187 50
60 27 60 14
60 79 35 9
60 95 120 29
59 61 80 24
59 7 91 25
59 54 106 29
59 70 39 11
59 87 152 30
59 41 100 22
59 11 148 27
58 90 28 6
58 25 69 20
58 40 66 17
58 80 14 5
58 10 69 24
58 21 31 10
57 99 86 26
57 50 21 8
57 98 87 23
57 71 187 62
57 75 97 27
57 8 164 46
56 18 78 20
56 70 197 45
56 85 116 25
56 55 92 25
56 86 80 28
56 36 28 7
55 53 83 19
55 34 157 51
55 85 38 9
55 62 190 62
55 2 87 20
55 86 93 29
55 56 106 32
54 7 141 35
54 66 129 26
54 59 97 29
54 77 57 16
54 41 73 18
54 90 64 19
54 80 60 19
53 95 252 61
53 72 213 56
53 34 141 39
53 18 128 26
53 85 90 19
53 55 103 24
52 65 44 10
52 82 106 24
52 35 93 34
52 23 248 56
52 98 93 22
51 15 75 19
51 31 183 36
51 4 41 9
51 79 241 52
51 3 250 56
51 45 200 62
50 32 119 25
50 9 104 26
50 75 99 31
50 57 29 6
50 99 90 20
49 75 201 51
49 9 270 79
49 91 139 36
49 69 116 28
49 5 121 39
49 33 169 46
49 12 98 33
48 21 116 26
48 39 94 29
48 10 48 12
48 38 29 7
48 28 159 36
48 13 153 37
47 3 133 32
47 42 49 11
47 1 144 50
47 17 146 36
47 19 84 22
47 74 84 26
46 81 16 4
46 83 163 38
46 31 97 29
46 73 154 29
45 51 176 47
45 3 76 17
45 79 246 47
45 17 36 8
45 72 145 28
44 92 69 14
44 38 34 11
44 10 55 16
44 6 40 9
43 71 152 48
43 8 184 59
43 29 235 62
43 42 35 10
43 26 100 32
43 100 107 20
42 71 146 48
42 43 40 9
42 47 50 14
42 1 156 49
42 100 123 29
42 19 124 26
41 54 58 19
41 77 13 4
41 11 71 22
41 59 97 23
41 40 64 17
41 37 92 22
40 58 51 16
40 77 54 10
40 80 75 19
40 41 64 16
40 37 91 17
40 21 48 10
40 39 68 20
39 40 95 24
39 37 73 18
39 21 80 24
39 63 67 15
39 48 92 24
39 13 68 17
38 44 43 10
38 48 25 6
38 10 44 11
38 92 76 21
38 28 130 29
37 41 79 23
37 40 67 23
37 11 49 9
37 39 63 20
37 63 34 9
36 70 193 48
36 56 26 7
36 87 74 20
36 86 111 23
36 64 70 22
35 65 140 36
35 22 474 98
35 14 445 82
35 73 287 83
35 81 185 47
35 83 259 67
35 52 126 34
35 23 224 77
34 27 446 92
34 95 222 48
34 53 150 38
34 55 187 50
34 62 111 39
33 94 632 181
33 9 520 131
33 49 182 49
33 12 121 27
33 89 260 76
33 88 319 90
33 20 293 78
32 94 208 58
32 76 79 20
32 99 116 30
32 50 97 30
32 9 74 15
31 96 184 40
31 46 105 25
31 73 198 42
31 15 133 36
31 51 143 40
31 83 139 30
31 1 189 52
31 3 257 71
30 6 93 29
30 20 24 7
30 92 61 16
30 88 100 22
30 28 57 17
29 75 99 20
29 91 20 5
29 26 194 55
29 43 235 48
29 8 33 10
28 48 129 33
28 16 459 113
28 13 253 71
28 92 25 6
28 38 115 24
28 88 148 38
28 30 52 20
27 97 471 116
27 84 337 86
27 24 232 66
27 4 169 52
27 34 468 86
27 95 200 45
27 79 109 26
27 60 77 19
26 29 213 41
26 91 162 56
26 43 115 31
26 100 33 8
26 5 121 39
26 66 110 26
26 78 89 22
25 68 28 9
25 89 40 10
25 90 69 19
25 58 77 21
25 6 97 23
25 10 105 20
24 84 127 34
24 67 57 14
24 27 242 66
24 15 120 32
24 4 109 33
23 35 316 77
23 52 256 64
23 98 191 48
23 83 87 24
23 71 67 14
23 1 92 24
22 94 1003 268
22 65 650 146
22 97 4 2
22 35 375 109
22 14 70 16
22 84 73 18
21 58 39 8
21 40 42 9
21 39 68 24
21 48 85 24
21 10 84 17
20 33 419 88
20 89 179 43
20 88 88 24
20 30 19 5
20 6 96 27
19 47 115 22
19 42 143 27
19 100 136 42
19 74 41 14
19 7 93 22
19 61 54 15
18 72 142 34
18 70 202 49
18 53 132 34
18 56 88 23
18 85 46 15
17 3 61 16
17 47 100 29
17 45 45 9
17 74 131 28
17 72 118 31
16 64 71 14
16 86 129 34
16 2 146 32
16 62 335 102
16 28 371 114
16 13 136 37
15 96 160 42
15 67 123 26
15 31 140 28
15 24 116 27
15 51 85 16
15 4 95 17
14 22 63 19
14 35 440 88
14 84 106 25
14 73 126 30
14 96 81 19
13 39 79 17
13 48 150 39
13 64 96 33
13 63 39 10
13 28 263 81
13 16 122 35
12 49 125 30
12 69 14 3
12 93 70 19
12 33 115 22
12 89 218 53
11 41 83 18
11 59 126 38
11 87 32 10
11 37 39 9
11 63 72 16
10 58 80 20
10 25 104 21
10 21 82 22
10 6 98 20
10 44 69 18
10 48 60 12
10 38 37 13
9 94 251 63
9 50 85 29
9 32 54 17
9 75 162 35
9 33 380 126
9 49 276 70
8 57 153 34
8 75 82 20
8 71 192 51
8 43 206 49
8 29 30 11
7 19 94 19
7 100 109 25
7 61 62 17
7 59 88 27
7 66 133 32
7 54 144 38
6 25 87 29
6 89 134 37
6 92 48 14
6 10 94 21
6 44 35 9
6 30 106 31
6 20 134 26
5 91 176 41
5 49 140 32
5 69 89 25
5 26 164 33
5 93 53 10
5 78 97 26
4 24 160 39
4 15 73 22
4 51 40 12
4 79 225 44
4 27 185 50
3 31 222 68
3 1 161 41
3 51 194 51
3 45 74 17
3 47 105 33
3 17 43 11
2 55 92 25
2 86 16 5
2 16 146 37
2 62 244 49
1 83 62 17
1 23 69 24
1 71 130 31
1 31 180 37
1 3 143 41
1 42 165 48
1 47 188 42
