nnodes narcs source target drone_limit type
30 152 18 2 87 drone_routing_pli_project1
nodename posx posy
30 939.328 259.061
29 474.992 272.491
28 377.366 564.835
27 876.027 696.759
26 679.633 150.975
25 319.815 982.327
24 774.809 813.267
23 660.036 702.546
22 314.577 436.784
21 426.58 500.941
20 296.934 646.692
19 116.756 750.923
18 110.957 884.096
17 962.459 12.0538
16 694.994 228.603
15 392.896 899.323
14 891.081 593.873
13 932.664 340.327
12 6.57788 573.299
11 622.059 210.893
10 806.502 140.473
9 584.649 216.588
8 950.854 153.56
7 132.554 64.1665
6 351.209 573.345
5 750.497 366.274
4 187.59 990.434
3 565.489 1.76691
2 834.817 335.986
1 41.6303 454.492
tail head car_cost drone_cost
30 8 108 29
30 13 84 21
30 10 157 38
30 2 119 36
29 5 322 78
29 9 129 30
29 3 287 73
29 21 249 69
29 7 352 104
29 22 192 60
28 23 286 93
28 21 72 23
28 15 314 87
28 22 169 38
28 6 32 7
28 20 103 29
27 13 421 85
27 14 118 25
27 23 254 57
27 24 185 37
26 10 112 33
26 16 94 21
26 11 86 25
26 3 177 57
26 9 123 33
25 24 517 101
25 15 97 25
25 18 195 70
25 4 152 35
24 27 128 44
24 25 445 132
24 23 150 48
24 15 336 89
23 27 252 59
23 14 295 63
23 5 316 85
23 24 165 41
23 15 396 90
23 21 341 62
23 28 282 79
22 21 129 28
22 28 143 41
22 29 221 62
22 6 126 35
22 20 206 49
22 7 452 95
22 1 293 72
21 5 326 73
21 29 208 55
21 23 363 79
21 22 119 35
21 28 69 18
20 28 121 30
20 6 96 21
20 22 202 59
20 15 255 76
20 19 205 57
20 1 292 89
20 12 284 83
19 15 296 66
19 20 216 63
19 12 173 48
19 18 160 39
18 25 222 65
18 4 124 34
18 15 285 63
18 19 137 33
18 12 382 74
17 8 158 34
17 3 359 93
17 10 225 55
16 2 184 49
16 10 122 35
16 26 65 19
16 5 127 41
16 11 89 20
15 24 460 98
15 23 372 85
15 25 113 33
15 28 326 94
15 18 300 67
15 20 320 79
15 19 287 84
14 13 208 65
14 27 86 27
14 23 214 74
14 2 222 76
14 5 262 66
13 8 195 39
13 30 86 22
13 27 344 87
13 2 90 20
13 14 289 52
12 7 624 114
12 19 236 48
12 18 308 79
12 20 294 76
12 1 125 28
11 26 99 25
11 16 71 20
11 5 227 61
11 9 44 11
10 8 148 30
10 17 239 53
10 30 193 53
10 2 187 50
10 3 286 60
10 26 148 26
10 16 115 38
9 26 119 27
9 5 239 62
9 11 37 8
9 29 120 34
9 3 187 50
8 17 114 35
8 13 157 51
8 10 131 43
8 30 88 27
7 3 427 124
7 29 448 110
7 22 477 94
7 12 522 112
7 1 388 90
6 28 27 7
6 22 145 31
6 20 92 19
5 2 104 23
5 14 288 70
5 23 319 76
5 21 318 93
5 29 292 69
5 16 137 39
5 11 234 42
5 9 198 64
4 25 145 36
4 18 141 35
3 17 358 85
3 10 311 60
3 26 193 54
3 7 403 117
3 29 289 70
3 9 220 54
2 13 91 27
2 30 154 28
2 10 181 52
2 16 200 36
2 5 83 19
2 14 295 64
1 22 300 58
1 7 475 109
1 20 303 91
1 12 135 37
