nnodes narcs source target drone_limit type
50 276 26 21 13 drone_routing_pli_project1
nodename posx posy
50 920.574 3.40011
49 121.3 117.664
48 228.58 984.55
47 104.79 67.3954
46 455.309 210.132
45 431.035 813.444
44 311.024 850.63
43 393.687 207.332
42 653.518 32.2673
41 568.537 120.65
40 99.8224 184.451
39 481.517 535.211
38 451.108 725.892
37 39.8762 528.416
36 112.917 796.155
35 161.674 943.032
34 237.152 456.745
33 262.222 730.469
32 1.2558 58.3692
31 616.942 663.315
30 302.097 885.499
29 513.893 936.681
28 252.313 442.23
27 103.227 463.561
26 597.471 890.237
25 934.435 746.014
24 442.228 855.491
23 6.47672 635
22 198.543 609.662
21 323.826 125.034
20 211.685 138.647
19 207.937 347.634
18 139.709 827.551
17 135.458 896.491
16 465.894 21.2827
15 510.284 538.285
14 914.442 24.5556
13 296.743 721.587
12 467.928 755.911
11 788.292 311.839
10 897.465 197.942
9 324.264 857.388
8 507.414 530.33
7 532.589 868.111
6 256.372 792.962
5 627.09 987.452
4 682.985 612.102
3 553.675 217.735
2 573.263 801.507
1 912.433 159.083
tail head car_cost drone_cost
50 25 799 221
50 1 164 35
50 14 22 6
50 16 542 128
50 42 231 67
49 20 93 25
49 40 58 21
49 47 60 15
49 32 161 31
48 5 406 89
48 29 306 77
48 30 127 37
48 35 88 21
47 16 432 86
47 21 265 47
47 20 152 36
47 32 97 25
47 49 44 16
46 3 105 21
46 8 379 82
46 41 147 37
46 16 161 41
46 39 338 78
46 43 57 14
45 7 101 31
45 12 77 20
45 38 91 24
45 9 124 33
45 24 47 12
45 13 132 41
45 44 109 30
44 9 15 5
44 45 150 28
44 30 35 11
44 13 138 28
44 6 93 17
43 16 187 60
43 39 343 75
43 46 57 18
43 28 289 69
43 19 241 64
43 21 103 28
43 20 165 52
42 14 237 58
42 50 290 64
42 1 344 70
42 10 279 68
42 16 218 56
42 41 105 29
42 11 288 74
41 11 274 81
41 42 139 29
41 3 112 21
41 16 165 42
41 46 161 34
40 19 177 57
40 20 133 26
40 49 71 17
40 27 305 65
40 32 179 36
40 37 374 103
39 15 29 9
39 8 22 7
39 38 197 54
39 13 274 69
39 46 350 95
39 43 309 80
39 22 274 67
39 34 264 69
39 28 250 54
38 31 213 45
38 15 219 58
38 39 211 41
38 12 41 10
38 13 159 39
38 45 74 25
37 22 168 51
37 27 88 23
37 40 330 79
37 32 422 140
37 23 107 34
36 6 127 42
36 33 182 39
36 18 35 12
36 17 116 29
36 22 210 47
36 23 197 47
35 48 75 23
35 17 62 14
35 30 178 37
34 39 217 77
34 28 22 6
34 22 167 35
34 19 121 32
34 27 125 32
33 13 35 11
33 6 54 14
33 22 141 29
33 36 145 45
32 16 481 107
32 47 88 29
32 49 124 34
32 40 133 42
32 37 476 132
32 23 577 158
31 25 351 97
31 4 85 23
31 2 168 39
31 12 161 37
31 15 189 40
31 38 166 47
30 29 240 58
30 24 150 31
30 9 43 8
30 44 34 10
30 48 136 37
30 35 155 38
30 6 122 23
30 17 200 49
29 5 106 33
29 26 113 22
29 7 77 17
29 48 332 82
29 24 114 27
29 30 213 65
28 43 282 78
28 19 101 26
28 34 25 5
28 39 288 52
27 34 153 34
27 19 162 33
27 22 149 46
27 40 267 60
27 37 106 25
26 25 366 98
26 5 114 29
26 29 88 21
26 2 102 28
26 7 63 17
25 5 446 92
25 50 814 216
25 1 578 163
25 11 541 104
25 10 567 126
25 26 363 86
25 2 338 86
25 31 290 81
25 4 320 58
24 7 79 20
24 29 111 22
24 30 161 34
24 9 116 27
24 45 46 10
23 17 238 76
23 36 228 43
23 22 223 41
23 37 102 33
23 32 471 165
22 13 166 36
22 39 327 74
22 34 128 46
22 33 134 41
22 36 212 58
22 23 231 51
22 27 151 43
22 37 171 37
21 16 196 39
21 47 218 62
21 20 91 25
21 43 111 28
20 21 98 28
20 43 188 53
20 19 175 61
20 47 119 30
20 49 77 24
20 40 114 33
19 43 213 51
19 28 104 28
19 20 201 50
19 34 98 31
19 40 201 42
19 27 180 44
18 6 124 25
18 36 41 11
18 17 76 16
17 35 53 12
17 30 197 48
17 6 151 35
17 18 72 19
17 36 119 30
17 23 279 74
16 50 478 128
16 42 188 50
16 41 166 42
16 46 202 54
16 32 411 119
16 47 403 87
16 21 184 36
16 43 224 49
15 4 194 42
15 31 170 36
15 38 219 41
15 39 35 9
15 8 10 2
14 50 22 5
14 42 235 57
14 1 147 33
13 38 152 46
13 39 300 68
13 45 146 39
13 44 106 33
13 6 92 18
13 22 146 41
13 33 43 11
12 2 136 25
12 31 184 37
12 7 118 36
12 38 39 9
12 45 58 16
11 25 432 114
11 10 157 40
11 4 286 94
11 41 296 73
11 42 298 79
11 3 273 72
11 8 295 101
10 1 50 10
10 42 333 67
10 11 178 39
10 25 548 118
9 24 137 28
9 45 123 28
9 44 17 5
9 30 30 11
8 4 219 58
8 11 356 99
8 3 350 83
8 46 370 71
8 39 29 7
8 15 9 2
7 26 71 18
7 2 75 22
7 29 75 21
7 24 83 27
7 12 132 35
7 45 106 24
6 44 87 21
6 13 72 20
6 33 75 13
6 30 91 28
6 36 157 30
6 18 124 34
6 17 136 36
5 25 341 80
5 48 448 106
5 26 97 30
5 29 104 35
4 11 291 78
4 31 100 25
4 25 328 74
4 8 231 50
4 15 185 38
3 41 82 29
3 11 219 73
3 46 85 28
3 8 361 73
2 25 420 91
2 31 149 37
2 26 100 22
2 12 122 28
2 7 94 23
1 50 175 41
1 14 146 28
1 25 532 141
1 42 261 69
1 10 41 12
