nnodes narcs source target drone_limit type
10 42 1 7 323 drone_routing_pli_project1
nodename posx posy
10 806.502 140.473
9 584.649 216.588
8 950.854 153.56
7 132.554 64.1665
6 351.209 573.345
5 750.497 366.274
4 187.59 990.434
3 565.489 1.76691
2 834.817 335.986
1 41.6303 454.492
tail head car_cost drone_cost
10 8 153 33
10 2 159 51
10 5 273 55
10 3 322 73
10 9 225 69
9 10 253 53
9 5 265 45
9 6 360 123
9 3 183 60
9 7 439 127
8 2 210 55
8 3 384 101
8 10 155 40
7 3 486 124
7 9 443 143
7 6 594 120
7 1 462 109
6 5 428 116
6 9 423 97
6 4 527 102
6 7 564 147
6 1 341 84
5 2 79 19
5 10 213 63
5 4 928 225
5 9 233 54
5 6 452 115
4 2 979 271
4 5 739 218
4 6 374 116
4 1 504 165
3 8 370 117
3 10 261 72
3 7 516 116
3 9 251 52
2 8 194 54
2 4 1073 215
2 10 224 46
2 5 106 24
1 4 664 133
1 6 292 85
1 7 475 107
