nnodes narcs source target drone_limit type
100 574 9 90 613 drone_routing_pli_project1
nodename posx posy
100 429.17 405.754
99 863.119 256.123
98 843.519 323.532
97 963.518 959.297
96 911.651 828.554
95 382.475 980.113
94 995.418 9.09602
93 352.695 193.524
92 17.5433 211.07
91 577.203 252.915
90 171.831 344.487
89 193.331 237.211
88 8.20709 43.1846
87 115.672 552.692
86 53.0936 716.827
85 163.482 757.988
84 896.785 948.899
83 722.41 578.669
82 871.75 288.267
81 893.899 645.577
80 165.557 357.389
79 496.731 929.691
78 362.742 319.387
77 174.553 441.056
76 941.605 180.163
75 673.198 230.063
74 411.702 581.322
73 946.406 780.053
72 359.637 704.729
71 664.319 449.467
70 265.455 559.706
69 393.969 132.293
68 197.271 267.739
67 824.554 914.733
66 322.143 365.439
65 974.654 355.29
64 68.2696 591.852
63 67.0604 480.95
62 15.4944 947.953
61 335.214 534.088
60 503.157 960.605
59 250.757 517.912
58 148.521 356.072
57 773.574 251.785
56 134.363 664.363
55 135.153 775.077
54 216.562 409.694
53 206.096 827.189
52 934.46 377.962
51 674.033 814.243
50 787.853 232.487
49 495.837 166.31
48 31.2712 326.957
47 486.474 543.821
46 881.918 651.403
45 486.633 703.48
44 42.5706 264.401
43 504.788 452.112
42 501.872 493.281
41 170.811 455.757
40 135.784 413.903
39 53.8838 419.17
38 36.3018 301.909
37 95.1354 480.862
36 124.553 637.224
35 965.165 487.856
34 149.719 960.906
33 380.069 14.2555
32 864.217 155.977
31 770.459 694.387
30 27.6361 138.377
29 591.696 265.061
28 2.20799 197.019
27 557.628 997.166
26 433.149 368.76
25 163.674 273.388
24 777.064 939.94
23 699.359 499.908
22 966.475 955.418
21 118.319 373.219
20 41.187 122.557
19 390.299 541.058
18 197.212 714.46
17 481.455 665.364
16 7.69238 606.643
15 745.059 816.21
14 961.165 885.922
13 24.9005 484.107
12 390.627 121.135
11 120.76 513.731
10 79.3911 312.879
9 803.492 138.988
8 620.534 283.871
7 332.658 476
6 66.6987 232.196
5 380.276 229.809
4 673.776 855.438
3 530.047 649.67
2 50.1539 732.548
1 654.037 568.264
tail head car_cost drone_cost
100 43 89 104
100 26 34 37
100 42 100 109
100 19 146 118
100 66 95 117
100 7 137 120
99 76 104 101
99 32 116 119
99 82 28 28
99 98 71 58
99 57 98 74
99 50 81 67
98 99 71 70
98 82 48 42
98 52 115 118
98 23 262 268
98 57 106 94
98 71 187 259
97 22 5 6
97 84 64 56
97 27 365 436
96 14 84 84
96 73 61 55
96 84 145 138
96 67 102 139
96 31 194 180
96 15 143 164
95 27 157 207
95 60 106 145
95 79 150 140
95 34 237 275
95 72 317 328
95 53 214 190
94 22 881 1131
94 65 282 344
94 76 212 203
94 32 197 233
94 33 561 591
94 9 236 233
93 69 78 76
93 5 55 45
93 12 95 67
93 78 103 103
93 89 178 190
93 68 203 159
92 44 49 61
92 6 62 59
92 30 77 65
92 28 24 21
92 38 80 90
91 75 101 110
91 29 23 17
91 26 177 167
91 49 135 141
91 5 191 227
90 66 181 171
90 68 91 95
90 54 73 91
90 80 14 18
90 25 60 83
90 58 32 24
89 12 243 246
89 33 238 256
89 93 162 180
89 68 30 35
89 25 53 48
89 20 163 167
89 6 114 118
88 33 423 306
88 20 96 87
88 28 171 174
88 30 117 111
87 70 177 175
87 59 167 121
87 11 44 43
87 36 70 83
87 63 92 76
87 64 58 74
86 55 90 83
86 56 102 84
86 36 86 111
86 64 149 144
86 16 123 124
86 2 18 16
85 18 48 50
85 53 94 69
85 56 106 96
85 55 34 35
84 97 71 73
84 22 66 76
84 14 89 89
84 96 101 101
84 27 301 403
84 67 66 77
84 24 131 144
83 35 274 224
83 81 186 182
83 46 150 186
83 31 128 108
83 23 97 78
83 1 66 59
82 65 140 119
82 76 148 121
82 99 33 29
82 98 48 51
82 52 113 129
81 35 171 188
81 73 173 148
81 83 154 151
81 46 12 14
80 54 75 78
80 90 15 16
80 58 20 17
80 40 74 53
80 77 74 91
79 4 226 175
79 27 96 104
79 51 198 230
79 60 32 34
79 95 107 129
79 45 238 184
79 72 312 277
78 5 90 99
78 26 97 77
78 66 65 67
78 93 148 139
78 68 175 157
77 54 51 55
77 41 17 14
77 40 47 43
77 80 71 79
76 94 181 173
76 65 152 161
76 82 114 118
76 32 90 85
76 99 119 128
75 50 115 133
75 9 163 174
75 57 85 120
75 8 84 65
75 29 82 84
75 49 168 167
75 91 98 81
74 47 94 81
74 17 130 117
74 72 125 134
74 19 50 45
74 61 81 103
73 35 254 242
73 14 87 124
73 96 70 65
73 81 161 168
73 46 143 163
73 31 172 224
72 79 299 303
72 45 132 124
72 17 127 143
72 74 149 159
72 95 324 253
72 53 175 208
72 18 164 179
72 70 152 194
72 61 167 183
71 98 178 204
71 23 60 58
71 57 266 244
71 1 129 99
71 42 191 172
71 8 174 177
71 43 131 138
70 72 141 187
70 61 60 69
70 18 180 139
70 36 174 170
70 56 140 201
70 59 50 38
70 87 172 164
69 49 117 101
69 5 105 112
69 12 13 10
69 93 79 78
68 78 201 162
68 93 196 154
68 66 147 163
68 90 97 80
68 89 31 30
68 25 40 30
67 84 80 78
67 96 120 142
67 15 123 108
67 24 44 53
66 100 120 116
66 26 119 109
66 78 54 58
66 7 94 114
66 54 131 102
66 90 153 127
66 68 185 155
65 94 353 390
65 22 538 640
65 35 152 144
65 52 48 52
65 76 213 143
65 82 111 140
64 87 67 68
64 16 73 52
64 86 124 114
64 36 76 77
64 13 105 96
64 63 107 127
63 87 91 89
63 11 60 51
63 37 31 26
63 39 53 57
63 13 35 49
63 64 107 118
62 34 117 144
62 55 223 242
62 2 243 227
62 16 340 316
61 74 93 93
61 19 65 60
61 59 92 76
61 7 63 54
61 70 78 80
61 72 187 199
60 27 60 55
60 79 35 34
60 95 120 115
59 61 80 95
59 7 91 97
59 54 106 113
59 70 39 41
59 87 152 118
59 41 100 88
59 11 148 107
58 90 28 22
58 25 69 80
58 40 66 65
58 80 14 19
58 10 69 93
58 21 31 37
57 99 86 103
57 50 21 29
57 98 87 91
57 71 187 245
57 75 97 108
57 8 164 184
56 18 78 78
56 70 197 178
56 85 116 97
56 55 92 99
56 86 80 110
56 36 28 28
55 53 83 76
55 34 157 203
55 85 38 35
55 62 190 246
55 2 87 80
55 86 93 114
55 56 106 126
54 7 141 139
54 66 129 104
54 59 97 113
54 77 57 62
54 41 73 70
54 90 64 75
54 80 60 74
53 95 252 244
53 72 213 224
53 34 141 153
53 18 128 101
53 85 90 75
53 55 103 93
52 65 44 38
52 82 106 93
52 35 93 134
52 23 248 224
52 98 93 88
51 15 75 75
51 31 183 141
51 4 41 35
51 79 241 207
51 3 250 221
51 45 200 248
50 32 119 100
50 9 104 101
50 75 99 123
50 57 29 24
50 99 90 79
49 75 201 202
49 9 270 314
49 91 139 142
49 69 116 109
49 5 121 153
49 33 169 182
49 12 98 130
48 21 116 102
48 39 94 113
48 10 48 48
48 38 29 25
48 28 159 142
48 13 153 145
47 3 133 126
47 42 49 43
47 1 144 200
47 17 146 144
47 19 84 87
47 74 84 101
46 81 16 16
46 83 163 150
46 31 97 116
46 73 154 116
45 51 176 188
45 3 76 68
45 79 246 188
45 17 36 31
45 72 145 109
44 92 69 56
44 38 34 44
44 10 55 61
44 6 40 36
43 71 152 191
43 8 184 233
43 29 235 245
43 42 35 40
43 26 100 128
43 100 107 80
42 71 146 192
42 43 40 35
42 47 50 55
42 1 156 196
42 100 123 113
42 19 124 101
41 54 58 73
41 77 13 14
41 11 71 87
41 59 97 91
41 40 64 65
41 37 92 87
40 58 51 61
40 77 54 40
40 80 75 76
40 41 64 63
40 37 91 68
40 21 48 39
40 39 68 79
39 40 95 93
39 37 73 69
39 21 80 94
39 63 67 58
39 48 92 94
39 13 68 67
38 44 43 39
38 48 25 22
38 10 44 41
38 92 76 83
38 28 130 113
37 41 79 92
37 40 67 92
37 11 49 35
37 39 63 79
37 63 34 33
36 70 193 189
36 56 26 26
36 87 74 80
36 86 111 90
36 64 70 86
35 65 140 144
35 22 474 390
35 14 445 325
35 73 287 329
35 81 185 187
35 83 259 267
35 52 126 133
35 23 224 305
34 27 446 367
34 95 222 192
34 53 150 149
34 55 187 199
34 62 111 156
33 94 632 722
33 9 520 523
33 49 182 195
33 12 121 107
33 89 260 302
33 88 319 358
33 20 293 312
32 94 208 229
32 76 79 78
32 99 116 117
32 50 97 120
32 9 74 57
31 96 184 160
31 46 105 100
31 73 198 168
31 15 133 144
31 51 143 159
31 83 139 120
31 1 189 205
31 3 257 282
30 6 93 116
30 20 24 25
30 92 61 64
30 88 100 85
30 28 57 67
29 75 99 77
29 91 20 19
29 26 194 220
29 43 235 190
29 8 33 40
28 48 129 132
28 16 459 449
28 13 253 281
28 92 25 24
28 38 115 93
28 88 148 150
28 30 52 77
27 97 471 461
27 84 337 341
27 24 232 261
27 4 169 208
27 34 468 342
27 95 200 179
27 79 109 104
27 60 77 75
26 29 213 163
26 91 162 222
26 43 115 123
26 100 33 30
26 5 121 154
26 66 110 102
26 78 89 85
25 68 28 36
25 89 40 40
25 90 69 76
25 58 77 83
25 6 97 91
25 10 105 79
24 84 127 133
24 67 57 55
24 27 242 261
24 15 120 126
24 4 109 132
23 35 316 306
23 52 256 256
23 98 191 190
23 83 87 95
23 71 67 56
23 1 92 95
22 94 1003 1071
22 65 650 581
22 97 4 6
22 35 375 436
22 14 70 61
22 84 73 71
21 58 39 29
21 40 42 36
21 39 68 95
21 48 85 93
21 10 84 65
20 33 419 351
20 89 179 172
20 88 88 96
20 30 19 17
20 6 96 107
19 47 115 86
19 42 143 106
19 100 136 165
19 74 41 54
19 7 93 85
19 61 54 59
18 72 142 134
18 70 202 194
18 53 132 133
18 56 88 90
18 85 46 57
17 3 61 62
17 47 100 116
17 45 45 34
17 74 131 112
17 72 118 121
16 64 71 56
16 86 129 134
16 2 146 126
16 62 335 408
16 28 371 453
16 13 136 148
15 96 160 167
15 67 123 103
15 31 140 112
15 24 116 105
15 51 85 61
15 4 95 68
14 22 63 73
14 35 440 349
14 84 106 97
14 73 126 119
14 96 81 76
13 39 79 66
13 48 150 153
13 64 96 129
13 63 39 37
13 28 263 322
13 16 122 138
12 49 125 118
12 69 14 10
12 93 70 76
12 33 115 87
12 89 218 211
11 41 83 71
11 59 126 152
11 87 32 39
11 37 39 36
11 63 72 62
10 58 80 77
10 25 104 83
10 21 82 86
10 6 98 79
10 44 69 71
10 48 60 48
10 38 37 52
9 94 251 251
9 50 85 114
9 32 54 65
9 75 162 140
9 33 380 504
9 49 276 279
8 57 153 135
8 75 82 78
8 71 192 203
8 43 206 194
8 29 30 41
7 19 94 73
7 100 109 99
7 61 62 67
7 59 88 107
7 66 133 126
7 54 144 149
6 25 87 113
6 89 134 148
6 92 48 55
6 10 94 84
6 44 35 34
6 30 106 121
6 20 134 104
5 91 176 161
5 49 140 126
5 69 89 99
5 26 164 131
5 93 53 40
5 78 97 103
4 24 160 154
4 15 73 85
4 51 40 45
4 79 225 173
4 27 185 199
3 31 222 271
3 1 161 163
3 51 194 202
3 45 74 67
3 47 105 129
3 17 43 43
2 55 92 98
2 86 16 17
2 16 146 148
2 62 244 193
1 83 62 65
1 23 69 94
1 71 130 122
1 31 180 148
1 3 143 164
1 42 165 189
1 47 188 165
