nnodes narcs source target drone_limit type
10 42 8 5 713 drone_routing_pli_project1
nodename posx posy
10 988.428 255.41
9 63.8778 498.188
8 63.9737 907.1
7 932.623 672.055
6 161.535 12.5789
5 503.683 608.631
4 178.38 233.77
3 541.861 433.702
2 311.708 267.028
1 783.235 863.673
tail head car_cost drone_cost
10 7 497 406
10 3 564 566
10 6 918 725
10 2 796 665
9 8 430 357
9 5 406 511
9 2 313 377
9 6 430 550
9 4 265 340
8 1 613 759
8 5 473 585
8 9 341 456
7 10 396 432
7 1 206 282
7 3 467 460
7 5 437 457
6 10 804 769
6 2 252 275
6 9 506 516
6 4 237 223
5 1 408 406
5 7 422 453
5 3 167 170
5 8 467 470
5 2 402 348
5 9 475 403
4 2 142 138
4 6 200 224
4 9 320 286
3 10 408 539
3 7 526 419
3 2 237 258
3 5 176 203
2 3 305 234
2 10 802 612
2 5 419 460
2 6 272 332
2 4 145 146
2 9 313 359
1 7 278 255
1 5 331 362
1 8 657 808
