nnodes narcs source target drone_limit type
10 44 6 1 337 drone_routing_pli_project1
nodename posx posy
10 897.465 197.942
9 324.264 857.388
8 507.414 530.33
7 532.589 868.111
6 256.372 792.962
5 627.09 987.452
4 682.985 612.102
3 553.675 217.735
2 573.263 801.507
1 912.433 159.083
tail head car_cost drone_cost
10 1 47 39
10 5 824 920
10 3 317 375
10 4 544 378
9 5 331 335
9 7 206 169
9 2 218 296
9 8 321 424
9 6 83 88
8 4 172 166
8 3 294 269
8 2 246 292
8 6 292 383
8 9 367 429
7 5 179 168
7 2 82 91
7 9 176 206
6 3 584 633
6 8 366 427
6 9 87 109
5 1 918 934
5 10 669 688
5 4 344 415
5 9 295 324
5 2 168 228
5 7 129 171
4 10 381 472
4 5 373 414
4 2 218 222
4 3 349 363
4 8 199 165
3 1 386 296
3 10 330 305
3 4 384 474
3 6 630 729
3 8 311 280
2 5 163 161
2 4 196 262
2 7 67 67
2 8 327 224
2 9 275 303
1 5 918 781
1 3 356 378
1 10 50 47
