nnodes narcs source target drone_limit type
50 278 5 48 177 drone_routing_pli_project1
nodename posx posy
50 854.214 617.943
49 308.569 641.987
48 629.926 655.753
47 295.632 805.608
46 668.613 930.768
45 958.834 258.462
44 676.797 57.5151
43 449.237 829.722
42 77.6951 262.774
41 869.674 288.204
40 117.803 799.177
39 767.7 477.191
38 243.705 513.901
37 567.506 504.639
36 618.735 216.69
35 563.419 215.444
34 193.435 208.825
33 321.145 372.362
32 432.736 607.173
31 693.701 678.851
30 664.867 511.938
29 552.795 600.871
28 127.261 319.624
27 330.428 230.363
26 515.31 629.498
25 549.054 509.701
24 109.646 897.715
23 352.918 567.454
22 82.5088 782.54
21 221.073 749.126
20 126.436 630.602
19 299.118 944.346
18 168.46 771.005
17 308.456 780.927
16 236.793 813.963
15 627.672 177.248
14 937.804 455.239
13 660.822 102.847
12 929.278 938.523
11 954.526 412.785
10 988.428 255.41
9 63.8778 498.188
8 63.9737 907.1
7 932.623 672.055
6 161.535 12.5789
5 503.683 608.631
4 178.38 233.77
3 541.861 433.702
2 311.708 267.028
1 783.235 863.673
tail head car_cost drone_cost
50 7 84 23
50 14 167 52
50 1 239 57
50 39 172 44
50 31 182 37
49 32 120 28
49 23 101 23
49 17 138 36
49 21 118 40
49 38 117 38
49 20 218 48
48 46 311 83
48 31 66 15
48 30 120 44
48 43 296 69
48 29 100 20
48 26 98 25
47 43 133 33
47 17 28 6
47 19 144 36
47 21 98 29
47 16 66 15
46 12 289 55
46 1 125 38
46 31 297 74
46 19 425 95
46 48 261 70
46 43 195 63
45 10 25 9
45 11 130 38
45 44 281 104
45 41 99 25
44 10 348 107
44 45 296 83
44 41 350 74
44 13 48 12
44 6 462 118
44 27 429 102
43 46 218 51
43 48 292 74
43 26 218 53
43 19 204 55
43 32 200 54
43 17 128 39
43 47 127 34
42 4 103 28
42 6 229 57
42 34 147 34
42 9 236 55
42 28 72 18
41 45 110 27
41 11 124 44
41 14 182 50
41 39 235 54
41 44 292 89
41 36 268 58
41 13 286 76
41 15 234 58
40 16 140 32
40 18 50 16
40 24 107 25
40 22 32 8
40 8 134 31
39 14 143 35
39 41 186 58
39 50 151 49
39 31 211 61
39 30 97 23
39 36 306 70
39 3 224 60
38 23 128 32
38 33 147 46
38 49 152 32
38 20 198 38
38 28 211 60
38 9 201 55
37 30 88 21
37 29 91 27
37 3 84 20
37 25 17 5
36 41 309 78
36 15 42 12
36 39 245 82
36 35 49 16
36 3 269 61
35 15 83 16
35 13 150 41
35 36 63 15
35 3 238 56
35 27 212 58
35 33 295 64
34 27 152 34
34 4 34 8
34 2 115 31
34 6 209 47
34 42 140 30
33 3 275 57
33 35 241 77
33 27 171 37
33 23 187 57
33 38 150 37
33 2 90 31
33 28 220 59
32 25 163 36
32 5 70 17
32 26 97 25
32 43 194 63
32 17 178 60
32 23 82 19
32 49 128 28
31 1 178 61
31 50 151 46
31 39 200 47
31 46 273 62
31 30 194 47
31 48 76 16
30 39 124 31
30 31 142 39
30 48 143 45
30 29 169 37
30 3 138 30
30 37 111 21
29 30 138 41
29 37 90 28
29 48 99 23
29 26 44 13
29 25 93 26
29 5 43 11
28 33 167 42
28 2 211 46
28 4 112 24
28 38 230 51
28 42 75 22
28 9 217 49
27 13 331 87
27 44 439 95
27 35 234 54
27 33 122 33
27 2 41 9
27 6 286 70
27 34 117 38
26 48 107 29
26 29 40 10
26 43 196 50
26 5 25 7
26 32 85 20
25 37 19 6
25 29 91 26
25 5 103 29
25 32 167 41
25 3 64 21
25 23 176 59
24 19 215 55
24 16 137 44
24 40 91 25
24 8 51 12
23 25 194 58
23 3 187 51
23 32 87 20
23 49 85 22
23 38 112 34
23 33 200 47
22 18 77 19
22 40 46 12
22 20 138 41
22 9 304 76
22 8 136 32
21 17 89 21
21 47 103 28
21 49 158 29
21 16 78 15
21 20 133 41
21 18 64 16
20 49 150 42
20 21 143 40
20 38 142 45
20 18 141 33
20 9 173 39
20 22 131 37
19 12 711 188
19 46 345 101
19 43 204 50
19 8 223 63
19 24 221 56
19 47 125 41
19 16 122 44
18 21 62 14
18 16 96 24
18 40 66 14
18 20 166 37
18 22 99 22
17 32 250 54
17 49 139 33
17 43 140 40
17 21 105 26
17 47 31 6
16 19 130 42
16 47 58 15
16 24 152 35
16 21 62 18
16 18 73 20
16 40 109 30
15 35 82 18
15 36 40 13
15 41 230 67
15 13 96 23
14 11 39 12
14 7 184 54
14 50 212 54
14 41 198 37
14 39 190 37
13 44 48 12
13 41 272 75
13 15 82 22
13 27 310 80
13 35 166 36
12 10 681 165
12 7 246 67
12 19 710 152
12 1 145 47
12 46 235 68
11 45 163 33
11 10 167 45
11 41 124 39
11 14 53 14
11 7 253 65
10 12 802 205
10 44 334 104
10 45 33 7
10 11 132 35
10 7 467 105
9 38 200 52
9 20 165 37
9 22 307 77
9 8 394 112
9 42 236 50
9 28 215 55
8 19 254 67
8 24 39 13
8 40 98 26
8 22 141 38
8 9 408 107
7 10 443 114
7 11 283 69
7 14 201 57
7 12 221 71
7 50 100 28
7 1 248 59
6 44 570 151
6 27 245 74
6 42 295 77
6 34 165 56
5 29 41 11
5 25 97 27
5 32 79 16
5 26 26 8
4 34 33 8
4 2 135 28
4 42 89 27
4 28 106 23
3 30 163 30
3 39 268 47
3 37 73 16
3 36 195 48
3 35 185 62
3 25 66 23
3 33 231 48
3 23 242 51
2 27 37 13
2 33 88 25
2 34 121 30
2 28 218 51
2 4 148 36
1 12 163 39
1 7 236 50
1 50 212 73
1 31 177 47
1 46 143 39
