nnodes narcs source target drone_limit type
500 2964 366 185 1080 drone_routing_pli_project1
nodename posx posy
500 738.599 972.542
499 755.17 375.782
498 311.696 572.612
497 660.857 891.643
496 520.43 141.629
495 193.283 73.63
494 358.607 53.5402
493 902.13 225.443
492 233.597 773.065
491 886.43 918.245
490 431.816 386.742
489 639.793 900.063
488 56.1571 190.801
487 133.927 393.906
486 234.169 587.494
485 793.816 489.22
484 376.388 538.746
483 942.919 960.9
482 564.404 932.031
481 41.6667 891.807
480 499.379 655.799
479 581.158 554.42
478 372.108 47.484
477 721.679 235.377
476 100.634 862.372
475 749.941 907.823
474 492.854 572.112
473 659.011 699.913
472 448.491 802.425
471 791.865 36.8758
470 533.049 85.0071
469 616.427 696.669
468 398.644 962.551
467 571.666 97.6241
466 152.426 341.385
465 217.636 197.224
464 989.21 935.957
463 985.797 925.208
462 114.109 655.223
461 930.222 86.9786
460 133.758 914.229
459 467.541 874.453
458 938.07 545.419
457 28.15 215.186
456 422.399 273.534
455 359.34 115.289
454 803.305 504.835
453 380.638 330.208
452 397.478 474.479
451 622.624 286.996
450 497.423 963.462
449 434.665 324.036
448 870.618 816.121
447 47.8536 385.055
446 709.379 197.637
445 872.658 164.226
444 891.799 874.658
443 913.584 942.805
442 801.938 86.663
441 134.897 564.226
440 868.857 716.137
439 923.258 977.375
438 384.979 236.303
437 297.938 834.722
436 67.2232 200.03
435 222.072 795.308
434 539.122 75.5918
433 695.884 468.917
432 294.941 886.846
431 363.62 598.036
430 411.19 89.0293
429 160.538 843.814
428 996.913 227.95
427 257.19 890.842
426 118.852 370.648
425 839.546 967.401
424 245.057 849.598
423 381.432 981.159
422 461.378 179.618
421 228.352 468.235
420 217.464 845.685
419 898.771 353.048
418 836.727 138.96
417 322.292 9.28246
416 709.881 65.0233
415 747.322 424.409
414 12.2948 149.59
413 659.458 11.9724
412 16.7537 419.001
411 323.186 131.976
410 987.434 991.365
409 482.906 999.269
408 156.776 244.261
407 995.896 946.337
406 120.451 950.924
405 302.596 8.17419
404 899.349 732.566
403 423.412 295.248
402 971.105 653.062
401 782.926 382.415
400 373.517 386.329
399 450.45 968.19
398 931.688 578.026
397 120.995 835.185
396 209.928 373.301
395 285.06 888.614
394 685.607 521.534
393 913.73 969.654
392 179.029 537.721
391 653.251 672.553
390 841.94 497.5
389 938.779 461.548
388 145.189 677.751
387 730.094 643.245
386 747.766 295.328
385 294.561 843.485
384 856.591 520.327
383 838.121 441.137
382 477.151 84.3408
381 959.157 284.818
380 634.726 614.576
379 189.96 57.1223
378 336.465 107.297
377 35.6871 933.622
376 414.989 123.766
375 332.039 24.0899
374 910.308 623.121
373 753.622 279.027
372 821.323 223.254
371 419.832 627.84
370 700.611 845.889
369 690.945 602.488
368 33.0751 508.236
367 22.4701 343.142
366 783.573 682.775
365 671.378 915.654
364 121.142 480.094
363 815.716 264.193
362 624.914 598.074
361 373.856 830.368
360 293.206 813.963
359 277.156 80.9591
358 253.462 923.577
357 868.214 572.928
356 94.2833 712.649
355 346.1 153.869
354 396.469 397.515
353 61.5591 840.08
352 59.0305 223.347
351 953.073 459.023
350 927.061 644.899
349 404.04 398.33
348 606.167 933.62
347 359.9 614.611
346 65.0964 711.566
345 160.758 251.007
344 103.095 971.905
343 381.285 856.399
342 207.24 632.345
341 108.303 839.11
340 10.227 715.355
339 782.4 706.175
338 40.4129 350.696
337 659.915 102.324
336 839.733 54.0948
335 464.402 171.728
334 714.821 112.862
333 162.52 305.689
332 332.366 476.028
331 460.91 630.439
330 318.603 733.928
329 441.913 335.274
328 768.71 620.117
327 273.371 80.7822
326 705.695 876.413
325 599.109 682.773
324 687.656 298.586
323 671.868 196.997
322 881.857 693.891
321 581.38 574.338
320 485.091 309.794
319 780.313 591.942
318 650.829 872.805
317 165.78 653.028
316 409.741 653.577
315 51.0921 881.598
314 63.4541 255.081
313 700.935 297.126
312 360.799 19.6122
311 614.123 551.923
310 397.151 842.273
309 254.673 48.1632
308 623.419 646.938
307 458.91 254.75
306 921.437 68.9179
305 710.532 732.857
304 253.338 849.024
303 975.562 4.10425
302 577.278 788.416
301 845.478 692.258
300 240.868 663.834
299 541.887 807.858
298 913.875 439.196
297 504.154 79.2529
296 847.139 222.109
295 98.5437 551.8
294 186.042 352.057
293 661.745 452.186
292 611.987 529.654
291 2.86222 454.222
290 418.665 121.519
289 438.051 877.695
288 483.01 430.673
287 894.352 128.824
286 491.809 394.656
285 989.616 459.971
284 309.318 559.254
283 841.016 232.24
282 890.843 330.324
281 664.766 636.495
280 581.151 94.9015
279 665.495 829.676
278 700.532 349.835
277 858.186 721.924
276 778.021 115.529
275 73.6926 988.175
274 700.378 637.067
273 647.138 42.112
272 13.2038 287.637
271 25.916 701.712
270 40.5253 151.633
269 530.717 579.407
268 831.366 548.426
267 701.688 65.8119
266 943.419 693.188
265 426.527 348.166
264 28.8044 318.391
263 414.293 651.628
262 185.921 798.071
261 505.921 736.061
260 222.215 635.478
259 929.728 280.353
258 769.954 961.432
257 469.465 782.094
256 592.114 423.178
255 837.125 868.61
254 186.779 858.631
253 478.534 816.34
252 770.967 894.962
251 903.849 703.906
250 20.862 889.127
249 166.958 59.2817
248 233.788 856.266
247 728.339 416.487
246 323.822 484.231
245 958.402 670.213
244 780.417 392.762
243 477.413 39.8911
242 217.318 207.011
241 310.656 344.532
240 773.856 129.936
239 62.1332 897.234
238 555.752 728.303
237 497.288 888.852
236 718.026 914.051
235 767.455 613.729
234 195.524 287.201
233 120.104 250.695
232 520.979 398.346
231 105.771 338.176
230 477.134 237.551
229 722.627 246.167
228 396.038 620.863
227 513.102 257.137
226 929.73 743.902
225 645.306 714.316
224 803.563 231.595
223 449.049 705.217
222 954.805 621.01
221 627.444 31.0293
220 129.945 566.668
219 497.774 613.388
218 336.524 710.444
217 618.806 838.14
216 938.178 276.076
215 197.156 694.463
214 860.779 55.9591
213 815.663 485.021
212 605.739 689.026
211 546.88 640.874
210 103.345 476.245
209 81.518 40.3213
208 990.772 547.213
207 463.641 704.562
206 569.617 939.328
205 652.008 810.559
204 436.448 151.434
203 862.734 342.316
202 834.204 417.288
201 356.512 100.175
200 936.136 350.682
199 550.211 142.114
198 138.235 643.152
197 515.727 464.237
196 638.399 155.444
195 708.416 996.959
194 55.5646 403.714
193 194.985 940.319
192 71.0878 78.1984
191 450.075 462.498
190 336.106 682.699
189 607.363 700.228
188 507.694 594.143
187 702.28 423.111
186 875.369 118.123
185 168.623 235.045
184 786.858 373.977
183 561.555 598.451
182 943.843 855.836
181 7.77479 578.594
180 627.363 168.112
179 234.848 48.3515
178 338.165 968.166
177 632.593 184.776
176 56.1257 417.949
175 748.68 678.749
174 988.12 162.25
173 938.637 903.336
172 985.662 834.93
171 769.784 814.77
170 769.308 527.035
169 833.36 46.4337
168 240.19 321.831
167 135.488 189.328
166 830.897 561.11
165 423.638 805.051
164 435.978 713.331
163 40.6988 196.563
162 651.207 685.444
161 985.564 259.574
160 71.7392 884.148
159 270.746 979.2
158 280.926 875.757
157 799.593 933.008
156 978.828 813.111
155 405.47 857.345
154 824.587 948.681
153 392.171 258.134
152 918.683 200.289
151 549.812 763.495
150 145.511 404.022
149 776.685 471.517
148 596.4 211.865
147 869.823 724.508
146 57.7258 562.344
145 932.12 307.625
144 684.527 873.71
143 30.3579 25.9781
142 890.466 42.7735
141 997.062 445.416
140 620.116 549.668
139 541.879 507.987
138 276.642 400.335
137 489.669 957.623
136 950.744 824.351
135 28.6704 473.386
134 326.277 985.267
133 291.01 29.5243
132 861.69 962.764
131 529.386 940.757
130 999.205 798.727
129 149.689 949.4
128 216.624 940.39
127 133.25 443.931
126 488.4 299.913
125 79.9 826.909
124 988.131 827.395
123 541.363 268.415
122 766.13 769.078
121 233.091 668.536
120 342.064 69.404
119 522.427 922.3
118 129.694 949.047
117 625.163 330.807
116 871.188 934.83
115 705.87 765.201
114 611.829 274.797
113 496.634 482.36
112 548.767 95.0452
111 722.706 63.5192
110 492.933 56.2866
109 72.4757 35.0427
108 891.675 968.702
107 365.611 303.775
106 868.084 504.156
105 71.305 552.058
104 585.327 95.3173
103 194.574 377.996
102 281.386 481.091
101 490.402 907.791
100 429.17 405.754
99 863.119 256.123
98 843.519 323.532
97 963.518 959.297
96 911.651 828.554
95 382.475 980.113
94 995.418 9.09602
93 352.695 193.524
92 17.5433 211.07
91 577.203 252.915
90 171.831 344.487
89 193.331 237.211
88 8.20709 43.1846
87 115.672 552.692
86 53.0936 716.827
85 163.482 757.988
84 896.785 948.899
83 722.41 578.669
82 871.75 288.267
81 893.899 645.577
80 165.557 357.389
79 496.731 929.691
78 362.742 319.387
77 174.553 441.056
76 941.605 180.163
75 673.198 230.063
74 411.702 581.322
73 946.406 780.053
72 359.637 704.729
71 664.319 449.467
70 265.455 559.706
69 393.969 132.293
68 197.271 267.739
67 824.554 914.733
66 322.143 365.439
65 974.654 355.29
64 68.2696 591.852
63 67.0604 480.95
62 15.4944 947.953
61 335.214 534.088
60 503.157 960.605
59 250.757 517.912
58 148.521 356.072
57 773.574 251.785
56 134.363 664.363
55 135.153 775.077
54 216.562 409.694
53 206.096 827.189
52 934.46 377.962
51 674.033 814.243
50 787.853 232.487
49 495.837 166.31
48 31.2712 326.957
47 486.474 543.821
46 881.918 651.403
45 486.633 703.48
44 42.5706 264.401
43 504.788 452.112
42 501.872 493.281
41 170.811 455.757
40 135.784 413.903
39 53.8838 419.17
38 36.3018 301.909
37 95.1354 480.862
36 124.553 637.224
35 965.165 487.856
34 149.719 960.906
33 380.069 14.2555
32 864.217 155.977
31 770.459 694.387
30 27.6361 138.377
29 591.696 265.061
28 2.20799 197.019
27 557.628 997.166
26 433.149 368.76
25 163.674 273.388
24 777.064 939.94
23 699.359 499.908
22 966.475 955.418
21 118.319 373.219
20 41.187 122.557
19 390.299 541.058
18 197.212 714.46
17 481.455 665.364
16 7.69238 606.643
15 745.059 816.21
14 961.165 885.922
13 24.9005 484.107
12 390.627 121.135
11 120.76 513.731
10 79.3911 312.879
9 803.492 138.988
8 620.534 283.871
7 332.658 476
6 66.6987 232.196
5 380.276 229.809
4 673.776 855.438
3 530.047 649.67
2 50.1539 732.548
1 654.037 568.264
tail head car_cost drone_cost
500 258 35 39
500 24 46 58
500 475 73 78
500 236 52 54
500 195 40 34
499 401 26 30
499 184 36 28
499 244 31 30
499 415 51 58
499 386 92 75
499 278 57 69
499 247 47 49
498 347 72 71
498 431 51 57
498 61 55 52
498 190 118 95
498 300 111 113
498 486 64 95
498 284 16 16
498 70 48 48
497 144 31 35
497 318 20 25
497 489 26 19
497 365 30 27
496 112 65 62
496 470 68 66
496 199 34 26
496 49 31 42
496 297 68 73
496 382 64 58
495 179 40 51
495 327 80 74
495 465 130 124
495 167 106 134
495 249 26 26
495 379 17 18
494 312 31 34
494 201 43 41
494 478 17 13
494 375 42 44
494 120 25 24
493 216 67 72
493 152 29 30
493 259 50 61
493 99 59 58
493 445 66 66
493 296 47 46
492 330 99 108
492 121 113 95
492 435 29 29
492 360 77 82
492 262 59 53
492 85 59 80
492 18 56 65
491 443 37 32
491 173 57 55
491 444 50 37
491 84 31 27
491 116 20 27
491 255 61 66
491 67 73 56
490 349 36 30
490 100 18 18
490 286 62 68
490 26 17 15
489 318 25 28
489 365 42 32
489 497 27 20
489 217 64 77
489 348 43 56
488 167 85 78
488 270 41 45
488 436 13 12
488 163 20 19
487 80 57 57
487 150 17 18
487 58 34 42
487 426 33 34
487 40 17 20
487 21 31 23
487 194 95 81
486 498 73 75
486 70 47 38
486 59 78 81
486 300 85 73
486 260 49 60
486 392 68 83
486 342 58 63
485 213 22 23
485 454 18 15
485 149 28 23
485 170 41 37
484 452 81 59
484 19 17 12
484 431 55 64
484 7 85 67
484 61 49 45
483 97 25 23
483 410 58 54
483 22 27 23
483 439 25 25
483 173 48 64
483 443 32 31
483 393 28 34
482 348 42 47
482 217 118 112
482 206 11 8
482 131 31 34
482 119 46 35
482 299 120 117
482 237 87 74
481 239 21 25
481 315 12 14
481 250 20 18
481 377 48 42
480 3 31 30
480 45 55 44
480 17 23 25
480 219 51 41
480 331 53 54
479 311 40 32
479 292 33 46
479 321 22 22
479 269 51 68
479 139 52 63
478 33 35 31
478 430 50 66
478 312 27 28
478 201 54 48
478 494 17 16
477 57 61 65
477 50 67 63
477 446 35 47
477 229 12 10
477 75 45 41
476 429 66 72
476 397 33 40
476 341 30 28
476 460 66 69
476 160 30 39
476 353 48 53
476 125 37 42
475 24 49 44
475 252 21 21
475 500 69 79
475 326 65 50
475 236 29 27
474 188 29 26
474 269 35 39
474 219 46 37
474 331 77 58
474 74 87 93
474 47 35 34
473 175 82 96
473 274 72 82
473 305 72 55
473 391 29 31
473 162 15 19
473 225 22 22
472 253 30 31
472 257 31 29
472 459 68 84
472 165 21 21
472 289 73 78
471 142 95 104
471 303 205 208
471 169 48 38
471 442 46 48
471 413 113 154
471 111 81 76
470 297 31 26
470 496 56 64
470 112 19 21
470 434 13 11
469 162 34 43
469 391 38 40
469 308 56 53
469 212 12 14
469 189 11 10
469 225 34 36
468 399 61 46
468 289 98 83
468 155 123 104
468 95 24 20
468 343 113 127
468 178 57 72
467 199 52 42
467 434 33 41
467 112 20 20
467 280 11 11
467 104 15 14
466 231 40 55
466 90 16 18
466 333 33 31
466 58 13 16
466 80 23 23
465 93 144 111
465 411 129 104
465 327 125 154
465 242 9 12
465 185 52 55
465 167 88 86
465 495 135 144
464 407 12 11
464 463 13 10
464 22 33 32
463 407 28 28
463 464 11 12
463 22 43 31
463 172 75 104
463 14 39 47
463 173 55 51
462 198 22 25
462 36 20 20
462 56 24 26
462 356 59 73
462 346 65 61
462 64 83 74
462 271 119 85
461 174 77 77
461 303 102 84
461 94 113 94
461 76 89 94
461 287 62 66
461 306 22 17
461 186 55 70
460 193 61 72
460 254 85 87
460 129 32 42
460 429 77 90
460 118 35 30
460 406 45 32
460 476 57 64
460 160 65 76
460 239 74 62
459 237 28 38
459 253 53 69
459 101 39 45
459 472 85 70
459 289 33 31
458 35 69 72
458 389 91 75
458 398 30 37
458 208 55 45
458 357 81 80
458 384 101 70
458 106 90 87
457 352 30 26
457 163 19 21
457 92 11 10
457 44 46 57
456 307 49 34
456 438 59 56
456 153 30 41
456 403 24 21
455 12 38 36
455 69 37 44
455 355 40 36
455 201 16 14
455 411 35 36
455 378 29 26
454 390 38 43
454 213 24 21
454 268 51 55
454 170 43 33
454 485 21 15
453 449 52 46
453 403 45 60
453 265 59 52
453 400 65 55
453 107 31 28
453 78 24 17
453 66 58 70
452 100 75 76
452 349 84 86
452 191 50 58
452 19 59 72
452 354 68 86
452 7 69 54
452 484 69 61
451 324 75 78
451 75 88 81
451 117 40 42
451 8 4 4
450 60 8 7
450 137 10 11
450 409 46 42
449 320 43 57
449 329 11 14
449 265 29 25
449 403 34 29
449 453 58 60
448 73 72 90
448 96 38 45
448 226 83 78
448 404 83 81
448 444 63 61
448 255 74 63
448 147 107 99
448 171 99 98
448 122 115 96
448 277 102 94
447 21 70 65
447 231 79 63
447 194 19 21
447 412 39 55
447 367 57 51
447 338 40 37
446 50 92 87
446 240 92 102
446 334 81 73
446 477 36 44
446 323 37 31
446 75 46 51
445 152 47 55
445 76 75 69
445 287 37 41
445 32 14 14
445 493 72 64
445 296 58 70
444 182 51 53
444 96 55 50
444 173 54 56
444 491 40 41
444 448 54 59
444 255 47 63
443 483 29 41
443 173 39 45
443 393 25 27
443 491 38 39
443 84 17 17
442 186 72 73
442 418 67 73
442 169 54 57
442 336 60 56
442 471 44 50
442 111 74 81
442 276 31 31
442 9 46 46
441 392 51 43
441 342 83 96
441 220 6 7
441 198 84 87
441 11 60 61
441 87 20 22
440 404 30 34
440 251 43 33
440 322 23 24
440 301 39 29
440 277 11 10
440 147 9 9
439 410 75 71
439 483 26 22
439 195 224 239
439 393 11 12
439 108 38 35
439 425 91 93
438 307 91 68
438 422 78 97
438 456 52 59
438 153 26 23
438 107 74 79
438 5 9 8
437 361 82 87
437 360 20 25
437 385 11 11
436 167 66 81
436 233 63 65
436 6 34 35
436 352 28 25
436 488 17 14
436 163 22 24
435 304 59 57
435 360 86 78
435 492 25 29
435 424 65 53
435 262 42 34
435 53 41 36
434 280 54 52
434 221 88 91
434 467 37 45
434 297 30 36
434 243 85 82
434 110 50 46
434 112 25 22
434 470 11 10
433 149 83 80
433 415 67 65
433 247 64 73
433 187 46 41
433 23 35 28
433 293 40 40
433 71 38 39
432 343 90 87
432 178 79 97
432 385 52 40
432 158 18 21
432 395 12 10
432 358 51 53
431 228 38 40
431 484 60 65
431 74 58 56
431 19 63 59
431 347 18 15
431 498 68 62
431 61 84 68
430 243 78 70
430 382 58 56
430 290 37 35
430 376 39 42
430 12 36 32
430 33 74 83
430 201 60 56
430 478 61 52
429 53 58 42
429 262 43 54
429 254 33 30
429 460 79 75
429 55 71 64
429 397 48 35
429 476 68 55
428 130 485 684
428 94 225 246
428 174 54 56
428 161 37 37
428 141 221 194
428 76 87 78
428 152 81 80
427 395 31 26
427 158 34 30
427 358 38 34
427 128 55 75
427 248 38 46
427 424 38 48
427 304 39 43
426 58 38 28
426 487 26 31
426 231 34 35
426 21 3 3
425 439 89 74
425 108 44 60
425 132 24 20
425 195 147 139
425 154 26 23
425 258 78 73
424 427 44 44
424 304 8 8
424 248 16 15
424 420 28 24
424 435 70 57
424 53 37 41
423 409 113 99
423 399 67 58
423 95 2 2
423 178 41 47
423 134 66 51
422 230 69 70
422 49 36 42
422 335 9 8
422 307 76 74
422 438 83 89
422 204 43 36
422 5 89 79
421 102 56 53
421 138 69 81
421 59 48 53
421 392 83 90
421 41 63 57
421 54 71 72
421 77 53 53
420 424 33 31
420 248 16 20
420 53 21 21
420 254 34 34
419 52 36 49
419 200 33 31
419 298 88 74
419 202 97 87
419 282 28 28
419 203 32 40
418 186 36 43
418 32 30 31
418 372 91 93
418 442 64 69
418 9 40 39
417 413 370 352
417 33 58 50
417 312 45 35
417 375 17 18
417 133 43 43
417 405 24 17
416 111 13 15
416 413 76 80
416 267 9 9
416 334 43 47
415 244 51 46
415 499 44 44
415 149 54 51
415 247 19 19
415 433 81 68
414 30 22 17
414 163 59 49
414 270 34 27
414 88 118 113
414 28 50 45
413 303 311 362
413 471 137 116
413 111 79 94
413 416 64 80
413 221 40 31
413 405 422 299
413 273 31 34
413 267 70 81
413 243 209 192
413 417 346 392
413 33 232 274
412 39 39 43
412 194 46 44
412 447 43 38
412 367 68 81
412 291 38 38
412 135 51 48
411 455 45 37
411 378 34 26
411 355 27 36
411 93 63 56
411 465 120 103
411 359 58 64
411 327 59 58
410 407 54 43
410 195 283 268
410 439 68 65
410 22 37 34
410 97 43 41
410 483 46 44
409 195 203 268
409 27 85 68
409 60 45 48
409 450 34 43
409 137 35 39
409 275 368 481
409 134 136 158
409 399 47 38
409 423 107 103
408 185 14 15
408 345 7 7
408 167 48 60
408 233 36 33
407 130 129 143
407 410 38 41
407 464 15 11
407 22 36 34
407 463 28 27
407 124 105 124
407 172 132 129
406 118 9 8
406 34 31 35
406 460 43 44
406 239 72 74
406 344 25 30
405 303 764 785
405 413 387 303
405 309 65 52
405 133 29 20
405 417 17 21
405 179 91 64
405 379 115 135
405 143 277 260
405 109 213 252
404 251 27 26
404 226 28 27
404 448 81 82
404 147 32 29
404 440 35 39
403 320 70 65
403 126 68 67
403 307 58 53
403 449 36 25
403 453 62 50
403 107 55 51
403 456 26 18
403 153 40 47
402 208 102 120
402 245 20 22
402 130 156 146
402 350 45 42
402 222 35 41
401 499 27 30
401 244 11 10
401 202 71 59
401 184 10 9
400 265 78 73
400 453 51 62
400 66 55 50
400 7 110 91
400 354 31 30
399 79 60 55
399 137 42 46
399 409 40 41
399 101 73 74
399 423 58 57
399 95 79 80
399 289 91 109
399 468 42 48
398 208 62 74
398 458 35 37
398 222 45 42
398 357 57 70
398 374 59 54
397 55 50 67
397 429 41 45
397 125 50 37
397 341 15 14
397 476 35 36
396 138 72 81
396 168 64 50
396 294 27 29
396 54 36 42
396 103 16 14
395 432 9 10
395 358 42 38
395 158 15 16
395 427 33 32
394 170 72 99
394 23 28 23
394 83 69 78
394 1 51 55
394 293 83 77
394 292 61 84
394 140 63 72
393 483 35 30
393 439 14 13
393 108 25 22
393 443 24 31
393 84 26 24
392 59 82 85
392 486 80 70
392 421 80 69
392 342 82 101
392 441 43 54
392 41 80 89
392 11 63 75
391 274 66 55
391 281 42 35
391 473 23 29
391 162 13 15
391 308 45 46
391 469 44 52
390 106 33 23
390 384 31 32
390 383 53 48
390 268 54 59
390 213 31 24
390 454 39 33
389 35 36 35
389 351 17 15
389 458 72 81
389 298 28 35
389 106 95 81
388 18 75 76
388 215 48 62
388 317 38 28
388 85 96 99
388 356 56 65
388 56 20 20
387 328 53 38
387 235 44 52
387 175 33 33
387 274 32 26
387 369 64 52
387 83 64 57
386 98 86 90
386 184 99 93
386 363 75 86
386 373 15 16
386 499 87 86
386 278 78 59
386 313 40 42
385 343 89 77
385 361 67 78
385 437 10 11
385 432 36 47
385 158 34 36
385 360 33 25
385 304 44 41
384 458 100 92
384 106 20 19
384 357 54 65
384 268 36 35
384 390 29 29
383 298 77 89
383 106 58 62
383 390 48 51
383 213 52 53
383 202 21 28
383 149 82 79
382 496 79 86
382 243 48 48
382 297 29 27
382 110 38 37
382 49 90 82
382 204 69 85
382 430 77 54
382 290 82 74
381 161 30 43
381 65 76 85
381 216 22 25
381 145 38 33
380 369 64 50
380 1 46 55
380 362 20 18
380 308 32 37
380 281 45 33
379 179 53 39
379 405 103 146
379 109 132 99
379 249 27 23
379 495 18 20
378 201 21 19
378 120 46 38
378 455 28 25
378 359 75 59
378 411 30 32
377 275 64 67
377 344 72 70
377 239 52 45
377 481 50 41
377 250 39 40
377 62 27 26
376 290 5 4
376 430 33 35
376 12 22 29
376 204 35 31
376 69 22 24
375 312 26 30
375 494 44 47
375 120 56 40
375 417 15 20
375 133 40 34
374 222 39 48
374 398 51 56
374 350 26 33
374 357 69 62
374 81 31 27
373 386 15 16
373 363 62 55
373 57 30 32
373 229 42 46
373 313 53 61
372 296 28 26
372 32 67 86
372 418 71 75
372 283 23 22
372 363 40 38
372 224 21 22
372 50 38 33
372 9 77 88
371 331 40 46
371 263 22 28
371 316 29 32
371 74 46 47
371 228 28 29
370 15 48 50
370 326 27 30
370 144 27 34
370 4 32 28
370 51 37 39
370 279 33 37
369 387 61 55
369 83 35 39
369 281 47 49
369 274 33 41
369 1 55 51
369 380 52 60
368 105 51 54
368 63 51 47
368 13 26 24
368 146 68 48
368 181 87 63
367 447 50 42
367 264 23 22
367 338 23 19
367 48 20 16
367 412 88 64
367 291 131 121
367 272 49 66
366 301 61 62
366 339 20 29
366 31 16 17
366 328 69 74
366 175 36 36
365 236 48 40
365 326 45 43
365 144 39 45
365 195 104 88
365 348 79 64
365 489 38 32
365 497 31 22
364 41 62 49
364 127 37 31
364 11 38 36
364 210 19 17
364 37 30 29
363 82 63 63
363 99 43 43
363 283 39 43
363 372 43 46
363 98 56 75
363 50 43 35
363 224 38 40
363 386 72 61
363 373 52 71
363 57 53 49
362 1 49 47
362 380 23 18
362 308 44 51
362 140 42 48
362 311 54 41
362 183 54 68
362 321 50 52
361 310 30 27
361 165 65 58
361 343 28 29
361 330 93 119
361 360 68 94
361 437 66 89
361 385 87 94
360 361 80 98
360 330 90 69
360 437 25 21
360 385 26 30
360 304 51 54
360 435 65 72
360 492 84 66
359 120 65 56
359 378 78 58
359 133 59 59
359 309 38 45
359 411 73 74
359 327 4 5
358 178 109 87
358 432 50 55
358 395 41 41
358 159 66 51
358 427 33 34
358 128 42 34
357 398 60 54
357 374 54 57
357 81 72 81
357 458 74 85
357 268 49 51
357 384 45 49
357 166 45 47
357 46 95 67
356 85 90 79
356 388 72 59
356 56 51 60
356 462 52 65
356 55 66 81
356 2 57 47
356 346 35 34
355 69 56 54
355 455 49 45
355 411 38 37
355 93 46 46
354 26 46 56
354 349 7 8
354 265 51 66
354 452 65 67
354 400 25 27
354 7 103 106
353 476 49 53
353 125 21 25
353 160 40 42
353 315 43 50
353 250 57 71
353 2 113 106
353 340 159 159
352 6 14 11
352 436 26 27
352 163 33 34
352 457 35 32
352 44 36 48
352 314 29 30
351 285 37 44
351 141 38 45
351 389 17 14
351 35 37 37
351 52 71 79
351 298 44 43
350 402 43 49
350 245 38 44
350 222 36 30
350 374 23 29
350 81 36 32
350 266 57 58
350 251 75 70
349 490 32 28
349 100 24 24
349 452 78 63
349 26 35 41
349 354 9 9
348 195 121 99
348 365 62 62
348 489 50 54
348 217 91 78
348 27 92 76
348 482 39 43
348 206 34 36
347 431 14 17
347 316 68 54
347 228 35 39
347 190 70 82
347 498 69 75
346 462 67 65
346 356 27 25
346 271 35 42
346 86 16 11
346 2 29 27
345 185 18 21
345 68 48 36
345 89 38 37
345 408 10 8
345 25 23 19
345 233 41 40
344 34 44 39
344 406 28 32
344 275 32 31
344 239 84 79
344 377 90 70
343 155 28 22
343 310 20 21
343 468 115 117
343 178 129 140
343 432 94 76
343 361 24 23
343 385 102 90
342 486 48 59
342 121 40 40
342 260 13 16
342 215 52 64
342 317 38 46
342 392 82 117
342 441 105 111
342 198 81 65
341 397 15 16
341 125 32 36
341 476 24 28
340 353 124 118
340 2 41 51
340 271 18 24
340 250 151 163
340 62 273 231
340 16 100 117
340 291 290 219
339 366 26 22
339 277 75 77
339 301 63 72
339 122 74 55
339 31 18 15
339 305 84 79
338 231 71 69
338 10 51 60
338 447 32 39
338 367 17 18
338 48 30 30
337 267 53 49
337 273 55 72
337 104 82 83
337 334 48 50
337 196 67 57
336 214 21 24
336 186 77 62
336 169 9 9
336 442 59 50
335 204 41 30
335 422 10 9
335 49 29 37
334 111 50 48
334 276 61 68
334 240 59 56
334 446 84 87
334 323 97 85
334 267 51 42
334 416 56 57
334 337 63 54
334 196 96 96
333 234 42 33
333 25 30 38
333 466 41 40
333 90 39 44
333 231 68 55
333 233 62 70
333 10 96 96
332 7 1 1
332 246 14 11
332 138 101 112
332 102 51 53
331 480 53 47
331 219 40 37
331 474 63 78
331 17 47 40
331 74 60 73
331 371 50 36
331 263 55 49
330 165 148 128
330 190 58 48
330 72 46 56
330 218 28 25
330 361 96 93
330 360 84 68
330 492 83 84
330 121 93 126
330 300 124 100
329 26 32 38
329 449 11 16
329 265 23 22
329 286 72 90
329 320 57 52
328 46 137 95
328 301 112 124
328 319 29 30
328 366 58 58
328 175 64 53
328 387 52 41
328 235 7 7
327 465 136 144
327 309 41 31
327 411 67 72
327 359 4 5
327 179 47 45
327 495 86 69
326 475 46 55
326 252 71 66
326 15 77 63
326 236 42 42
326 365 43 49
326 370 27 30
326 144 19 26
325 308 49 44
325 189 21 23
325 212 10 8
325 238 55 72
325 3 73 65
325 211 78 69
324 313 12 14
324 229 54 64
324 278 46 49
324 75 60 64
324 117 67 84
324 451 61 75
323 334 93 92
323 446 35 41
323 196 50 64
323 75 32 40
323 177 35 46
322 81 47 51
322 46 41 49
322 251 26 29
322 301 38 43
322 440 30 29
321 311 42 35
321 479 20 24
321 269 60 52
321 183 28 31
321 362 46 48
320 232 106 85
320 123 71 74
320 126 9 12
320 403 71 71
320 449 60 51
320 286 91 82
320 329 46 44
319 46 140 111
319 166 56 66
319 328 35 35
319 235 23 23
319 170 54 69
319 83 57 68
318 144 36 40
318 4 34 35
318 497 23 19
318 279 45 55
318 217 39 54
318 489 26 27
317 342 50 53
317 215 49 46
317 388 38 38
317 198 34 27
317 56 32 39
316 371 26 33
316 164 72 65
316 263 5 5
316 190 77 70
316 72 62 86
316 347 63 58
316 228 40 42
315 160 23 24
315 353 39 42
315 239 19 18
315 250 31 28
315 481 15 12
314 233 51 50
314 6 23 23
314 352 28 27
314 44 23 27
314 10 63 56
313 386 39 39
313 373 66 65
313 229 56 66
313 324 16 16
313 278 47 43
312 33 19 17
312 478 36 26
312 494 29 33
312 417 45 38
312 375 29 31
311 140 6 8
311 321 38 34
311 362 45 55
311 479 39 36
311 292 24 22
310 165 54 45
310 155 19 16
310 361 32 27
310 343 21 21
309 133 36 35
309 405 66 70
309 359 44 39
309 179 21 21
309 327 32 32
308 391 47 46
308 362 50 45
308 281 43 44
308 380 30 41
308 469 57 60
308 212 51 43
308 325 52 49
308 211 63 90
308 183 71 87
307 422 73 65
307 227 60 65
307 230 24 23
307 126 59 44
307 438 91 68
307 456 45 40
307 403 62 64
306 303 74 87
306 461 21 19
306 142 35 35
306 214 52 57
306 186 72 67
305 339 78 79
305 31 64 71
305 175 63 57
305 115 38 27
305 122 60 76
305 473 62 71
305 225 59 60
304 385 39 50
304 158 42 32
304 360 63 59
304 435 75 67
304 424 9 8
304 427 34 48
303 306 76 94
303 142 101 112
303 405 630 725
303 461 98 88
303 94 18 19
303 413 272 305
303 471 223 157
302 205 86 90
302 225 102 116
302 189 83 81
302 217 71 62
302 238 59 77
302 151 34 38
302 299 41 38
301 322 40 41
301 440 32 31
301 46 60 54
301 366 69 51
301 328 121 112
301 277 34 33
301 339 54 60
300 190 79 93
300 498 107 108
300 330 110 89
300 121 10 9
300 486 82 85
300 260 34 28
299 217 78 96
299 302 45 47
299 151 40 44
299 482 139 115
299 237 79 77
299 253 70 70
299 257 78 81
298 351 39 47
298 52 56 70
298 389 33 33
298 106 69 86
298 383 89 68
298 419 93 89
298 202 84 82
297 470 25 32
297 434 30 43
297 496 65 61
297 382 31 31
297 110 23 21
296 493 48 54
296 445 63 75
296 32 57 66
296 99 46 35
296 372 30 22
296 283 13 14
295 11 52 48
295 220 36 30
295 87 19 18
295 105 29 27
295 64 54 42
294 396 28 37
294 168 52 50
294 234 70 79
294 90 20 15
294 103 31 24
294 80 21 26
293 23 53 53
293 433 35 37
293 71 5 4
293 394 63 85
293 292 90 78
293 256 91 65
292 394 73 82
292 293 108 90
292 140 20 22
292 311 20 23
292 479 41 35
292 139 63 69
292 256 121 111
291 62 442 405
291 135 33 28
291 412 43 46
291 367 106 94
291 340 218 248
291 13 43 43
291 28 256 250
291 272 182 171
291 181 135 121
291 16 129 181
290 382 62 80
290 430 29 32
290 204 33 37
290 376 4 4
289 101 51 50
289 399 106 81
289 459 31 28
289 472 67 85
289 468 96 109
289 165 71 76
289 155 33 43
288 232 43 51
288 286 36 37
288 43 27 31
288 191 47 38
288 100 56 71
287 461 52 55
287 186 23 25
287 76 59 78
287 32 48 48
287 445 42 39
286 232 29 29
286 288 41 33
286 100 65 76
286 320 79 93
286 329 90 85
286 26 54 63
286 490 70 62
285 141 16 15
285 351 34 33
285 35 34 32
285 208 84 90
284 61 33 35
284 59 67 59
284 102 73 77
284 498 11 14
284 70 50 45
283 296 11 13
283 99 28 34
283 372 23 20
283 363 48 48
282 145 44 53
282 200 47 57
282 98 41 49
282 82 50 38
282 419 28 22
282 203 32 27
281 369 35 42
281 274 36 33
281 391 36 39
281 308 49 37
281 380 35 40
280 221 66 70
280 434 50 50
280 467 9 10
280 104 5 4
279 370 32 44
279 51 16 15
279 4 32 29
279 318 46 50
279 205 22 22
279 217 56 55
278 499 52 52
278 247 75 64
278 386 80 60
278 313 55 44
278 187 62 66
278 324 50 50
278 117 78 89
277 147 12 14
277 440 11 14
277 122 89 104
277 448 101 90
277 301 36 36
277 339 80 92
276 240 16 17
276 9 39 32
276 442 39 43
276 111 67 72
276 334 72 69
275 409 450 481
275 134 245 264
275 159 220 175
275 34 69 66
275 344 30 36
275 377 59 66
275 62 72 75
274 387 33 26
274 175 75 56
274 473 72 78
274 369 41 32
274 391 48 53
274 281 36 34
273 267 49 60
273 413 33 38
273 337 51 64
273 221 26 25
273 104 97 82
272 38 26 30
272 264 31 36
272 44 32 43
272 92 81 70
272 367 55 66
272 28 103 90
272 291 158 178
271 462 117 109
271 346 49 39
271 86 35 37
271 64 98 136
271 2 41 45
271 16 84 84
271 340 23 25
270 167 86 106
270 488 38 46
270 20 34 29
270 30 21 22
270 163 37 40
270 414 31 29
269 321 56 45
269 479 62 49
269 139 62 81
269 183 32 37
269 188 25 30
269 47 50 58
269 474 47 42
268 357 43 38
268 384 42 35
268 166 13 11
268 390 60 49
268 170 70 72
268 454 61 48
267 334 49 58
267 416 9 8
267 337 67 54
267 273 67 51
267 413 58 81
266 245 29 24
266 130 131 98
266 226 45 46
266 350 46 50
266 251 39 43
265 329 20 22
265 449 26 21
265 26 24 18
265 354 66 47
265 400 54 77
265 453 51 56
264 38 16 18
264 48 10 8
264 367 27 21
264 272 30 31
263 17 62 72
263 223 56 71
263 331 42 55
263 371 23 25
263 164 71 73
263 316 6 5
262 435 39 40
262 492 64 55
262 85 37 51
262 55 50 55
262 429 57 63
262 53 40 38
261 238 42 46
261 151 42 56
261 257 63 66
261 207 61 53
261 45 39 33
260 300 34 29
260 486 48 40
260 342 14 15
260 121 31 38
259 216 9 11
259 145 24 23
259 82 58 63
259 99 77 58
259 493 52 56
258 425 75 81
258 154 67 49
258 157 44 43
258 24 19 20
258 500 31 31
258 195 73 71
257 299 83 91
257 151 80 89
257 261 51 48
257 253 38 35
257 472 30 31
257 207 93 81
257 164 77 67
257 165 59 43
256 293 75 79
256 71 82 92
256 117 95 93
256 292 130 88
256 139 117 81
256 197 75 87
256 232 86 63
255 444 53 59
255 448 67 65
255 491 81 60
255 67 49 54
255 171 78 71
255 252 82 58
254 248 57 43
254 128 96 72
254 420 39 35
254 53 38 42
254 193 79 80
254 460 85 78
254 429 27 29
253 299 63 58
253 237 84 73
253 459 59 53
253 257 40 29
253 472 33 35
252 67 58 66
252 157 43 43
252 255 84 59
252 24 48 55
252 475 25 28
252 171 81 80
252 15 92 99
252 326 68 73
251 226 43 45
251 404 26 25
251 266 39 38
251 350 54 62
251 81 58 50
251 322 25 21
251 440 36 41
250 315 28 32
250 353 67 73
250 481 25 24
250 377 53 45
250 340 204 167
250 62 52 60
249 109 85 82
249 495 26 28
249 379 24 22
249 167 156 160
249 209 71 97
249 192 117 92
248 427 49 45
248 424 12 14
248 128 94 75
248 420 23 17
248 254 50 44
247 499 48 44
247 278 87 83
247 415 17 20
247 433 69 50
247 187 28 27
246 7 14 10
246 332 15 11
246 102 36 45
246 61 60 52
245 402 21 19
245 130 161 134
245 350 44 37
245 266 33 29
244 202 49 63
244 401 10 11
244 149 77 83
244 415 51 44
244 499 28 29
243 413 157 151
243 221 170 166
243 434 72 74
243 110 21 25
243 382 52 50
243 33 97 101
243 430 92 97
242 93 124 159
242 465 11 10
242 168 101 95
242 68 68 68
242 185 49 51
242 89 33 37
241 78 49 65
241 107 69 59
241 66 24 21
241 138 75 72
241 168 63 74
240 9 28 35
240 276 16 17
240 50 105 113
240 334 69 74
240 446 85 104
239 406 74 85
239 344 87 71
239 460 80 73
239 160 20 17
239 377 37 53
239 315 18 16
239 481 25 26
238 189 64 66
238 325 61 51
238 302 72 64
238 151 39 35
238 261 52 41
238 45 88 73
238 3 90 90
237 482 94 66
237 299 93 98
237 119 49 45
237 101 23 19
237 253 73 90
237 459 32 36
236 475 37 35
236 500 50 57
236 195 93 100
236 326 44 42
236 365 56 39
235 319 23 25
235 328 6 7
235 83 67 57
235 387 39 47
234 68 22 24
234 168 54 60
234 294 78 61
234 25 37 33
234 333 34 45
234 90 63 71
233 25 42 58
233 345 42 35
233 408 44 40
233 167 57 51
233 333 77 64
233 10 78 72
233 436 78 69
233 314 59 63
233 6 47 51
232 117 145 100
232 123 156 115
232 197 70 76
232 256 87 81
232 43 57 47
232 320 100 92
232 288 44 48
232 286 34 29
231 466 52 45
231 58 46 51
231 333 59 62
231 426 35 40
231 21 40 33
231 447 61 75
231 10 42 41
231 338 73 63
230 49 72 80
230 422 67 67
230 307 27 28
230 227 49 38
229 57 48 48
229 373 45 39
229 313 50 61
229 477 12 12
229 75 62 60
229 324 53 57
228 371 26 23
228 74 47 46
228 431 38 47
228 347 35 43
228 316 36 31
227 91 63 69
227 148 77 90
227 123 37 30
227 126 52 45
227 49 110 106
227 307 45 47
227 230 41 44
226 130 72 75
226 266 44 61
226 73 46 47
226 251 46 41
226 448 90 78
226 404 29 36
225 115 74 72
225 305 77 59
225 473 19 22
225 162 31 28
225 205 108 107
225 302 97 87
225 189 42 35
225 469 32 29
224 372 24 24
224 50 17 17
224 363 36 32
223 17 43 42
223 207 18 16
223 263 58 52
223 164 17 18
222 208 74 80
222 402 42 35
222 350 39 30
222 398 42 46
222 374 52 46
221 413 45 36
221 273 27 22
221 104 66 92
221 280 79 89
221 243 163 133
221 434 102 96
220 198 72 81
220 441 5 5
220 36 71 75
220 64 71 69
220 295 36 34
220 87 23 19
219 3 49 41
219 211 52 51
219 188 18 25
219 480 45 45
219 331 35 44
219 474 35 45
218 190 31 33
218 330 36 36
218 72 25 24
217 279 42 41
217 318 50 52
217 205 36 37
217 489 64 74
217 348 107 116
217 482 125 92
217 302 65 65
217 299 93 72
216 161 51 45
216 381 26 23
216 145 31 34
216 259 11 8
216 493 75 58
216 152 80 91
215 121 42 44
215 342 64 76
215 18 21 20
215 317 54 47
215 388 59 63
214 142 35 28
214 306 69 55
214 169 34 26
214 336 18 19
214 186 62 55
213 383 49 55
213 149 43 42
213 485 20 22
213 390 32 33
213 454 24 20
212 469 14 11
212 308 39 48
212 325 10 11
212 189 11 13
211 308 80 68
211 183 48 47
211 3 21 17
211 325 70 58
211 219 60 55
211 188 55 70
210 127 52 50
210 364 22 15
210 37 9 9
210 63 31 33
210 176 77 85
209 109 12 10
209 249 94 92
209 192 35 33
208 141 85 107
208 130 226 258
208 402 114 129
208 222 85 75
208 285 84 92
208 35 66 74
208 398 74 66
208 458 53 58
207 261 59 63
207 45 25 20
207 17 50 36
207 257 86 73
207 223 18 16
207 164 35 31
206 348 44 34
206 27 60 52
206 482 10 8
206 131 43 40
205 51 25 23
205 115 84 68
205 279 26 19
205 217 37 43
205 225 83 81
205 302 68 65
204 49 57 64
204 335 35 34
204 382 72 90
204 422 31 43
204 290 34 39
204 5 82 79
204 376 31 34
204 93 77 82
204 69 44 56
203 419 31 31
203 282 31 33
203 202 84 86
203 98 25 26
203 184 78 70
202 298 85 92
202 419 81 87
202 203 77 81
202 383 20 20
202 149 81 85
202 244 51 64
202 184 56 65
202 401 64 66
201 12 39 47
201 430 47 63
201 478 45 62
201 494 46 41
201 455 17 13
201 378 23 22
201 120 34 35
200 52 27 32
200 65 38 32
200 419 32 44
200 145 50 36
200 282 53 42
199 180 70 80
199 104 70 63
199 467 46 50
199 112 41 47
199 148 83 84
199 496 35 26
199 49 69 57
198 342 83 79
198 317 35 35
198 56 20 23
198 220 71 70
198 441 65 80
198 36 17 14
198 462 28 29
197 256 76 98
197 232 61 64
197 139 60 57
197 43 14 17
197 42 35 27
197 113 28 25
196 334 73 101
196 337 47 65
196 104 91 66
196 180 14 20
196 323 59 59
196 177 36 35
195 410 233 306
195 439 234 249
195 425 110 116
195 258 59 76
195 500 42 43
195 236 96 99
195 409 205 235
195 27 162 129
195 365 79 91
195 348 116 127
194 40 74 86
194 487 90 92
194 21 68 69
194 176 16 13
194 39 13 14
194 447 21 23
194 412 50 44
193 159 102 97
193 128 23 22
193 34 46 47
193 129 43 55
193 460 72 67
193 254 82 81
192 109 37 36
192 249 91 107
192 209 45 40
192 20 47 50
192 167 148 142
192 143 56 57
192 88 61 68
191 42 53 51
191 113 49 44
191 43 61 59
191 288 51 48
191 47 80 100
191 100 49 58
191 452 47 50
191 19 90 118
190 316 83 75
190 72 27 35
190 347 65 85
190 218 25 26
190 330 53 58
190 300 97 98
190 498 105 100
189 225 47 34
189 469 9 10
189 302 79 77
189 238 63 61
189 325 18 23
189 212 13 12
188 183 59 46
188 269 23 26
188 211 73 61
188 474 28 26
188 219 21 24
187 247 22 23
187 433 43 43
187 71 53 46
187 117 141 104
187 278 74 82
186 461 72 61
186 287 23 22
186 306 73 62
186 32 41 33
186 418 37 52
186 214 73 74
186 336 66 72
186 442 95 92
185 242 57 58
185 465 70 59
185 89 21 23
185 345 22 22
185 167 61 49
185 408 18 15
184 203 73 85
184 98 82 73
184 202 77 60
184 401 11 11
184 386 76 71
184 499 29 29
183 308 70 83
183 362 73 58
183 321 38 26
183 211 53 50
183 269 31 33
183 188 56 47
182 172 38 55
182 136 37 28
182 14 38 29
182 173 41 55
182 96 51 51
182 444 64 66
181 64 53 55
181 146 56 59
181 368 77 87
181 13 80 106
181 291 147 130
181 16 33 34
180 196 19 17
180 177 18 17
180 148 61 52
180 199 88 68
180 104 83 98
179 405 90 77
179 309 19 22
179 379 50 47
179 495 48 50
179 327 49 44
178 95 37 39
178 423 51 40
178 468 62 62
178 343 129 123
178 134 21 24
178 159 68 59
178 432 96 101
178 358 95 100
177 196 34 25
177 75 64 72
177 323 44 34
177 180 21 18
177 148 38 47
176 40 82 81
176 127 71 69
176 210 85 68
176 194 12 13
176 63 59 67
176 39 3 3
175 366 32 37
175 328 72 61
175 31 32 30
175 305 57 55
175 387 40 43
175 473 80 96
175 274 60 57
174 94 183 162
174 428 57 77
174 461 99 110
174 76 59 59
173 22 51 56
173 463 57 62
173 14 30 34
173 182 48 55
173 483 50 65
173 443 48 55
173 444 58 66
173 491 46 64
172 124 9 8
172 407 120 108
172 463 96 78
172 14 57 62
172 182 43 48
172 136 31 42
172 156 25 19
171 448 104 111
171 255 78 71
171 252 67 69
171 122 49 53
171 15 28 21
170 166 75 78
170 268 66 58
170 454 36 47
170 149 60 56
170 485 43 50
170 319 72 62
170 83 57 57
170 394 96 79
170 23 82 73
169 142 64 49
169 214 27 27
169 471 50 43
169 442 54 49
169 336 12 11
168 107 130 146
168 241 67 83
168 93 199 165
168 138 101 97
168 396 65 48
168 242 136 138
168 68 70 78
168 234 50 49
168 294 73 74
167 465 71 94
167 495 104 110
167 185 53 55
167 249 155 111
167 408 59 65
167 233 75 75
167 436 71 57
167 270 87 93
167 488 79 68
167 20 121 108
167 192 137 129
166 268 11 14
166 319 54 54
166 170 63 58
166 357 38 33
166 46 87 119
165 472 30 30
165 257 59 59
165 164 105 84
165 289 89 71
165 155 61 54
165 310 50 45
165 361 63 54
165 330 118 122
165 72 115 128
164 207 28 33
164 223 15 16
164 257 84 88
164 165 89 81
164 72 75 77
164 263 64 70
164 316 65 77
163 352 35 39
163 436 30 32
163 488 19 15
163 457 25 21
163 92 28 32
163 28 41 31
163 270 38 54
163 414 60 60
162 391 12 14
162 473 18 19
162 469 31 44
162 225 31 30
161 141 174 216
161 428 37 33
161 65 99 89
161 381 36 37
161 152 89 98
161 216 48 46
160 476 42 38
160 460 70 70
160 239 19 19
160 353 52 43
160 315 24 21
159 134 66 49
159 178 64 65
159 275 189 164
159 358 56 56
159 34 122 144
159 128 72 72
159 193 102 72
158 432 17 17
158 385 30 35
158 395 14 15
158 304 35 46
158 427 33 27
157 154 29 28
157 67 27 27
157 258 39 46
157 252 42 43
157 24 24 26
156 124 19 19
156 130 27 26
156 73 42 54
156 136 27 29
156 172 23 23
155 289 43 39
155 165 48 65
155 468 112 115
155 310 15 19
155 343 24 22
154 132 45 32
154 116 54 47
154 425 21 21
154 258 65 56
154 67 38 38
154 157 26 29
153 438 25 20
153 107 62 55
153 456 40 34
153 403 48 49
152 161 92 106
152 428 76 77
152 76 32 27
152 445 63 48
152 493 33 34
152 216 72 68
151 238 42 43
151 302 33 35
151 299 53 43
151 257 92 68
151 261 61 46
150 103 48 56
150 80 51 45
150 487 13 19
150 77 41 51
150 40 13 12
149 383 56 56
149 213 38 38
149 202 87 75
149 244 83 85
149 170 54 46
149 485 27 29
149 23 67 87
149 433 78 79
149 415 54 56
148 75 83 81
148 177 46 52
148 180 63 63
148 114 67 66
148 29 54 53
148 91 43 50
148 227 86 89
148 199 71 99
148 49 113 100
147 404 30 32
147 448 84 108
147 277 11 12
147 440 9 9
146 105 16 18
146 64 32 34
146 368 70 58
146 181 62 63
145 381 37 42
145 65 67 56
145 216 37 39
145 282 46 38
145 200 48 51
145 259 24 27
145 82 66 57
144 326 20 23
144 370 37 38
144 365 39 36
144 497 29 29
144 4 23 19
144 318 33 36
143 405 258 327
143 109 41 38
143 88 23 34
143 192 56 76
142 303 104 86
142 306 40 43
142 214 32 37
142 471 92 86
142 169 47 62
141 130 356 398
141 208 87 89
141 285 20 15
141 161 190 204
141 428 182 219
141 351 46 52
141 52 103 86
141 65 81 86
140 1 36 37
140 394 75 58
140 292 25 22
140 311 7 6
140 362 59 54
139 292 87 87
139 256 111 89
139 479 57 64
139 269 58 85
139 197 55 49
139 47 76 58
139 42 41 40
138 332 112 96
138 7 81 104
138 66 50 50
138 241 55 57
138 102 84 88
138 421 86 73
138 54 49 55
138 396 85 63
138 168 93 100
137 450 11 10
137 60 14 12
137 79 28 28
137 399 35 41
137 409 40 40
136 172 34 39
136 156 31 28
136 182 27 28
136 73 49 54
136 96 43 34
135 39 54 56
135 63 35 38
135 13 12 13
135 291 27 31
135 412 59 51
134 409 168 155
134 423 46 62
134 178 21 22
134 159 63 54
134 275 242 226
133 120 65 55
133 375 39 36
133 309 40 39
133 359 58 45
133 417 44 33
133 405 23 20
132 84 40 39
132 116 33 25
132 108 33 26
132 154 39 43
132 425 21 19
131 206 34 47
131 482 30 30
131 27 59 58
131 60 29 33
131 119 23 17
131 79 32 33
130 407 138 171
130 428 589 486
130 141 295 296
130 124 26 33
130 208 296 235
130 156 26 24
130 73 65 65
130 402 132 166
130 245 151 121
130 266 119 99
130 226 102 106
129 193 56 48
129 34 11 13
129 460 40 41
129 118 23 19
128 358 40 44
128 427 56 76
128 248 93 82
128 159 79 60
128 254 81 100
128 193 18 26
127 77 34 39
127 40 29 35
127 364 37 36
127 41 33 36
127 176 97 66
127 210 52 37
126 227 50 56
126 123 54 67
126 320 10 12
126 403 57 68
126 307 61 53
125 397 37 50
125 341 30 34
125 55 85 69
125 476 48 43
125 2 82 107
125 353 20 21
124 130 26 37
124 156 19 15
124 172 8 8
124 407 114 115
123 117 123 88
123 29 52 50
123 91 35 32
123 232 149 115
123 227 34 31
123 126 65 69
123 320 64 65
122 448 105 128
122 277 89 105
122 339 77 70
122 171 48 46
122 15 45 58
122 305 74 77
122 115 72 73
121 330 124 111
121 300 11 8
121 492 118 113
121 18 65 54
121 215 39 47
121 342 45 47
121 260 40 31
120 494 20 22
120 378 46 34
120 201 38 31
120 359 68 67
120 133 54 55
120 375 54 45
119 482 39 41
119 131 19 22
119 79 25 22
119 237 46 47
119 101 40 29
118 129 22 20
118 460 31 37
118 406 9 11
118 34 28 28
117 187 143 98
117 278 78 81
117 324 73 58
117 71 108 146
117 232 122 110
117 256 95 88
117 123 92 97
117 29 81 83
117 114 56 60
117 451 42 42
117 8 48 51
116 84 25 32
116 491 23 20
116 132 28 25
116 67 48 48
116 154 56 49
115 305 28 29
115 122 54 52
115 15 56 74
115 51 68 65
115 225 88 65
115 205 84 83
114 75 85 71
114 148 58 64
114 29 23 23
114 117 65 57
114 8 13 13
113 197 31 31
113 43 27 37
113 191 47 55
113 42 13 11
112 467 19 21
112 199 55 52
112 496 50 46
112 434 26 26
112 470 18 17
111 442 85 86
111 471 77 63
111 413 83 72
111 416 13 15
111 334 45 49
111 276 80 72
110 434 54 55
110 243 19 27
110 382 27 34
110 297 26 25
109 379 129 99
109 405 217 197
109 249 97 115
109 143 49 42
109 192 37 40
109 209 11 9
108 393 20 27
108 84 24 24
108 439 28 30
108 132 28 28
108 425 61 60
107 403 65 60
107 153 60 56
107 438 69 62
107 5 89 80
107 453 26 36
107 78 16 15
107 241 65 60
107 93 90 124
107 168 106 113
106 389 85 92
106 298 93 72
106 384 22 23
106 458 95 83
106 383 82 84
106 390 25 31
105 295 27 31
105 64 48 41
105 11 64 56
105 37 65 83
105 146 15 16
105 368 65 62
105 63 73 61
104 337 70 69
104 196 65 74
104 273 83 96
104 221 76 86
104 180 87 83
104 199 61 51
104 280 4 5
104 467 16 16
103 54 36 40
103 396 18 17
103 77 53 79
103 150 52 48
103 294 31 23
103 80 38 34
102 61 64 76
102 246 50 42
102 332 52 54
102 284 74 79
102 59 41 50
102 421 63 58
102 138 67 95
101 119 42 39
101 237 18 18
101 79 24 20
101 399 79 62
101 459 41 45
101 289 58 50
100 288 52 53
100 286 60 57
100 490 22 23
100 191 55 62
100 452 63 68
100 349 22 29
99 259 66 82
99 493 60 42
99 296 45 35
99 82 34 32
99 283 38 29
99 363 43 48
98 282 39 46
98 82 51 50
98 203 30 30
98 184 84 89
98 386 101 103
98 363 77 59
97 22 4 6
97 483 19 19
97 410 35 37
96 136 37 36
96 73 53 72
96 182 37 39
96 448 36 41
96 444 59 56
95 399 57 58
95 468 22 25
95 178 39 54
95 423 2 2
94 174 155 147
94 428 226 207
94 303 19 18
94 461 97 111
93 204 84 77
93 69 66 61
93 5 41 43
93 107 109 107
93 465 128 122
93 242 156 113
93 168 153 200
93 355 33 38
93 411 59 81
92 163 31 31
92 44 71 54
92 457 14 11
92 28 25 20
92 272 76 87
91 148 54 42
91 227 61 56
91 29 18 18
91 123 37 34
90 234 55 65
90 294 17 18
90 80 13 17
90 466 20 22
90 333 38 42
89 242 38 36
89 185 29 21
89 68 30 34
89 345 33 40
88 20 97 94
88 143 26 26
88 192 79 74
88 30 109 96
88 28 173 169
88 414 127 92
87 441 20 18
87 11 43 36
87 295 15 19
87 220 17 20
86 346 12 15
86 271 32 37
86 2 17 14
85 492 64 81
85 18 64 53
85 262 51 42
85 55 37 34
85 356 93 84
85 388 96 67
84 393 23 25
84 443 19 16
84 108 19 23
84 132 42 40
84 491 27 39
84 116 28 32
83 319 69 67
83 235 53 54
83 170 66 71
83 387 55 59
83 369 46 45
83 1 71 73
83 394 58 81
82 145 53 59
82 259 61 53
82 282 41 45
82 98 50 37
82 99 31 35
82 363 57 68
81 350 30 35
81 374 29 25
81 251 69 62
81 357 79 91
81 46 13 15
81 322 49 58
80 90 16 14
80 150 47 56
80 466 18 21
80 58 14 15
80 487 56 51
80 103 35 40
80 294 24 23
79 131 35 36
79 119 32 26
79 60 35 32
79 137 24 29
79 101 23 27
79 399 54 70
78 107 15 16
78 241 65 69
78 453 23 21
78 66 67 56
77 103 54 70
77 41 18 16
77 421 51 53
77 54 53 43
77 127 44 36
77 150 48 48
77 40 54 44
76 174 45 58
76 428 87 65
76 152 26 30
76 461 89 99
76 445 76 85
76 287 59 67
75 477 58 46
75 229 55 45
75 446 43 43
75 324 83 66
75 451 66 67
75 8 66 85
75 114 72 69
75 148 83 77
75 323 30 33
75 177 67 58
74 474 82 93
74 331 74 66
74 47 69 69
74 371 45 50
74 228 37 48
74 431 55 49
74 19 55 48
73 156 55 44
73 130 55 60
73 136 48 37
73 96 50 58
73 448 92 94
73 226 47 41
72 164 86 77
72 316 85 75
72 190 39 38
72 165 135 121
72 330 55 44
72 218 23 26
71 187 46 48
71 293 4 4
71 433 33 32
71 256 72 90
71 117 143 130
70 498 42 41
70 284 39 37
70 59 52 43
70 486 39 42
69 376 27 27
69 204 39 40
69 93 81 70
69 12 14 11
69 455 44 33
69 355 58 62
68 234 19 19
68 168 79 77
68 242 55 71
68 25 39 38
68 89 34 33
68 345 42 38
67 116 45 53
67 491 55 51
67 255 56 56
67 154 32 31
67 252 50 68
67 157 32 31
66 400 60 50
66 453 68 74
66 78 73 70
66 7 130 123
66 138 48 60
66 241 27 28
65 161 113 112
65 141 103 103
65 52 53 42
65 381 86 67
65 145 71 62
65 200 35 45
64 36 77 77
64 220 73 60
64 295 56 54
64 105 35 47
64 462 80 69
64 16 62 69
64 271 101 106
64 181 71 66
64 146 35 35
63 37 29 27
63 210 40 36
63 105 62 65
63 368 47 37
63 176 67 52
63 39 56 57
63 135 37 35
63 13 36 38
62 275 58 72
62 377 22 22
62 250 69 49
62 340 276 260
62 291 551 516
61 484 45 34
61 431 74 79
61 498 54 51
61 284 34 29
61 7 63 61
61 102 82 84
61 246 59 53
60 27 74 55
60 131 32 34
60 409 47 36
60 450 7 7
60 79 32 31
60 137 12 17
59 284 78 80
59 102 55 41
59 70 45 53
59 486 68 75
59 421 59 65
59 392 63 75
58 466 13 13
58 80 20 19
58 487 46 37
58 231 46 44
58 426 38 39
57 50 26 27
57 373 31 32
57 363 49 38
57 477 47 45
57 229 59 42
56 317 34 36
56 198 25 21
56 388 18 17
56 462 27 24
56 356 57 61
55 262 47 61
55 85 36 35
55 429 87 79
55 397 68 66
55 125 81 80
55 356 77 79
55 2 85 109
54 138 50 52
54 396 43 37
54 103 37 46
54 421 49 61
54 77 44 45
53 424 46 38
53 435 30 40
53 420 19 20
53 254 33 34
53 429 51 42
53 262 34 42
52 141 84 110
52 65 40 48
52 200 25 29
52 351 70 90
52 419 37 46
52 298 53 67
51 15 70 76
51 115 57 62
51 370 37 34
51 205 26 23
51 279 20 17
50 372 37 38
50 9 90 108
50 363 45 42
50 224 16 15
50 57 20 21
50 240 99 92
50 446 85 76
50 477 67 64
49 148 98 101
49 199 66 58
49 496 36 34
49 227 77 106
49 230 60 70
49 382 78 87
49 204 63 60
49 422 31 37
49 335 37 34
48 10 49 46
48 38 22 27
48 264 10 10
48 367 18 20
48 338 29 31
47 269 51 48
47 139 64 66
47 42 46 45
47 474 27 26
47 74 99 77
47 191 107 100
47 19 87 82
46 81 13 13
46 322 45 43
46 301 65 49
46 328 124 128
46 319 105 100
46 357 95 67
46 166 115 89
45 238 85 84
45 3 72 61
45 480 52 41
45 261 45 39
45 17 34 32
45 207 28 24
44 352 50 46
44 10 71 67
44 314 23 21
44 38 35 40
44 272 31 43
44 92 69 58
44 457 60 58
43 232 55 47
43 197 16 19
43 113 29 35
43 191 60 53
43 288 36 34
42 197 26 31
42 139 45 50
42 47 46 46
42 191 56 68
42 113 11 12
41 421 53 71
41 77 15 17
41 392 99 82
41 11 85 92
41 364 49 64
41 127 41 39
40 77 42 42
40 150 13 13
40 127 27 36
40 176 90 87
40 487 20 21
40 194 81 82
39 194 16 16
39 63 63 67
39 176 3 4
39 135 55 53
39 412 41 36
38 44 37 32
38 48 28 28
38 10 50 37
38 272 28 28
38 264 22 17
37 364 25 29
37 210 11 12
37 63 31 25
37 11 36 34
37 105 83 70
36 220 66 75
36 198 18 18
36 64 67 64
36 462 25 19
35 285 44 31
35 208 65 77
35 458 54 68
35 389 35 36
35 351 28 35
34 159 146 119
34 193 56 53
34 275 86 67
34 344 41 44
34 129 10 13
34 118 27 21
34 406 33 25
33 413 225 275
33 243 97 99
33 417 66 48
33 312 17 23
33 478 35 30
33 430 67 76
32 287 42 49
32 186 43 45
32 445 12 11
32 296 69 66
32 418 37 30
32 372 87 92
31 366 18 15
31 339 19 17
31 175 27 30
31 305 66 77
30 20 20 24
30 270 19 18
30 88 100 105
30 414 22 16
29 117 82 84
29 114 22 27
29 148 49 64
29 91 22 18
29 123 60 54
28 163 43 34
28 92 18 19
28 291 283 271
28 272 82 81
28 88 145 144
28 414 44 46
27 195 153 121
27 348 82 90
27 206 49 56
27 409 70 64
27 131 64 56
27 60 56 70
26 329 40 32
26 286 70 59
26 490 19 16
26 265 23 23
26 354 39 50
26 349 48 40
25 234 29 38
25 68 31 33
25 333 30 28
25 345 25 20
25 233 54 46
24 157 21 21
24 258 19 20
24 252 53 52
24 475 37 36
24 500 54 43
23 149 80 91
23 170 77 62
23 394 27 26
23 293 50 56
23 433 33 31
22 407 32 28
22 410 41 36
22 464 25 27
22 463 42 41
22 97 6 5
22 173 48 59
22 483 23 28
21 426 4 4
21 487 31 26
21 194 68 82
21 231 35 32
21 447 74 81
20 167 128 120
20 192 46 50
20 270 27 33
20 88 90 89
20 30 19 18
19 47 91 88
19 191 111 109
19 452 59 64
19 484 15 14
19 431 53 64
19 74 37 49
18 121 48 59
18 492 74 79
18 85 58 51
18 388 63 58
18 215 21 24
17 480 23 22
17 45 44 37
17 207 48 47
17 331 44 39
17 263 66 76
17 223 60 46
16 64 70 73
16 271 87 87
16 340 91 99
16 181 23 27
16 291 178 144
15 171 25 22
15 122 58 59
15 252 76 88
15 326 77 77
15 370 61 44
15 115 73 70
15 51 80 63
14 172 64 67
14 463 54 55
14 182 36 32
14 173 27 24
13 368 28 28
13 63 36 50
13 135 10 11
13 291 33 36
13 181 78 79
12 376 29 24
12 430 34 45
12 201 43 47
12 69 10 13
12 455 36 37
11 392 73 67
11 41 72 83
11 364 28 31
11 441 59 45
11 87 44 40
11 295 37 52
11 37 37 41
11 105 67 73
10 333 94 80
10 233 87 81
10 231 44 33
10 338 64 44
10 44 53 55
10 314 48 63
10 48 58 52
10 38 38 47
9 418 39 35
9 372 96 77
9 50 78 102
9 240 35 32
9 276 38 36
9 442 55 56
8 75 62 87
8 114 13 15
8 117 57 55
8 451 5 5
7 452 76 56
7 484 75 82
7 400 107 88
7 354 99 108
7 61 52 58
7 332 1 1
7 246 10 11
7 138 107 105
7 66 102 98
6 436 29 29
6 352 12 12
6 314 26 22
6 233 53 59
5 422 79 110
5 204 80 80
5 438 8 9
5 93 44 39
5 107 73 78
4 370 24 34
4 144 20 23
4 279 25 24
4 318 34 34
3 325 67 81
3 211 21 17
3 238 82 80
3 219 45 52
3 45 58 67
3 480 26 38
2 55 100 98
2 125 117 100
2 356 52 46
2 346 25 28
2 86 17 14
2 353 115 117
2 271 36 35
2 340 37 47
1 83 83 76
1 394 52 52
1 369 54 56
1 380 59 51
1 140 37 41
1 362 42 37
