nnodes narcs source target drone_limit type
500 2966 104 132 153 drone_routing_pli_project1
nodename posx posy
500 310.172 489.154
499 213.187 249.477
498 824.66 422.064
497 857.715 562.71
496 778.235 274.721
495 988.898 943.692
494 41.0761 836.416
493 258.438 350.689
492 342.171 25.7744
491 760.982 607.191
490 384.442 109.542
489 417.69 864.293
488 662.315 99.2956
487 609.798 729.14
486 92.9841 640.209
485 528.063 326.539
484 553.313 703.226
483 628.954 190.49
482 714.438 498.056
481 333.346 924.048
480 917.28 466.816
479 642.148 645.68
478 762.58 83.8433
477 570.959 468.34
476 173.956 672.462
475 290.17 478.708
474 803.915 109.994
473 86.9728 727.418
472 209.7 293.049
471 902.715 670.194
470 444.096 600.615
469 325.951 862.422
468 848.567 456.352
467 793.286 788.055
466 461.972 947.101
465 43.3573 764.494
464 673.938 404.328
463 932.839 409.139
462 461.222 861.077
461 827.539 166.089
460 698.116 430.195
459 368.953 592.625
458 875.369 340.884
457 351.304 198.815
456 889.972 659.944
455 262.223 558.254
454 971.521 510.921
453 199.851 586.506
452 927.203 897.512
451 10.1513 473.391
450 651.52 405.127
449 642.34 897.554
448 739.941 74.1049
447 621.255 222.683
446 346.244 446.519
445 828.644 234.651
444 456.39 132.201
443 288.19 222.535
442 139.625 524.107
441 600.814 412.941
440 248.889 433.57
439 988.608 749.85
438 443.522 186.719
437 410.567 69.1658
436 310.215 8.16307
435 916.081 880.463
434 72.9074 560.114
433 729.616 254.763
432 765.16 157.034
431 610.816 977.437
430 442.891 149.488
429 828.89 894.961
428 741.345 87.4792
427 821.006 732.83
426 824.927 713.861
425 885.738 43.7776
424 85.9302 392.375
423 380.562 48.8075
422 159.132 891.989
421 54.9398 131.412
420 321.347 288.243
419 737.592 544.937
418 822.935 221.388
417 409.876 385.901
416 383.334 597.84
415 210.378 198.21
414 3.38657 622.697
413 524.442 314.987
412 478.543 503.133
411 583.73 560.844
410 911.242 321.032
409 924.325 556.996
408 36.6587 103.283
407 288.497 158.123
406 9.52077 544.142
405 688.003 551.161
404 213.41 789.829
403 130.629 44.5211
402 707.568 174.091
401 123.348 338.114
400 726.075 397.528
399 353.559 91.068
398 593.7 834.871
397 684.94 380.449
396 972.003 4.35726
395 728.854 390.412
394 245.342 672.734
393 130.27 591.034
392 393.372 137.972
391 374.894 198.243
390 965.153 329.226
389 339.682 773.41
388 907.871 998.46
387 102.043 80.7269
386 444.915 318.795
385 245.498 413.937
384 925.161 128.497
383 275.106 407.321
382 356.084 203.533
381 929.961 219.454
380 12.925 752.087
379 470.031 16.8265
378 206.669 607.004
377 159.684 967.07
376 664.03 761.813
375 581.674 791.75
374 488.715 227.288
373 426.014 124.316
372 847.733 62.1039
371 513.104 2.0313
370 168.973 596.279
369 956.266 308.227
368 103.1 672.297
367 144.282 623.911
366 947.403 387.944
365 150.006 981.02
364 851.713 658.297
363 939.095 403.204
362 423.975 602.655
361 477.587 827.912
360 369.467 595.453
359 304.61 214.457
358 373.834 947.886
357 54.9049 29.1865
356 463.687 867.792
355 665.039 268.446
354 734.17 197.456
353 878.825 124.004
352 351.988 680.05
351 155.292 940.206
350 653.233 242.192
349 72.0197 367.526
348 533.267 198.958
347 875.121 428.256
346 42.752 944.286
345 443.941 405.79
344 578.884 749.069
343 774.766 112.902
342 509.574 775.766
341 226.418 734.367
340 753.549 465.903
339 466.606 357.491
338 320.676 558.461
337 987.877 767.193
336 200.635 255.523
335 574.737 591.206
334 177.755 428.449
333 469.449 421.051
332 95.5648 324.653
331 645.511 825.471
330 43.4372 422.442
329 419.209 919.051
328 683.62 929.266
327 146.966 288.258
326 70.7098 826.688
325 427.589 33.0467
324 474.983 342.104
323 683.695 611.579
322 840.504 640.895
321 287.481 220.277
320 69.9861 360.864
319 246.103 977.148
318 609.417 190.372
317 516.821 63.6295
316 131.516 968.847
315 99.1157 813.695
314 110.4 68.9424
313 389.445 97.7647
312 909.208 18.6409
311 795.296 46.6425
310 633.787 213.411
309 121.778 494.96
308 451.497 36.9514
307 770.963 526.802
306 644.384 997.225
305 758.407 194.855
304 216.809 444.983
303 51.2736 109.519
302 62.3845 786.671
301 788.86 891.412
300 214.108 653.813
299 751.38 919.125
298 551.712 427.351
297 610.92 838.236
296 65.7089 627.993
295 315.639 615.832
294 718.962 621.837
293 632.549 700
292 491.722 613.144
291 785.502 983.125
290 29.4301 121.334
289 75.0255 663.101
288 665.675 794.6
287 829.081 873.481
286 493.772 84.8255
285 404.135 722.729
284 684.822 694.215
283 801.527 488.707
282 769.697 858.613
281 774.273 486.417
280 36.3313 121.2
279 735.235 128.392
278 257.623 797.307
277 922.081 975.738
276 421.98 470.432
275 882.534 915.984
274 47.5738 584.241
273 591.729 768.141
272 629.215 107.944
271 250.888 606.694
270 196.654 814.963
269 813.235 400.059
268 305.343 498.347
267 481.772 394.934
266 782.266 381.847
265 188.2 250.235
264 504.327 612.744
263 429.28 671.2
262 485.791 441.052
261 764.114 138.846
260 732.124 8.19104
259 893.139 929.299
258 114.792 454.96
257 98.8813 613.323
256 916.661 791.109
255 153.193 494.553
254 468.857 983.887
253 731.479 345.912
252 272.536 467.03
251 238.563 432.066
250 295.026 550.286
249 482.664 240.82
248 418.173 437.896
247 244.554 901.387
246 763.304 16.8102
245 811.418 740.428
244 334.663 635.636
243 484.016 349.881
242 921.108 506.533
241 848.299 430.402
240 830.662 477.066
239 827.28 281.824
238 957.534 949.27
237 716.155 372.611
236 96.7167 990.159
235 245.861 903.734
234 824.174 862.383
233 331.651 642.637
232 695.029 595.556
231 330.072 728.678
230 818.781 967.585
229 57.8053 315.26
228 937.167 629.708
227 399.273 223.253
226 141.378 707.202
225 348.265 626.631
224 52.3868 267.333
223 765.885 800.689
222 179.519 653.994
221 888.294 245.98
220 843.196 40.9164
219 750.438 901.971
218 370.178 208.07
217 695.444 512.534
216 662.482 663.754
215 174.783 564.141
214 920.368 842.575
213 194.662 134.928
212 527.959 340.607
211 284.249 750.877
210 446.855 496.752
209 428.078 210.749
208 14.908 196.299
207 366.908 815.202
206 717.464 520.652
205 298.969 502.943
204 237.11 867.631
203 749.225 777.636
202 142.228 850.17
201 82.4324 707.683
200 738.568 687.795
199 352.281 635.341
198 472.266 834.247
197 362.019 964.882
196 475.076 244.985
195 591.367 668.782
194 317.54 348.001
193 72.1187 97.8897
192 264.865 418.203
191 94.1423 682.146
190 591.759 506.208
189 440.129 23.0269
188 131.526 283.301
187 498.672 302.253
186 833.478 440.971
185 330.458 442.442
184 850.078 541.076
183 472.564 867.905
182 537.038 225.576
181 794.15 325.389
180 738.525 346.794
179 68.0198 67.6044
178 155.305 113.451
177 523.467 793.384
176 312.408 616.777
175 595.045 328.292
174 308.225 816.807
173 399.968 853.769
172 838.834 52.7707
171 356.155 21.2448
170 947.06 573.95
169 407.683 974.106
168 89.142 258.548
167 840.812 833.484
166 783.7 247.431
165 859.703 756.398
164 695.813 425.79
163 326.483 154.033
162 197.808 657.09
161 157.035 955.476
160 469.426 137.534
159 275.537 44.0782
158 81.6022 782.744
157 162.817 790.031
156 825.42 877.563
155 453.4 298.588
154 672.893 370.661
153 732.999 917.585
152 108.096 842.839
151 323.205 264.131
150 361.59 846.129
149 996.361 586.305
148 80.7547 633.696
147 995.865 453.655
146 733.183 271.357
145 622.237 336.941
144 176.053 342.723
143 831.831 593.681
142 734.804 393.594
141 553.572 207.226
140 269.619 478.366
139 701.953 552.862
138 815.257 602.77
137 515.957 688.965
136 752.633 43.0297
135 919.765 633.08
134 200.022 861.133
133 40.0372 704.629
132 535.572 938.018
131 956.085 955.219
130 115.512 379.259
129 755.192 605.614
128 315.459 688.93
127 239.29 141.499
126 773.964 993.489
125 326.655 648.439
124 982.944 275.183
123 630.671 184.709
122 271.159 849.256
121 616.238 577.999
120 433.228 606.091
119 544.235 301.93
118 233.718 112.918
117 448.597 838.595
116 276.266 913.515
115 153.88 696.293
114 81.0752 21.644
113 760.455 543.82
112 16.9154 27.3448
111 698.325 495.045
110 139.26 636.559
109 899.502 665.466
108 194.609 165.129
107 555.246 695.701
106 559.478 188.758
105 422.65 949.482
104 734.852 500.972
103 510.986 734.242
102 54.0244 900.981
101 920.114 833.616
100 371.272 381.337
99 500.848 290.332
98 865.393 629.634
97 162.279 126.713
96 447.152 626.677
95 37.3174 164.238
94 131.516 602.526
93 230.585 413.751
92 699.319 897.891
91 579.761 498.613
90 900.889 927.087
89 251.655 73.5505
88 764.962 615.351
87 228.959 275.534
86 485.904 412.018
85 905.66 437.693
84 133.399 395.801
83 353.518 895.161
82 621.036 582.209
81 25.4143 979.522
80 89.9873 418.731
79 72.569 737.109
78 14.5932 572.455
77 341.965 501.234
76 868.353 548.843
75 930.281 919.098
74 348.572 859.891
73 765.432 84.8765
72 739.778 425.031
71 602.629 999.687
70 590.719 538.252
69 516.618 89.7065
68 125.046 78.8397
67 75.4573 122.849
66 636.227 48.9512
65 945.429 713.701
64 14.2393 966.641
63 425.294 71.9057
62 793.554 964.66
61 986.375 591.106
60 23.9189 589.814
59 120.469 888.776
58 469.697 570.474
57 909.466 570.773
56 308.831 136.007
55 640.013 121.756
54 594.783 605.917
53 326.537 211.631
52 276.704 802.099
51 181.401 390.999
50 854.214 617.943
49 308.569 641.987
48 629.926 655.753
47 295.632 805.608
46 668.613 930.768
45 958.834 258.462
44 676.797 57.5151
43 449.237 829.722
42 77.6951 262.774
41 869.674 288.204
40 117.803 799.177
39 767.7 477.191
38 243.705 513.901
37 567.506 504.639
36 618.735 216.69
35 563.419 215.444
34 193.435 208.825
33 321.145 372.362
32 432.736 607.173
31 693.701 678.851
30 664.867 511.938
29 552.795 600.871
28 127.261 319.624
27 330.428 230.363
26 515.31 629.498
25 549.054 509.701
24 109.646 897.715
23 352.918 567.454
22 82.5088 782.54
21 221.073 749.126
20 126.436 630.602
19 299.118 944.346
18 168.46 771.005
17 308.456 780.927
16 236.793 813.963
15 627.672 177.248
14 937.804 455.239
13 660.822 102.847
12 929.278 938.523
11 954.526 412.785
10 988.428 255.41
9 63.8778 498.188
8 63.9737 907.1
7 932.623 672.055
6 161.535 12.5789
5 503.683 608.631
4 178.38 233.77
3 541.861 433.702
2 311.708 267.028
1 783.235 863.673
tail head car_cost drone_cost
500 446 60 14
500 185 52 16
500 475 25 7
500 268 9 3
500 77 29 9
499 443 72 24
499 321 79 20
499 87 36 8
499 336 16 4
499 415 55 14
499 34 47 11
499 265 25 7
499 4 33 10
498 241 22 6
498 186 21 7
498 39 89 22
498 340 78 22
498 269 21 6
498 72 90 20
497 76 16 5
497 57 57 14
497 50 61 13
497 143 45 10
497 184 20 6
496 239 43 13
496 166 23 8
496 181 51 12
496 180 87 23
496 433 48 12
496 146 51 10
495 149 373 91
495 388 107 26
495 131 35 8
495 238 26 8
495 439 177 41
495 452 81 20
495 75 61 19
495 214 99 34
495 337 178 50
494 326 32 8
494 302 46 13
494 465 63 21
494 102 71 16
494 380 95 27
494 64 119 28
493 33 76 16
493 194 55 17
493 420 83 22
493 383 58 14
493 385 78 18
493 93 68 16
493 87 71 21
493 472 67 19
493 144 71 19
493 51 101 21
492 423 45 10
492 171 13 4
492 399 55 18
492 436 33 9
492 159 74 16
491 138 55 15
491 113 75 13
491 129 5 2
491 88 10 3
490 373 45 13
490 313 15 3
490 392 28 7
490 399 33 9
490 163 78 15
489 356 53 14
489 117 36 9
489 462 41 13
489 329 57 12
489 173 17 5
489 83 75 17
488 428 81 20
488 44 39 11
488 13 4 1
488 279 88 17
488 66 62 13
488 272 36 9
487 293 42 10
487 376 62 14
487 273 50 10
487 344 34 11
487 484 54 16
487 107 53 17
487 195 68 16
486 20 36 10
486 257 33 6
486 368 40 8
486 289 24 7
486 148 15 4
485 175 56 14
485 119 28 8
485 212 15 4
485 413 14 4
485 187 40 10
485 243 51 12
484 487 53 16
484 107 9 2
484 344 60 16
484 137 38 10
484 103 46 14
483 123 5 2
483 310 26 7
483 36 29 8
483 15 14 3
483 318 20 6
482 340 57 12
482 104 21 5
482 206 20 7
482 460 77 17
482 217 26 7
482 111 15 4
481 358 56 13
481 83 39 8
481 197 54 13
481 19 40 9
481 469 52 19
481 116 60 17
480 14 27 5
480 85 29 9
480 468 73 21
480 242 35 10
479 323 46 14
479 216 33 7
479 48 14 4
479 54 53 14
479 82 80 17
478 311 45 14
478 136 48 10
478 448 25 6
478 428 20 5
478 73 4 1
478 343 37 8
477 441 74 18
477 190 50 12
477 91 27 9
477 37 32 10
477 25 40 13
477 298 55 12
477 3 49 10
476 162 30 9
476 222 17 6
476 341 96 23
476 110 42 13
476 115 32 8
475 500 23 5
475 268 20 6
475 185 60 15
475 252 21 6
475 140 23 6
475 205 26 8
474 372 63 19
474 353 79 17
474 172 56 19
474 311 76 16
474 73 53 10
474 461 59 13
474 261 42 15
474 343 33 7
473 18 97 23
473 226 61 15
473 40 69 17
473 22 62 16
473 201 23 5
473 79 18 6
472 87 22 6
472 493 62 20
472 144 71 13
472 327 55 18
472 336 37 11
472 265 47 14
471 65 71 17
471 7 30 8
471 165 87 24
471 426 103 26
471 109 5 2
471 364 49 13
471 456 14 4
470 58 37 10
470 292 47 11
470 362 22 6
470 96 26 7
470 32 14 4
470 120 10 4
469 74 27 7
469 83 44 9
469 150 40 10
469 481 69 18
469 116 66 16
469 174 42 12
469 122 56 17
468 85 67 13
468 480 80 18
468 347 38 10
468 242 75 20
468 241 28 8
468 186 23 5
468 240 28 7
467 165 76 15
467 245 48 13
467 167 67 15
467 1 90 22
467 203 51 12
467 223 35 9
466 132 83 23
466 183 90 19
466 356 69 23
466 254 44 12
466 329 52 12
466 105 37 10
465 158 35 13
465 79 36 12
465 302 25 8
465 494 59 20
465 133 60 17
465 380 33 10
464 154 32 8
464 450 19 7
464 164 30 8
464 397 26 8
463 363 8 3
463 11 19 7
463 366 25 6
463 14 51 10
463 85 43 11
463 458 92 24
463 347 66 18
462 198 28 9
462 183 16 3
462 356 9 3
462 117 27 6
462 489 39 10
461 221 120 22
461 418 57 15
461 353 60 18
461 381 96 32
461 261 68 17
461 474 64 15
461 305 88 20
461 432 64 19
460 340 57 20
460 72 37 12
460 400 38 9
460 482 69 18
460 111 59 16
460 30 72 26
460 450 48 15
460 164 5 2
459 416 13 4
459 360 3 1
459 225 42 12
459 295 64 15
459 23 34 9
458 366 95 24
458 463 97 25
458 410 49 10
458 347 102 23
458 241 83 21
458 269 86 24
458 181 79 24
458 41 46 14
458 239 76 22
457 391 25 5
457 382 6 2
457 163 61 12
457 53 25 7
456 135 46 9
456 109 13 3
456 98 37 12
456 364 35 9
456 471 20 5
455 271 52 12
455 250 36 8
455 176 81 18
455 38 57 13
455 453 78 20
454 147 61 15
454 170 56 15
454 149 87 23
454 409 60 20
454 242 58 14
454 14 75 19
453 271 48 14
453 455 59 15
453 38 100 26
453 378 24 5
453 215 29 10
453 370 36 9
452 495 70 18
452 75 22 7
452 214 63 17
452 90 35 11
452 435 24 7
452 275 51 11
451 229 141 47
451 208 228 60
451 330 57 15
451 9 56 17
451 414 129 40
451 406 65 18
450 460 54 11
450 164 41 14
450 464 21 7
450 154 39 11
450 145 75 16
450 441 51 16
450 30 108 23
449 92 66 15
449 331 78 17
449 46 39 12
449 431 97 23
449 132 134 34
449 297 78 20
449 398 86 21
448 136 37 8
448 478 24 7
448 44 65 17
448 428 15 5
447 310 18 4
447 350 35 12
447 175 117 33
447 119 131 29
447 36 6 2
447 35 56 15
446 276 69 23
446 248 60 18
446 100 73 20
446 77 53 16
446 500 64 15
446 185 19 4
445 221 70 13
445 41 67 21
445 239 41 10
445 166 48 11
445 418 16 4
444 286 58 18
444 430 24 7
444 160 15 4
444 63 67 18
444 373 34 7
443 27 41 10
443 359 22 4
443 2 41 14
443 87 82 23
443 499 72 19
443 321 3 1
442 255 35 9
442 215 53 15
442 393 61 19
442 309 36 10
442 434 62 23
441 145 85 21
441 30 104 32
441 450 56 12
441 190 80 25
441 477 69 15
441 298 42 12
441 175 80 18
441 212 103 30
440 192 25 7
440 252 41 12
440 385 21 6
440 304 28 10
440 251 10 3
439 149 138 34
439 495 206 42
439 337 15 5
439 61 135 40
439 65 57 13
438 348 86 26
438 160 61 16
438 430 41 11
438 209 30 6
438 374 51 19
438 391 60 18
438 392 60 15
437 325 42 11
437 63 13 3
437 423 43 8
437 313 39 9
436 371 211 57
436 379 173 42
436 171 50 10
436 492 31 8
436 6 159 35
436 159 54 11
435 214 31 10
435 452 24 5
435 275 43 12
435 167 89 19
435 287 95 19
434 393 57 14
434 442 68 16
434 309 86 18
434 257 55 16
434 274 42 9
434 406 61 14
434 9 70 16
433 496 48 14
433 166 63 13
433 305 65 15
433 354 50 16
433 146 18 4
433 350 90 17
433 355 73 14
432 354 61 14
432 305 37 10
432 461 63 18
432 402 65 17
432 279 50 12
432 261 16 5
431 306 38 10
431 46 65 16
431 449 75 23
431 132 93 18
431 71 28 6
430 160 25 9
430 444 19 7
430 438 36 10
430 392 60 13
430 373 30 9
429 275 56 15
429 287 21 7
429 230 75 15
429 156 16 4
429 301 40 9
429 62 81 21
428 343 43 10
428 478 19 6
428 279 45 10
428 488 77 23
428 44 61 18
428 448 15 4
427 426 17 6
427 165 45 11
427 245 11 3
426 471 106 23
426 364 52 15
426 322 79 21
426 165 46 13
426 427 17 5
426 200 74 22
426 245 29 9
425 353 78 18
425 384 107 23
425 312 30 9
425 220 36 11
425 372 47 12
424 130 38 10
424 80 27 8
424 330 56 15
424 349 31 7
423 437 35 9
423 325 42 12
423 313 51 11
423 399 47 14
423 171 36 10
423 492 38 9
422 247 94 23
422 134 55 14
422 351 57 13
422 202 53 13
422 59 36 11
421 67 18 5
421 95 41 9
421 303 24 7
421 280 25 7
420 386 144 29
420 100 94 23
420 227 118 28
420 151 21 7
420 194 63 13
420 493 72 24
420 2 24 6
420 87 112 26
419 113 20 7
419 307 34 10
419 129 67 19
419 104 41 12
419 232 70 19
419 139 41 9
419 206 30 8
418 221 64 15
418 461 62 12
418 305 78 19
418 166 51 14
418 445 15 4
417 339 56 19
417 345 35 10
417 386 72 20
417 248 57 13
417 100 42 11
416 210 143 28
416 23 37 11
416 459 18 5
416 263 103 26
416 362 49 10
416 199 41 13
416 225 38 13
416 360 17 4
415 407 93 26
415 127 67 16
415 321 90 24
415 499 46 12
415 108 32 9
415 34 17 6
414 289 72 23
414 296 67 15
414 133 101 24
414 112 570 125
414 208 410 101
414 60 36 12
414 64 340 97
414 380 110 28
414 78 46 13
414 451 124 40
414 406 88 20
413 119 29 6
413 99 33 10
413 485 14 3
413 187 33 8
412 262 60 18
412 25 81 16
412 210 28 10
412 58 72 20
411 70 28 7
411 121 35 10
411 335 36 8
411 25 67 15
411 29 56 14
410 369 45 14
410 390 61 17
410 45 84 17
410 366 72 21
410 458 48 10
410 41 55 13
410 221 79 17
409 454 78 16
409 170 33 7
409 57 19 6
409 76 49 17
409 242 55 15
408 193 39 11
408 179 49 11
408 303 14 4
408 280 22 5
408 112 84 18
408 290 21 4
407 163 37 12
407 56 28 7
407 359 52 13
407 321 57 15
407 415 81 23
407 127 59 16
406 434 65 16
406 9 58 18
406 274 62 12
406 78 24 8
406 451 64 16
406 414 89 17
405 139 17 4
405 217 35 12
405 232 42 12
405 82 86 22
405 30 40 11
404 278 45 11
404 21 34 11
404 16 36 8
404 270 31 8
404 157 45 11
404 18 57 15
403 6 39 11
403 68 37 10
403 178 81 17
403 114 65 16
403 314 35 8
402 432 56 13
402 279 50 12
402 354 30 8
402 350 96 22
402 123 78 20
402 310 72 23
402 13 83 18
402 15 65 20
402 55 77 22
401 144 54 12
401 28 21 6
401 84 68 18
401 130 39 12
401 320 56 16
401 332 31 7
400 395 8 3
400 72 26 8
400 142 9 3
400 460 47 10
400 164 37 10
400 237 32 8
400 397 38 11
399 313 35 8
399 423 47 12
399 490 35 8
399 163 72 16
399 56 68 18
399 159 84 25
399 492 73 19
398 297 19 5
398 449 86 21
398 132 140 28
398 375 43 11
398 183 113 26
398 177 85 21
397 237 37 10
397 400 48 10
397 154 17 5
397 164 53 12
397 464 28 8
396 10 257 54
396 371 458 124
396 260 235 60
396 312 70 16
396 384 122 32
395 180 51 10
395 237 24 6
395 400 9 3
395 142 8 2
394 128 63 17
394 49 82 17
394 271 62 18
394 211 83 26
394 341 78 15
394 300 30 8
394 162 51 14
393 370 44 10
393 215 59 12
393 442 68 16
393 94 13 4
393 434 71 20
393 257 40 11
392 430 57 15
392 373 35 9
392 438 78 18
392 391 60 18
392 490 26 8
392 163 68 15
391 209 64 15
391 438 62 15
391 392 72 18
391 227 37 10
391 218 13 4
391 382 22 6
391 163 75 15
391 457 24 7
390 124 65 12
390 366 66 19
390 11 84 21
390 147 106 33
390 369 27 6
390 410 50 13
389 285 87 21
389 207 45 11
389 231 46 10
389 17 35 9
389 174 58 16
388 495 103 26
388 131 69 19
388 277 25 8
388 71 358 71
388 259 59 21
388 230 83 26
388 291 106 26
388 126 118 31
388 306 230 62
387 314 15 5
387 178 75 17
387 68 25 7
387 67 54 11
387 179 41 10
387 193 35 9
386 324 39 11
386 155 23 7
386 339 39 13
386 417 63 22
386 100 105 24
386 420 124 31
386 227 111 25
385 192 17 6
385 383 32 7
385 493 75 15
385 440 24 6
385 93 14 4
385 251 20 6
384 396 117 32
384 10 115 43
384 381 104 26
384 353 56 11
384 312 120 30
384 425 85 28
383 33 47 12
383 185 68 19
383 192 18 5
383 385 29 8
383 493 50 16
382 391 19 5
382 457 8 2
382 218 14 5
382 53 27 9
382 27 39 10
381 10 67 20
381 45 50 11
381 221 48 12
381 384 75 20
381 353 100 28
381 461 97 35
380 465 29 10
380 494 87 24
380 133 49 15
380 64 219 46
380 414 143 31
379 371 38 13
379 317 74 18
379 308 27 8
379 189 33 8
379 436 178 45
379 171 134 27
378 271 37 13
378 300 51 14
378 162 43 16
378 222 56 12
378 453 23 7
378 370 34 11
377 319 100 26
377 365 14 6
377 161 10 3
377 316 25 7
376 203 80 24
376 284 60 20
376 288 38 8
376 293 71 16
376 487 72 15
376 273 68 17
375 297 49 13
375 331 68 21
375 273 23 6
375 398 52 13
375 344 38 9
375 177 48 13
374 348 44 12
374 249 16 5
374 182 51 13
374 196 20 6
374 438 70 18
374 209 60 19
373 444 34 8
373 430 30 9
373 392 42 11
373 63 60 14
373 313 46 14
373 490 53 14
372 425 42 11
372 353 75 16
372 474 57 17
372 172 12 3
372 220 22 6
371 396 492 108
371 260 215 58
371 66 117 35
371 317 55 14
371 379 51 12
371 6 301 77
371 436 244 56
370 378 39 9
370 453 35 9
370 215 37 7
370 222 57 16
370 367 40 11
370 393 43 12
370 94 36 11
369 124 47 12
369 45 51 12
369 410 43 12
369 390 20 6
368 115 46 14
368 110 45 15
368 20 47 13
368 191 13 3
368 226 59 13
368 289 24 8
368 486 39 8
367 370 35 12
367 222 41 11
367 110 16 4
367 20 21 6
367 94 26 6
366 390 67 17
366 363 18 4
366 11 29 6
366 463 28 7
366 458 98 22
366 410 77 22
365 319 100 25
365 377 20 5
365 316 25 5
365 236 44 11
364 98 36 8
364 471 59 12
364 456 42 10
364 426 67 18
364 322 20 6
363 366 21 4
363 463 10 2
363 11 17 6
362 58 63 15
362 470 23 5
362 120 12 3
362 32 9 2
362 210 93 23
362 263 77 20
362 416 47 11
361 177 49 18
361 342 52 17
361 183 40 10
361 43 30 8
361 198 9 3
360 416 15 3
360 225 43 11
360 459 4 1
359 53 22 6
359 163 72 19
359 407 49 12
359 321 20 5
359 27 33 8
359 443 22 5
358 105 57 14
358 329 58 15
358 169 42 10
358 197 20 6
358 83 53 15
358 481 47 14
357 114 33 7
357 112 39 9
357 179 44 12
356 183 8 3
356 466 65 22
356 329 62 17
356 489 55 10
356 462 7 2
355 146 79 18
355 433 71 17
355 253 111 22
355 154 93 27
355 145 87 20
355 175 87 20
355 350 30 8
354 432 43 12
354 305 26 6
354 433 61 17
354 350 94 26
354 402 39 8
353 384 52 14
353 425 81 22
353 372 59 18
353 474 78 20
353 461 76 17
353 381 117 26
352 263 91 19
352 199 51 11
352 285 81 15
352 231 56 16
352 128 44 10
352 125 35 9
352 233 48 13
351 319 110 25
351 235 109 22
351 247 90 22
351 422 58 14
351 161 15 4
351 316 43 8
351 59 63 19
351 24 65 14
350 433 84 18
350 354 77 22
350 402 102 25
350 355 31 7
350 310 42 9
350 175 101 31
350 447 44 9
349 130 54 11
349 424 32 7
349 330 70 18
349 320 8 2
348 141 24 5
348 106 28 9
348 182 24 7
348 374 55 13
348 69 100 31
348 438 109 25
348 160 81 23
347 463 54 14
347 458 79 21
347 85 33 10
347 241 33 8
347 468 46 9
346 236 75 17
346 8 36 13
346 102 37 11
346 64 37 9
346 81 32 12
345 267 43 10
345 339 47 13
345 333 33 9
345 248 45 11
345 417 41 8
344 273 26 6
344 487 43 10
344 375 42 9
344 177 59 18
344 484 47 14
344 103 77 18
344 342 70 21
343 474 29 7
343 261 31 9
343 279 36 11
343 428 50 10
343 73 26 8
343 478 31 9
342 344 78 20
342 103 35 9
342 361 56 18
342 177 21 5
342 285 97 31
342 43 81 22
341 394 56 18
341 21 16 4
341 211 67 13
341 162 85 21
341 476 80 23
341 115 68 22
340 498 75 23
340 39 17 4
340 104 40 11
340 482 47 14
340 72 37 12
340 460 76 14
339 243 20 6
339 324 17 5
339 345 54 13
339 267 41 13
339 386 51 10
339 417 64 17
338 77 53 13
338 23 33 8
338 295 54 13
338 176 71 17
338 250 24 8
338 205 49 16
338 268 52 18
337 439 17 5
337 495 193 40
337 214 110 30
337 65 71 18
337 101 103 21
337 256 86 22
336 87 40 8
336 499 12 4
336 472 37 9
336 265 15 4
335 121 41 12
335 411 34 8
335 29 27 7
335 54 21 8
334 93 63 12
334 51 34 11
334 304 50 13
334 255 77 21
334 258 73 14
334 84 47 14
333 86 16 5
333 267 34 8
333 262 29 8
333 276 63 18
333 248 60 13
333 345 36 7
332 28 35 8
332 188 45 17
332 229 40 10
332 320 48 11
332 401 32 7
332 168 59 18
332 42 67 18
331 92 85 25
331 288 42 11
331 449 68 15
331 297 31 8
331 273 65 17
331 375 72 15
330 80 39 12
330 424 47 14
330 349 63 17
330 320 66 17
330 229 92 29
330 451 57 15
330 9 86 24
329 466 47 14
329 356 79 15
329 105 27 7
329 358 54 15
329 489 54 16
329 83 78 18
328 126 118 30
328 153 51 14
328 92 36 8
328 46 18 4
328 306 66 22
327 472 62 16
327 265 54 15
327 4 61 14
327 188 20 4
327 144 66 18
327 28 34 9
326 315 33 9
326 158 39 10
326 152 36 10
326 102 68 17
326 302 49 12
326 494 38 8
325 189 19 4
325 308 23 6
325 63 37 12
325 437 37 12
325 171 67 16
325 423 52 13
324 187 55 12
324 243 12 3
324 339 15 5
324 386 36 11
324 155 42 11
323 294 35 11
323 232 21 5
323 216 60 14
323 31 61 19
323 82 81 18
323 479 50 12
322 98 31 7
322 50 25 7
322 364 18 6
322 426 90 16
322 200 93 34
322 138 46 11
322 88 88 22
321 359 17 5
321 407 65 16
321 443 3 1
321 415 69 21
321 499 92 18
320 130 52 14
320 401 55 14
320 332 40 10
320 349 7 2
320 330 63 19
320 229 49 14
319 254 180 55
319 169 186 39
319 197 112 31
319 19 67 17
319 116 61 15
319 236 141 41
319 365 112 28
319 377 74 22
319 161 101 22
319 235 88 20
319 351 87 25
318 272 79 25
318 15 22 6
318 483 22 6
318 36 28 8
318 106 56 11
318 35 50 15
317 66 133 32
317 272 119 34
317 69 25 7
317 286 36 8
317 371 52 18
317 379 80 19
317 308 81 18
316 377 24 8
316 161 28 7
316 365 24 7
316 351 41 9
316 236 49 10
316 24 82 23
316 8 81 28
315 40 25 6
315 152 36 10
315 326 36 8
315 158 31 11
315 22 35 11
314 403 36 8
314 387 13 4
314 68 20 6
314 114 64 14
314 179 51 10
313 63 36 13
313 437 33 10
313 373 48 10
313 490 11 4
313 423 48 12
313 399 43 11
312 396 74 16
312 220 70 17
312 260 156 52
312 246 153 31
312 384 117 25
312 425 36 8
311 220 54 12
311 172 45 10
311 474 71 15
311 73 54 14
311 478 41 11
311 246 40 12
311 136 49 12
310 402 92 21
310 350 38 10
310 123 35 6
310 447 13 5
310 36 17 4
310 483 27 7
309 255 26 9
309 442 34 9
309 434 94 22
309 258 34 12
309 9 60 16
308 317 83 18
308 379 23 8
308 286 64 14
308 189 18 6
308 325 23 6
308 63 46 13
307 281 36 12
307 184 68 24
307 283 50 11
307 113 18 5
307 143 101 20
307 104 51 11
307 419 42 8
306 388 289 54
306 126 109 38
306 328 75 22
306 46 59 22
306 431 34 10
306 71 48 12
305 418 67 18
305 461 63 19
305 432 34 12
305 166 62 14
305 354 28 8
305 433 64 17
304 140 70 13
304 252 72 15
304 93 39 10
304 440 38 10
304 251 27 6
304 38 76 21
304 334 39 9
304 255 68 23
303 67 29 8
303 193 22 7
303 421 21 5
303 408 19 5
303 280 17 5
302 158 17 6
302 326 40 10
302 465 32 7
302 494 62 12
301 156 35 10
301 429 43 9
301 62 65 16
301 299 39 14
301 219 40 12
301 282 43 9
301 1 26 7
300 271 71 13
300 378 47 11
300 394 41 8
300 162 17 4
299 62 54 14
299 291 69 16
299 301 54 14
299 126 70 20
299 219 17 6
299 153 20 5
298 441 61 12
298 477 52 13
298 3 11 4
298 86 79 20
298 212 93 24
298 267 83 20
297 331 41 8
297 375 49 12
297 398 21 5
297 449 76 20
296 148 19 5
296 257 36 10
296 289 35 8
296 414 61 15
296 274 45 14
296 60 63 12
295 459 52 18
295 225 41 8
295 23 66 17
295 338 68 17
295 244 28 9
295 176 3 1
295 49 29 7
294 88 44 14
294 129 48 9
294 200 63 18
294 31 62 14
294 232 38 10
294 323 30 8
293 284 62 15
293 216 39 10
293 376 67 15
293 487 30 11
293 48 39 11
293 195 49 14
292 5 13 3
292 264 15 4
292 58 49 15
292 470 52 13
292 26 31 8
292 96 50 10
291 388 115 28
291 230 32 9
291 62 19 6
291 299 86 16
291 126 17 4
290 408 22 6
290 112 105 19
290 208 84 21
290 95 43 13
290 280 6 2
289 191 28 6
289 368 33 8
289 486 35 7
289 148 33 9
289 201 41 13
289 133 62 14
289 414 99 24
289 296 32 9
288 282 128 33
288 203 82 23
288 223 117 22
288 92 127 31
288 376 28 7
288 331 38 11
288 273 75 19
287 275 73 18
287 435 78 25
287 167 36 9
287 429 25 5
287 234 13 3
287 156 6 2
286 317 32 9
286 69 27 6
286 160 64 15
286 444 51 14
286 308 69 17
286 63 60 19
285 342 133 34
285 103 110 27
285 263 51 14
285 43 116 34
285 207 81 29
285 389 86 17
285 231 74 22
285 352 62 16
284 31 17 6
284 203 109 23
284 200 64 13
284 376 85 19
284 293 59 16
284 216 40 9
283 240 34 8
283 186 56 13
283 39 40 9
283 281 28 7
283 307 52 11
283 184 58 19
282 301 44 11
282 1 17 4
282 219 49 14
282 92 65 19
282 288 110 32
282 223 50 12
281 307 41 10
281 283 28 8
281 104 45 13
281 39 12 4
280 421 23 5
280 303 19 5
280 408 16 5
280 95 43 12
280 290 8 2
279 343 44 11
279 428 40 12
279 432 45 10
279 261 35 7
279 402 61 12
279 13 68 19
279 488 91 24
278 211 56 12
278 16 32 7
278 52 19 5
278 21 57 13
278 404 54 13
277 131 48 11
277 12 34 11
277 388 22 9
277 259 55 13
277 90 52 12
276 262 79 15
276 333 65 16
276 210 40 8
276 248 32 10
276 77 95 21
276 446 81 20
275 452 54 11
275 90 24 7
275 259 18 5
275 435 43 14
275 230 95 19
275 287 64 20
275 429 67 18
274 257 57 13
274 434 32 9
274 406 55 12
274 78 32 10
274 296 47 12
274 60 25 6
273 288 64 22
273 376 84 21
273 487 39 12
273 331 90 23
273 344 27 6
273 375 28 7
272 13 27 8
272 66 66 14
272 488 37 9
272 55 19 5
272 15 69 20
272 318 81 24
272 106 126 29
272 317 136 30
272 69 116 34
271 49 73 15
271 176 53 13
271 455 51 11
271 394 64 16
271 300 63 18
271 378 46 13
271 453 48 13
270 16 34 11
270 404 26 7
270 134 49 11
270 202 60 19
270 157 50 10
269 458 99 26
269 241 55 13
269 498 20 8
269 181 64 19
269 266 37 8
269 72 87 24
268 475 22 6
268 77 35 9
268 500 13 3
268 205 9 3
268 338 63 16
267 298 64 22
267 212 60 17
267 243 39 12
267 86 17 5
267 333 28 8
267 345 44 9
267 339 38 9
266 181 51 17
266 269 37 10
266 72 73 19
266 180 48 13
266 142 50 12
265 499 27 7
265 472 45 12
265 336 13 4
265 4 17 6
265 327 53 16
264 29 52 11
264 5 5 2
264 292 11 4
264 26 23 6
263 137 105 23
263 96 56 11
263 32 65 14
263 103 101 24
263 285 53 16
263 352 64 19
263 199 92 20
263 362 77 18
263 416 100 25
262 86 32 9
262 25 75 25
262 3 65 14
262 412 58 15
262 333 24 8
262 276 78 15
262 210 75 21
261 461 76 17
261 474 49 12
261 343 33 9
261 279 30 8
261 432 21 6
260 396 234 63
260 312 173 41
260 246 35 8
260 44 73 20
260 136 38 9
260 371 198 55
260 66 103 31
259 388 85 15
259 277 55 14
259 90 8 2
259 275 18 5
259 230 82 24
258 255 58 14
258 334 64 17
258 84 56 15
258 309 33 9
258 9 76 19
258 80 38 10
257 94 42 10
257 393 32 10
257 20 36 9
257 486 23 8
257 148 31 8
257 296 38 8
257 274 49 15
257 434 50 15
256 337 68 18
256 65 90 21
256 101 37 13
256 165 67 16
256 167 101 22
255 38 75 22
255 304 65 19
255 334 83 15
255 215 85 22
255 442 28 9
255 309 26 8
255 258 53 15
254 71 153 32
254 132 70 19
254 236 341 86
254 466 39 9
254 105 65 15
254 169 53 18
254 319 199 48
253 146 73 22
253 180 8 2
253 237 35 8
253 355 95 26
253 154 55 18
252 185 61 19
252 140 13 4
252 475 18 7
252 192 52 14
252 304 61 13
252 440 49 11
251 385 18 6
251 93 18 5
251 304 26 7
251 440 10 3
250 338 26 6
250 205 49 11
250 38 66 18
250 455 30 8
250 176 58 15
249 374 15 4
249 182 58 15
249 196 8 2
249 99 52 12
248 333 51 14
248 345 48 11
248 276 34 10
248 417 43 12
248 446 81 21
248 100 67 22
247 116 31 8
247 122 64 15
247 235 3 1
247 351 81 21
247 422 101 19
247 204 35 11
247 134 62 13
246 312 124 36
246 220 92 21
246 311 41 9
246 260 36 10
246 136 32 7
245 426 32 7
245 467 42 11
245 165 52 14
245 427 13 4
245 200 87 27
245 203 79 19
244 199 22 4
244 225 16 5
244 233 8 2
244 295 31 8
244 49 30 6
243 212 53 12
243 267 45 12
243 485 52 11
243 187 54 14
243 339 17 6
243 324 10 3
242 454 48 16
242 14 50 15
242 409 46 13
242 76 56 17
242 184 86 23
242 480 43 12
242 468 99 22
242 240 105 23
241 458 99 22
241 347 33 8
241 186 15 5
241 468 24 7
241 498 26 8
241 269 38 12
240 242 110 27
240 468 30 6
240 186 32 11
240 283 34 8
240 184 63 19
239 445 54 12
239 181 44 12
239 458 87 18
239 41 50 12
239 496 52 14
239 166 67 14
238 495 36 10
238 131 6 2
238 75 48 11
238 12 26 7
237 180 35 9
237 253 34 9
237 395 20 6
237 154 48 13
237 397 31 9
237 400 31 7
236 71 437 105
236 254 436 87
236 319 156 42
236 365 56 15
236 316 42 9
236 81 70 20
236 8 94 27
236 346 65 19
235 116 31 9
235 319 63 18
235 351 82 21
235 247 4 1
234 287 11 3
234 167 30 8
234 1 44 11
234 156 18 5
233 199 24 6
233 244 7 2
233 49 22 6
233 125 8 2
233 352 36 12
232 129 57 14
232 419 61 17
232 139 41 10
232 294 33 8
232 323 21 5
232 82 62 16
232 405 38 13
231 285 83 17
231 352 46 12
231 389 40 13
231 17 51 15
231 211 52 12
231 128 46 13
230 259 84 20
230 275 72 19
230 429 80 21
230 388 111 26
230 62 22 7
230 291 44 9
229 332 32 9
229 42 53 13
229 320 56 11
229 330 129 27
229 451 147 50
229 224 57 13
229 208 109 29
228 170 66 16
228 61 64 17
228 7 48 11
228 57 74 14
228 135 18 5
227 155 100 26
227 196 78 19
227 209 37 10
227 386 117 30
227 391 30 9
227 218 31 8
227 27 81 15
227 420 111 22
227 151 99 22
226 115 18 4
226 18 73 21
226 473 55 18
226 368 47 13
226 191 60 13
226 201 51 18
225 416 52 14
225 360 33 9
225 459 40 10
225 295 28 9
225 244 20 5
225 199 11 3
224 42 28 8
224 229 51 13
224 208 94 19
223 1 79 15
223 467 25 7
223 282 50 16
223 203 33 9
223 288 94 27
222 378 60 14
222 476 23 4
222 162 18 6
222 370 48 15
222 367 53 11
222 110 52 12
221 45 69 21
221 381 60 15
221 410 76 23
221 41 44 10
221 445 65 18
221 461 90 21
221 418 81 18
220 312 79 15
220 425 47 10
220 246 72 23
220 311 44 12
220 172 14 3
220 372 23 7
219 301 34 11
219 282 53 10
219 299 15 5
219 92 45 14
219 153 28 5
218 391 11 3
218 227 28 9
218 27 55 11
218 382 14 4
217 206 25 8
217 482 25 6
217 111 16 5
217 139 34 9
217 30 33 7
217 405 38 11
216 323 57 14
216 31 30 9
216 284 37 9
216 293 47 14
216 479 31 6
216 48 32 7
215 38 80 21
215 453 37 9
215 370 35 8
215 255 70 19
215 393 61 13
215 442 47 13
214 495 122 33
214 337 118 23
214 452 46 16
214 435 45 8
214 101 8 3
214 167 96 21
213 118 45 10
213 127 45 10
213 108 33 7
213 178 38 11
213 97 32 7
212 441 109 24
212 175 81 18
212 485 14 4
212 298 99 23
212 267 81 16
212 243 50 13
211 231 44 13
211 128 66 16
211 17 45 12
211 52 58 12
211 278 62 16
211 394 91 22
211 21 71 16
211 341 50 17
210 412 28 8
210 262 82 14
210 58 72 21
210 362 130 24
210 416 132 28
210 23 139 33
210 276 36 10
210 77 114 31
209 438 27 7
209 374 59 17
209 196 70 15
209 227 34 9
209 391 56 15
208 42 100 22
208 229 105 35
208 224 91 17
208 168 90 23
208 95 45 10
208 290 89 16
208 112 156 39
208 414 384 108
208 451 282 71
207 43 85 17
207 285 91 24
207 173 55 14
207 150 29 8
207 389 56 12
207 174 51 14
206 104 30 7
206 482 27 7
206 217 20 6
206 139 43 10
206 419 33 10
205 338 50 18
205 268 8 3
205 250 46 10
205 38 57 16
205 140 37 11
205 475 26 7
204 122 33 11
204 16 61 12
204 247 33 9
204 134 32 10
203 467 44 12
203 245 72 18
203 288 79 19
203 223 28 7
203 376 93 19
203 200 88 27
203 284 94 30
202 134 69 14
202 270 52 15
202 157 59 19
202 422 47 12
202 59 47 10
202 40 49 17
202 152 32 11
201 226 64 14
201 191 32 8
201 473 22 5
201 79 28 10
201 289 38 13
201 133 39 11
200 426 100 19
200 322 96 23
200 88 92 22
200 245 103 26
200 294 61 20
200 31 42 14
200 203 90 27
200 284 52 11
199 263 96 21
199 416 48 14
199 352 43 10
199 233 25 6
199 244 20 4
199 225 11 3
198 361 9 2
198 183 40 8
198 462 29 7
198 43 26 6
198 117 20 6
197 169 53 13
197 358 18 6
197 319 97 35
197 481 44 13
197 19 76 17
196 374 20 6
196 99 54 13
196 249 10 3
196 155 58 14
196 209 50 13
196 227 85 24
195 293 50 13
195 48 37 12
195 54 70 15
195 107 46 13
195 487 65 15
195 29 93 22
195 26 96 24
194 100 64 16
194 420 64 17
194 493 53 17
194 33 24 8
193 387 35 10
193 67 23 7
193 303 21 8
193 408 37 9
193 179 29 9
192 185 72 16
192 383 17 5
192 385 23 6
192 440 24 5
192 252 40 10
191 368 12 4
191 226 45 13
191 289 27 6
191 201 28 9
190 441 77 28
190 30 66 20
190 70 28 9
190 477 43 13
190 91 16 4
190 37 22 7
189 379 28 9
189 171 82 21
189 325 14 4
189 308 18 4
188 4 70 19
188 327 17 5
188 28 44 9
188 168 46 12
188 332 57 13
187 99 14 3
187 413 30 8
187 155 44 13
187 324 42 11
187 485 40 9
187 243 55 14
186 241 17 5
186 468 20 5
186 240 36 11
186 283 60 16
186 39 79 20
186 498 18 5
185 100 84 20
185 446 16 4
185 500 56 15
185 33 79 15
185 475 62 13
185 252 57 17
185 383 53 18
185 192 82 19
184 242 75 24
184 76 21 5
184 497 22 5
184 143 56 14
184 240 66 18
184 307 89 20
184 283 77 19
183 132 97 25
183 361 35 9
183 398 141 35
183 177 91 20
183 466 83 24
183 198 38 10
183 462 13 4
183 356 10 3
182 35 24 9
182 141 29 6
182 119 91 18
182 99 66 21
182 348 32 6
182 374 53 11
182 249 53 17
181 458 91 20
181 239 58 17
181 269 68 23
181 266 49 12
181 496 44 12
181 180 52 17
180 181 49 16
180 496 90 20
180 266 57 12
180 142 54 11
180 146 79 17
180 395 50 12
180 253 7 3
180 237 35 11
179 387 30 8
179 314 39 12
179 114 45 11
179 193 30 7
179 408 45 15
179 357 38 11
179 112 56 20
178 118 71 18
178 213 48 10
178 89 103 28
178 6 96 30
178 403 80 22
178 97 15 4
178 67 85 22
178 387 53 14
178 68 49 10
177 375 68 15
177 344 62 19
177 361 50 16
177 342 20 7
177 183 74 27
177 398 84 19
176 338 70 17
176 295 4 1
176 49 30 7
176 271 53 15
176 250 68 20
176 455 91 23
175 355 83 20
175 145 30 9
175 350 84 30
175 447 102 22
175 441 95 19
175 212 67 21
175 485 80 17
175 119 67 12
174 150 54 15
174 207 48 13
174 389 44 15
174 17 42 9
174 469 50 15
174 47 18 4
174 122 43 13
173 117 57 16
173 43 55 13
173 489 18 6
173 207 53 13
173 83 55 16
173 150 46 10
173 74 57 13
172 372 14 4
172 220 14 3
172 311 43 10
172 474 69 16
171 189 82 20
171 379 103 29
171 325 74 21
171 423 34 10
171 436 55 12
171 492 13 5
170 454 81 15
170 149 59 15
170 61 52 11
170 228 54 17
170 57 41 10
170 409 30 9
169 105 35 8
169 254 53 18
169 319 142 49
169 358 48 13
169 197 42 13
168 4 77 21
168 97 177 40
168 188 51 12
168 332 60 17
168 42 12 4
168 67 110 41
168 95 122 28
168 208 105 21
167 214 81 21
167 101 88 17
167 256 98 24
167 165 89 18
167 435 84 26
167 287 37 9
167 234 37 10
167 467 68 17
167 1 67 18
166 239 51 12
166 445 56 13
166 418 40 14
166 496 25 7
166 433 54 13
166 305 51 12
165 65 82 22
165 471 86 21
165 256 79 17
165 167 93 18
165 426 59 15
165 467 60 20
165 427 43 12
165 245 59 13
164 400 42 10
164 460 6 2
164 450 54 13
164 397 53 13
164 464 28 8
163 392 73 18
163 391 63 17
163 490 75 18
163 399 68 15
163 457 59 14
163 53 64 12
163 56 30 8
163 407 44 9
163 359 55 19
162 341 69 19
162 378 53 16
162 394 49 12
162 300 16 5
162 476 32 9
162 222 22 6
161 319 79 26
161 377 14 3
161 351 16 4
161 316 25 9
160 69 65 18
160 286 68 17
160 348 75 20
160 438 59 17
160 430 24 8
160 444 16 5
159 399 82 26
159 492 65 15
159 436 56 15
159 6 98 32
159 89 41 9
159 56 83 28
158 315 40 9
158 22 1 1
158 326 44 11
158 302 24 5
158 465 36 11
158 79 45 10
157 404 52 14
157 18 20 5
157 270 36 12
157 40 37 12
157 202 56 17
156 287 5 2
156 429 20 4
156 301 44 11
156 1 52 12
156 234 14 4
155 187 37 10
155 99 54 11
155 196 48 12
155 227 95 28
155 386 26 5
155 324 40 14
154 237 44 13
154 397 13 5
154 253 60 15
154 464 33 10
154 450 46 12
154 355 98 23
154 145 63 15
153 299 16 5
153 219 27 6
153 126 79 22
153 92 47 12
153 328 44 14
152 59 52 11
152 202 36 10
152 40 37 11
152 24 57 14
152 8 76 20
152 315 35 8
152 326 41 9
152 102 67 21
151 27 35 9
151 2 14 3
151 420 29 7
151 227 96 22
150 207 37 10
150 173 32 10
150 74 19 5
150 174 57 16
150 469 44 10
149 495 291 84
149 439 195 38
149 61 11 3
149 147 133 30
149 454 89 19
149 170 46 12
148 257 23 8
148 296 19 5
148 289 30 7
148 486 15 4
147 149 138 32
147 454 70 19
147 10 216 55
147 124 162 42
147 390 139 28
147 11 51 17
147 14 64 13
146 496 50 12
146 180 85 23
146 253 70 21
146 433 16 5
146 355 69 16
145 154 63 17
145 355 88 22
145 450 66 17
145 175 27 9
145 441 80 18
144 472 49 13
144 493 68 20
144 51 59 13
144 84 63 15
144 401 53 13
144 327 61 13
144 28 48 12
143 497 45 12
143 184 60 17
143 50 36 10
143 138 17 5
143 307 76 19
143 113 71 19
142 266 40 13
142 180 47 11
142 395 8 2
142 400 9 3
142 72 35 8
141 106 19 5
141 35 12 4
141 348 25 7
141 182 21 6
140 252 14 3
140 205 35 8
140 475 21 6
140 304 54 15
140 38 48 12
139 419 32 9
139 206 36 10
139 232 47 13
139 217 34 9
139 405 12 4
138 50 40 11
138 143 22 4
138 491 64 15
138 113 87 22
138 322 43 12
138 88 49 15
137 107 33 10
137 484 34 12
137 103 48 11
137 263 93 26
137 26 58 14
137 96 78 26
136 311 37 11
136 246 34 6
136 478 45 12
136 448 36 7
136 260 38 12
136 44 64 20
135 228 22 4
135 7 39 9
135 109 41 9
135 456 37 12
135 57 59 15
135 98 53 16
134 16 49 18
134 202 59 14
134 270 40 11
134 422 56 13
134 247 62 16
134 204 31 10
133 201 43 13
133 289 58 16
133 79 49 11
133 465 60 16
133 414 76 27
133 380 45 14
132 449 127 32
132 431 89 19
132 71 108 23
132 398 125 29
132 254 82 17
132 183 94 26
132 466 78 21
131 495 35 10
131 238 7 2
131 388 60 17
131 12 37 7
131 277 45 10
130 401 50 11
130 84 22 7
130 80 55 13
130 424 28 9
130 349 44 13
130 320 50 12
129 113 74 14
129 491 5 2
129 88 16 3
129 294 45 12
129 232 67 17
129 419 73 17
128 352 40 9
128 125 50 11
128 231 43 13
128 211 75 19
128 394 81 19
128 49 45 15
127 56 68 16
127 407 43 12
127 415 55 16
127 108 53 12
127 118 33 9
127 213 49 11
126 291 16 4
126 388 150 37
126 306 111 32
126 299 83 23
126 153 92 25
126 328 119 28
125 352 42 9
125 233 9 2
125 49 23 5
125 128 42 13
124 10 20 5
124 147 173 50
124 390 60 16
124 369 37 10
124 45 32 6
123 402 72 19
123 15 9 3
123 483 8 2
123 310 32 7
122 469 57 15
122 174 41 14
122 47 48 12
122 52 53 14
122 116 65 18
122 16 40 10
122 204 41 11
122 247 67 17
121 30 81 25
121 54 30 10
121 82 7 2
121 70 48 13
121 411 33 9
121 335 44 12
120 362 9 3
120 32 2 1
120 470 14 4
119 447 131 30
119 35 94 25
119 175 59 13
119 485 31 8
119 413 22 6
119 99 39 11
119 182 86 20
118 56 66 20
118 89 44 9
118 178 76 23
118 213 38 13
118 127 29 6
117 198 24 5
117 43 10 2
117 173 61 15
117 489 44 9
117 462 31 7
116 481 58 17
116 469 62 19
116 19 42 10
116 319 59 17
116 235 30 7
116 247 37 10
116 122 56 17
115 21 101 22
115 341 98 20
115 476 38 10
115 18 70 17
115 226 17 5
115 368 59 12
115 110 69 19
114 6 97 24
114 403 51 17
114 314 64 14
114 179 42 14
114 112 75 18
114 357 23 8
113 138 87 24
113 307 18 5
113 143 79 19
113 419 21 6
113 129 68 17
113 491 76 19
112 6 121 33
112 114 61 16
112 357 44 11
112 179 68 19
112 408 82 20
112 290 98 28
112 414 565 169
112 208 194 40
111 482 18 5
111 217 21 5
111 460 56 19
111 30 45 10
110 476 57 13
110 222 39 13
110 367 14 4
110 115 74 14
110 368 58 16
110 20 16 4
109 7 39 9
109 135 39 11
109 456 10 4
109 471 6 2
108 127 56 11
108 415 40 11
108 213 34 9
108 97 59 14
108 34 41 13
107 487 68 16
107 195 54 12
107 484 7 2
107 137 48 9
107 26 73 19
106 318 52 14
106 272 103 24
106 141 19 6
106 35 31 7
106 69 95 31
106 348 34 8
105 254 56 12
105 466 34 10
105 169 29 7
105 329 25 9
105 358 52 12
104 281 38 11
104 307 42 14
104 39 44 13
104 340 43 11
104 419 51 10
104 482 22 6
104 206 25 7
103 344 73 15
103 484 53 14
103 137 49 13
103 342 36 10
103 285 93 22
103 263 94 23
102 152 70 24
102 8 14 3
102 326 73 16
102 346 48 12
102 494 72 17
102 64 63 22
101 337 78 21
101 214 8 3
101 256 51 13
101 167 83 21
100 386 90 22
100 417 36 9
100 420 101 30
100 194 70 14
100 446 70 16
100 248 79 21
100 33 51 11
100 185 88 21
99 119 49 11
99 182 70 17
99 187 14 3
99 413 37 10
99 155 51 13
99 196 61 15
99 249 47 15
98 135 63 15
98 57 81 17
98 456 37 11
98 364 31 7
98 50 16 4
98 322 28 7
97 108 51 14
97 34 105 21
97 213 32 8
97 4 125 32
97 168 148 44
97 67 98 18
97 178 14 4
96 137 107 28
96 26 78 14
96 292 46 10
96 470 32 8
96 263 55 15
96 32 24 8
95 67 52 16
95 421 35 8
95 168 125 22
95 208 39 9
95 280 36 11
95 290 43 11
94 370 42 9
94 393 10 4
94 257 39 8
94 20 24 9
94 367 29 7
93 385 14 5
93 493 66 21
93 304 38 9
93 251 19 5
93 334 44 13
93 51 44 16
92 282 85 18
92 219 42 12
92 153 46 10
92 328 36 9
92 46 37 13
92 449 68 17
92 331 78 27
92 288 98 32
91 190 16 4
91 477 30 7
91 37 13 3
90 12 26 9
90 75 35 8
90 452 34 9
90 275 26 5
90 259 7 2
90 277 44 12
89 118 52 9
89 56 74 19
89 159 43 10
89 178 106 32
89 6 128 25
88 322 95 17
88 138 51 15
88 200 74 17
88 294 42 12
88 491 9 3
88 129 12 4
87 420 95 25
87 2 92 22
87 443 83 19
87 493 91 24
87 472 27 7
87 499 30 8
87 336 31 10
86 3 51 13
86 298 78 19
86 262 25 9
86 267 18 4
86 333 21 6
85 14 44 11
85 463 46 12
85 480 31 8
85 347 36 9
85 468 52 17
84 51 54 10
84 144 77 15
84 334 52 14
84 401 50 13
84 258 66 18
84 130 24 7
84 80 47 13
83 329 80 19
83 489 58 16
83 358 63 14
83 173 65 18
83 481 37 9
83 74 43 9
83 469 40 9
82 232 89 19
82 323 64 18
82 405 60 21
82 30 83 25
82 479 77 16
82 54 43 11
82 121 7 2
81 236 59 19
81 346 33 12
81 64 18 5
80 84 42 12
80 130 52 14
80 258 53 13
80 9 70 22
80 424 30 8
80 330 43 14
79 22 47 12
79 473 16 5
79 201 28 7
79 158 50 12
79 133 53 12
79 465 35 9
78 274 36 11
78 60 18 6
78 406 29 7
78 414 50 14
77 210 122 32
77 276 95 20
77 446 50 15
77 23 55 18
77 338 72 16
77 268 33 11
77 500 35 10
76 409 63 14
76 242 70 20
76 57 47 12
76 184 23 5
76 497 16 5
75 238 41 11
75 495 75 15
75 12 20 6
75 452 19 6
75 90 35 9
74 173 51 14
74 150 17 6
74 469 19 7
74 83 35 8
73 474 53 12
73 311 49 15
73 478 4 1
73 343 32 9
72 498 92 23
72 269 71 19
72 266 58 16
72 340 49 10
72 460 35 10
72 400 28 7
72 142 36 10
71 388 348 62
71 306 41 9
71 431 20 6
71 236 468 142
71 132 105 23
71 254 127 34
70 30 93 22
70 190 38 9
70 411 20 5
70 121 49 15
70 25 43 12
70 37 45 10
69 106 129 22
69 272 112 24
69 317 25 6
69 348 130 23
69 286 24 7
69 160 58 16
68 403 29 8
68 314 15 5
68 387 19 6
68 178 46 10
67 97 83 18
67 178 77 19
67 387 55 14
67 168 158 28
67 193 23 7
67 303 25 6
67 95 68 12
67 421 22 6
66 44 41 13
66 260 118 31
66 272 67 16
66 488 58 14
66 371 131 38
66 317 119 27
65 439 55 17
65 61 119 39
65 337 59 17
65 256 93 24
65 165 95 25
65 471 57 18
65 7 46 11
64 346 44 8
64 81 19 5
64 102 83 19
64 494 111 33
64 380 228 51
64 414 307 77
63 286 78 20
63 444 63 19
63 308 52 10
63 325 36 10
63 373 53 13
63 437 17 5
63 313 50 9
62 230 23 7
62 429 74 22
62 291 23 5
62 301 71 16
62 299 58 16
61 149 10 4
61 439 165 36
61 65 112 32
61 170 52 13
61 228 58 15
61 7 105 25
60 296 50 15
60 274 29 8
60 78 24 6
60 414 35 12
59 422 44 11
59 202 49 13
59 351 56 17
59 152 51 14
59 24 12 4
58 29 88 24
58 5 58 15
58 25 104 27
58 412 76 14
58 292 49 13
58 470 41 11
58 210 80 17
58 362 55 12
57 170 44 9
57 409 19 6
57 228 60 17
57 135 57 19
57 98 63 22
57 76 39 13
57 497 62 15
57 50 71 21
56 399 76 19
56 163 25 6
56 407 33 10
56 127 70 20
56 118 85 23
56 89 100 21
56 159 88 28
55 13 33 7
55 402 100 24
55 272 16 5
55 15 55 14
54 48 68 17
54 479 51 13
54 82 42 10
54 121 36 11
54 195 64 17
54 335 29 8
54 29 38 12
53 457 28 8
53 163 51 16
53 359 22 5
53 382 27 7
53 27 20 6
52 17 46 9
52 211 50 11
52 47 19 6
52 122 53 13
52 278 18 6
52 16 50 12
51 93 57 16
51 334 38 10
51 493 75 23
51 144 56 13
51 84 49 15
50 57 77 16
50 497 59 15
50 98 16 5
50 322 23 8
50 138 42 11
50 143 31 9
49 233 21 7
49 125 22 6
49 244 23 7
49 295 28 8
49 176 21 7
49 128 52 11
49 271 69 18
49 394 85 17
48 216 37 9
48 479 16 5
48 293 52 12
48 195 34 12
48 54 67 13
47 17 31 7
47 174 21 5
47 52 23 6
47 122 46 12
46 328 14 4
46 92 39 11
46 306 62 19
46 449 38 12
46 431 76 16
45 10 27 8
45 369 49 12
45 124 30 7
45 410 75 17
45 221 75 18
45 381 44 14
44 260 89 21
44 136 69 23
44 66 45 10
44 488 49 13
44 428 85 18
44 448 65 18
43 361 24 9
43 198 28 5
43 342 90 19
43 117 8 3
43 173 46 17
43 285 109 31
43 207 97 24
42 332 75 20
42 168 11 3
42 208 77 20
42 224 23 7
42 229 49 16
41 410 53 14
41 221 53 13
41 445 63 15
41 458 64 16
41 239 48 12
40 157 52 14
40 18 49 17
40 202 60 13
40 152 39 14
40 315 26 6
40 473 74 18
40 22 34 12
39 186 90 22
39 498 71 20
39 283 38 11
39 281 12 3
39 104 49 10
39 340 19 4
38 250 67 19
38 205 55 14
38 140 41 11
38 455 52 11
38 453 74 20
38 215 76 22
38 255 84 22
38 304 70 21
37 190 26 6
37 91 13 4
37 477 33 8
37 25 21 5
37 70 43 11
36 310 18 4
36 483 23 8
36 318 32 9
36 35 53 15
36 447 8 2
35 318 54 13
35 36 63 17
35 447 64 16
35 119 92 25
35 106 22 7
35 141 14 3
35 182 33 7
34 415 24 5
34 108 38 11
34 499 41 12
34 97 80 20
34 4 27 7
33 100 42 14
33 185 74 15
33 383 48 13
33 493 73 16
33 194 26 6
32 470 11 4
32 120 2 1
32 362 12 3
32 263 65 17
32 96 20 6
31 294 74 14
31 284 19 5
31 200 47 12
31 323 74 18
31 216 35 9
30 111 32 9
30 460 86 21
30 217 33 8
30 405 54 12
30 82 75 23
30 121 79 21
30 441 140 31
30 450 90 24
30 190 87 19
30 70 82 20
29 335 25 7
29 54 45 11
29 411 58 15
29 195 91 19
29 26 47 15
29 25 107 27
29 58 78 25
29 5 50 14
29 264 51 11
28 188 31 8
28 332 31 8
28 401 20 5
28 144 63 12
28 327 32 10
27 227 60 19
27 218 51 13
27 151 36 9
27 382 43 9
27 53 20 6
27 2 47 10
27 359 31 8
27 443 41 10
26 107 70 22
26 195 70 23
26 29 46 15
26 137 62 14
26 264 21 5
26 292 33 7
26 96 81 18
25 411 72 15
25 70 45 14
25 37 16 5
25 477 50 14
25 29 107 26
25 262 86 20
25 3 87 20
25 412 71 18
25 58 117 21
24 351 65 18
24 59 12 4
24 316 84 20
24 152 50 15
24 8 45 11
23 210 101 31
23 416 36 10
23 459 24 9
23 77 57 16
23 338 32 7
23 295 70 18
22 40 44 11
22 473 62 16
22 79 50 12
22 158 2 1
22 315 32 8
21 278 53 15
21 211 74 19
21 341 14 4
21 404 36 9
21 115 83 25
21 18 49 14
20 367 17 5
20 94 25 7
20 110 13 4
20 368 42 15
20 257 31 9
20 486 30 9
19 197 73 18
19 481 37 12
19 116 45 11
19 319 62 18
18 21 47 16
18 157 18 6
18 404 55 13
18 40 65 12
18 115 62 18
18 473 80 22
18 226 83 21
17 389 34 8
17 231 65 16
17 174 39 9
17 47 26 9
17 211 40 10
17 52 36 9
16 122 60 15
16 278 25 7
16 52 41 13
16 204 53 13
16 134 72 14
16 404 29 10
16 270 37 10
15 402 73 24
15 123 8 2
15 55 55 12
15 272 64 18
15 318 19 6
15 483 11 4
14 147 63 16
14 11 55 13
14 454 56 18
14 242 46 14
14 480 22 6
14 463 49 10
14 85 43 10
13 279 84 22
13 488 5 1
13 272 37 8
13 402 89 18
13 55 34 7
12 131 29 9
12 238 36 8
12 75 23 5
12 90 26 9
12 277 45 8
11 390 83 20
11 147 50 15
11 14 46 10
11 366 22 8
11 363 16 5
11 463 19 7
10 124 22 6
10 147 233 55
10 45 30 9
10 396 296 55
10 384 144 36
10 381 68 18
9 309 52 12
9 258 66 20
9 80 91 22
9 434 73 14
9 406 71 21
9 330 76 24
9 451 49 16
8 316 96 27
8 24 42 11
8 152 84 23
8 236 91 21
8 102 12 3
8 346 35 10
7 61 90 24
7 228 46 11
7 109 30 8
7 135 40 10
7 471 30 7
7 65 45 10
6 371 304 98
6 436 133 43
6 159 126 27
6 403 47 11
6 112 163 35
6 114 68 19
6 178 87 27
6 89 118 32
5 29 45 15
5 58 44 16
5 292 16 3
5 264 4 2
4 499 44 11
4 34 26 8
4 265 19 6
4 327 68 15
4 188 56 15
4 168 94 20
4 97 100 31
3 477 41 13
3 298 13 4
3 86 56 16
3 262 54 12
3 25 83 18
2 151 11 4
2 27 34 10
2 420 21 7
2 87 81 21
2 443 55 12
1 156 38 12
1 234 43 10
1 167 78 16
1 467 87 17
1 223 53 15
1 282 16 4
1 301 31 7
