nnodes narcs source target drone_limit type
500 2964 176 99 1055 drone_routing_pli_project1
nodename posx posy
500 453.318 522.379
499 129.22 996.867
498 850.59 120.967
497 251.43 904.844
496 293.843 540.903
495 580.13 683.818
494 406.014 402.167
493 971.054 601.18
492 559.317 531.193
491 510.087 985.081
490 289.695 555.141
489 973.485 792.754
488 874.63 916.284
487 561.539 399.608
486 810.613 745.639
485 996.558 1.17819
484 907.165 32.1859
483 1.02279 649.67
482 14.5069 630.107
481 916.705 988.53
480 753.081 88.8515
479 764.128 828.199
478 543.524 156.562
477 269.519 934.266
476 320.6 292.643
475 370.627 620.479
474 426.036 185.758
473 942.896 782.428
472 732.119 274.298
471 124.413 936.83
470 266.188 631.832
469 745.001 193.928
468 748.413 443.954
467 236.527 168.918
466 81.0634 158.531
465 694.8 899.035
464 43.3954 341.071
463 826.924 377.001
462 155.448 272.787
461 622.174 324.309
460 826.832 462.127
459 171.778 28.9686
458 749.966 931.815
457 997.613 166.073
456 825.117 432.763
455 67.9879 444.184
454 307.951 523.092
453 838.277 99.1027
452 986.653 743.578
451 785.205 846.179
450 959.714 288.459
449 57.6906 44.5883
448 478.587 590.073
447 768.058 897.939
446 619.974 944.281
445 740.617 375.502
444 585.573 647.288
443 37.4026 781.996
442 814.999 398.996
441 532.648 110.371
440 8.95346 868.436
439 119.307 294.799
438 560.609 87.5521
437 635.825 538.053
436 796.199 624.428
435 304.101 50.7737
434 140.478 529.157
433 797.081 826.454
432 705.599 697.412
431 105.209 736.239
430 506.291 270.406
429 165.596 997.256
428 230.208 806.538
427 948.637 416.804
426 237.076 400.288
425 978.121 196.531
424 767.678 477.928
423 378.821 184.104
422 554.639 316.73
421 708.116 457.765
420 529.114 173.357
419 415.235 928.716
418 795.351 386.243
417 585.044 139.139
416 730.239 663.473
415 136.49 745.811
414 985.57 568.911
413 254.41 921.015
412 402.122 671.396
411 104.816 418.58
410 758.857 980.367
409 807.162 672.451
408 796.423 821.327
407 873.699 581.696
406 787.66 730.576
405 458.819 637.134
404 841.53 904.356
403 545.061 543.067
402 180.496 216.147
401 804.191 249.514
400 431.191 419.928
399 159.777 336.824
398 917.724 348.56
397 812.832 470.978
396 496.153 266.47
395 616.442 394.009
394 364.812 975.135
393 563.35 833.793
392 822.057 338.475
391 818.18 249.624
390 211.578 992.679
389 141.489 397.133
388 433.236 639.877
387 845.94 955.69
386 839.214 365.73
385 147.372 554.842
384 62.3011 344.839
383 149.075 339.688
382 113.952 441.918
381 871.571 88.7254
380 769.323 27.1098
379 30.1728 936.235
378 947.075 606.418
377 407.678 33.965
376 162.111 37.9059
375 80.9426 327.071
374 645.527 435.622
373 770.799 814.895
372 900.553 739.803
371 699.647 750.413
370 105.699 97.0592
369 486.908 719.706
368 243.15 0.419492
367 387.905 185.447
366 275.062 798.281
365 107.261 111.754
364 312.854 14.7029
363 185.852 681.226
362 22.0969 611.819
361 685.049 823
360 521.99 158.433
359 359.518 481.452
358 614.579 996.504
357 428.286 941.703
356 202.493 178.079
355 302.919 497.6
354 409.574 797.337
353 513.356 691.852
352 937.902 593.456
351 559.729 902.572
350 105.578 436.779
349 407.98 305.918
348 387.468 729.635
347 905.562 55.5465
346 998.063 409.725
345 10.3083 715.355
344 530.463 303.395
343 561.728 625.907
342 114.243 62.6097
341 462.646 524.881
340 240.194 966.998
339 835.02 660.122
338 881.204 973.989
337 643.801 96.9322
336 922.44 658.38
335 795.408 430.163
334 103.623 59.6218
333 83.3073 651.774
332 621.961 21.9029
331 14.7134 215.535
330 493.106 799.472
329 373.801 86.6036
328 513.44 547.564
327 894.155 703.211
326 800.739 727.238
325 84.5491 733.594
324 49.6374 429.141
323 707.348 440.744
322 757.797 534.905
321 699.683 512.157
320 239.776 463.003
319 177.683 747.558
318 526.593 825.506
317 218.903 884.832
316 575.066 599.386
315 195.163 677.89
314 204.291 696.666
313 766.464 699.042
312 6.02464 16.6983
311 157.641 36.0806
310 107.058 955.687
309 855.987 388.552
308 107.652 816.978
307 395.068 70.9078
306 90.2796 853.838
305 854.156 118.849
304 143.75 636.899
303 202.697 320.348
302 32.5981 783.18
301 675.624 289.721
300 160.588 633.771
299 170.364 141.659
298 827.384 403.661
297 824.452 356.201
296 502.849 439.762
295 749.828 743.897
294 784.803 161.398
293 574.157 195.627
292 251.192 780.122
291 350.781 40.9304
290 250.96 120.964
289 348.974 233.913
288 31.0033 522.453
287 698.54 362.794
286 497.698 465.164
285 233.173 248.245
284 435.831 964.136
283 722.549 1.64015
282 527.407 915.192
281 993.287 186.26
280 946.691 173.797
279 874.714 725.824
278 371.805 692.249
277 49.8704 483.365
276 709.897 180.239
275 500.216 771.601
274 741.966 478.588
273 480.911 220.198
272 861.238 748.558
271 700.831 416.66
270 508.912 141.622
269 378.27 41.3615
268 253.298 398.191
267 41.9389 53.1795
266 459.962 759.165
265 711.545 54.3737
264 455.374 201.45
263 459.254 710.344
262 85.5325 727.014
261 280.5 944.415
260 751.941 753.616
259 819.96 227.191
258 804.469 442.016
257 357.714 275.781
256 565.756 526.971
255 785.328 746.44
254 33.013 234.399
253 237.368 405.057
252 275.675 611.167
251 907.991 888.386
250 843.354 872.603
249 114.076 603.896
248 786.943 601.154
247 276.982 871.187
246 642.268 81.9676
245 517.449 880.859
244 443.153 121.384
243 497.222 969.861
242 328.688 105.576
241 923.583 602.143
240 944.275 171.328
239 357.572 51.0024
238 761.098 391.205
237 153.889 340.13
236 854.098 142.376
235 202.673 483.743
234 81.4748 12.7486
233 754.745 426.522
232 43.1297 989.977
231 778.675 509.681
230 502.075 427.653
229 728.163 453.447
228 19.4247 647.397
227 171.615 155.487
226 564.674 633.801
225 754.184 451.261
224 550.035 338.81
223 399.558 991.632
222 628.947 719.961
221 409.995 675.881
220 269.699 989.414
219 255.766 479.136
218 437.488 203.322
217 848.72 861.322
216 111.091 439.108
215 130.037 303.495
214 39.5462 415.808
213 952.66 434.743
212 372.397 643.769
211 758.988 970.882
210 133.877 537.765
209 121.197 551.605
208 63.1802 494.469
207 173.443 36.4839
206 13.1581 683.301
205 592.891 887.711
204 838.434 300.023
203 522.208 648.276
202 758.278 715.935
201 534.273 922.699
200 343.434 362.021
199 956.421 621.797
198 140.327 216.437
197 54.6035 966.173
196 148.43 424.067
195 357.271 12.4272
194 841.49 236.575
193 826.387 413.031
192 652.419 98.2121
191 382.277 121.441
190 103.065 153.226
189 105.661 668.624
188 379.189 661.616
187 91.4568 60.5365
186 749.694 86.6656
185 654.127 857.234
184 976.518 875.274
183 294.583 406.813
182 723.427 965.055
181 366.901 818.981
180 960.849 704.156
179 734.364 106.11
178 789.583 404.021
177 305.216 10.5997
176 824.972 14.4322
175 287.777 627.378
174 948.436 125.92
173 322.631 754.633
172 545.177 488.452
171 528.895 434.194
170 302.566 667.78
169 556.33 829.452
168 787.046 131.983
167 251.46 121.797
166 689.306 620.072
165 731.832 659.092
164 215.482 850.708
163 898.051 68.9709
162 291.01 600.381
161 499.978 347.28
160 264.799 644.308
159 285.12 173.834
158 682.954 596.719
157 889.265 504.078
156 518.604 6.46683
155 549.259 181.075
154 369.505 214.62
153 414.653 236.485
152 486.922 127.939
151 869.99 265.403
150 793.748 730.341
149 435.714 815.88
148 49.464 477.358
147 247.949 911.95
146 84.0984 689.383
145 2.47226 395.574
144 159.105 280.751
143 434.776 729.086
142 423.48 95.2347
141 666.591 730.846
140 568.623 335.764
139 22.1021 642.611
138 892.487 7.64225
137 568.533 151.651
136 356.411 480.388
135 701.953 952.467
134 947.513 612.867
133 538.092 54.8391
132 883.337 888.525
131 809.484 984.145
130 348.125 540.322
129 966.199 918.044
128 513.128 186.012
127 451.368 536.636
126 345.092 380.64
125 820.164 291.5
124 972.569 170.758
123 809.288 17.2956
122 281.216 9.613
121 382.532 396.924
120 615.557 679.464
119 587.851 61.1903
118 441.767 440.661
117 95.4643 854.171
116 86.4231 870.886
115 49.9005 558.476
114 19.5677 515.338
113 288.096 666.74
112 953.212 891.944
111 649.565 358.096
110 431.912 797.103
109 553.554 926.312
108 800.476 557.981
107 934.515 479.553
106 942.265 557.961
105 125.341 744.33
104 33.9015 312.283
103 143.811 446.734
102 599.301 740.761
101 779.538 685.266
100 255.477 332.502
99 776.305 358.752
98 909.14 241.839
97 559.8 461.545
96 518.156 222.922
95 347.003 532.489
94 403.712 789.385
93 986.365 854.204
92 62.8703 271.533
91 584.878 990.01
90 359.005 92.2879
89 368.305 746.23
88 278.473 759.682
87 455.532 721.218
86 351.526 802.401
85 390.017 797.101
84 606.628 289.605
83 615.735 528.146
82 119.61 170.094
81 288.444 647.412
80 938.849 541.415
79 224.244 351.946
78 318.297 78.5905
77 676.791 621.591
76 721.849 286.201
75 444.447 297.17
74 222.31 417.029
73 403.485 694.523
72 500.06 865.633
71 479.247 100.126
70 241.247 495.344
69 761.917 4.53379
68 980.596 701.042
67 577.264 539.081
66 264.393 415.976
65 886.978 430.523
64 906.179 716.219
63 141.76 253.816
62 349.674 998.072
61 288.697 705.141
60 65.4426 848.23
59 859.893 630.505
58 112.047 999.277
57 181.251 208.749
56 657.765 79.2935
55 649.732 815.114
54 351.224 998.363
53 567.419 980.514
52 961.193 650.371
51 196.136 544.511
50 986.934 388.857
49 934.031 593.341
48 827.234 313.347
47 913.949 329.182
46 242.004 489.496
45 903.235 368.426
44 945.25 643.744
43 338.136 584.941
42 229.342 801.76
41 267.4 953.097
40 81.8416 569.725
39 195.334 593.232
38 658.511 937.884
37 512.247 552.193
36 607.099 375.62
35 759.929 670.62
34 280.868 704.665
33 203.298 88.5762
32 569.775 509.565
31 540.184 647.78
30 939.328 259.061
29 474.992 272.491
28 377.366 564.835
27 876.027 696.759
26 679.633 150.975
25 319.815 982.327
24 774.809 813.267
23 660.036 702.546
22 314.577 436.784
21 426.58 500.941
20 296.934 646.692
19 116.756 750.923
18 110.957 884.096
17 962.459 12.0538
16 694.994 228.603
15 392.896 899.323
14 891.081 593.873
13 932.664 340.327
12 6.57788 573.299
11 622.059 210.893
10 806.502 140.473
9 584.649 216.588
8 950.854 153.56
7 132.554 64.1665
6 351.209 573.345
5 750.497 366.274
4 187.59 990.434
3 565.489 1.76691
2 834.817 335.986
1 41.6303 454.492
tail head car_cost drone_cost
500 286 79 76
500 21 29 31
500 127 16 17
500 341 9 10
499 429 33 42
499 58 17 19
499 471 68 54
499 310 50 40
498 305 4 4
498 236 21 23
498 10 58 44
498 453 27 22
497 247 47 45
497 477 41 31
497 413 15 15
497 317 33 43
497 147 7 10
496 454 21 24
496 355 39 38
496 130 60 47
496 70 83 78
496 490 16 17
495 222 63 50
495 120 38 39
495 444 36 43
495 31 49 54
495 353 70 56
495 102 62 58
494 161 109 96
494 75 134 114
494 349 106 93
494 400 28 27
494 359 88 98
494 121 29 24
493 414 38 30
493 68 82 93
493 52 51 42
493 199 26 30
493 134 31 24
493 378 22 27
493 106 43 57
493 352 31 40
492 256 8 7
492 32 28 20
492 172 51 46
492 403 20 18
492 67 22 18
491 53 62 58
491 201 79 57
491 358 101 92
491 91 62 62
491 223 94 120
491 243 20 22
491 284 75 91
490 43 61 60
490 130 57 55
490 496 18 17
490 162 45 51
490 252 58 62
490 39 111 92
490 70 84 70
490 51 111 82
489 452 52 59
489 473 38 31
489 93 53 66
488 481 86 99
488 129 107 102
488 251 50 42
488 338 50 52
488 132 35 33
488 404 32 35
488 387 42 48
487 140 61 57
487 97 53 74
487 395 46 65
487 36 44 61
487 171 47 51
487 224 69 63
487 161 75 84
487 230 62 55
486 272 55 51
486 408 86 83
486 255 28 21
486 150 22 26
486 326 20 17
485 457 168 165
485 138 110 85
485 368 783 721
485 17 42 36
485 174 111 109
485 283 252 265
485 69 235 248
484 138 32 24
484 347 23 28
484 17 60 60
483 228 16 16
483 206 38 33
483 345 76 73
483 440 201 240
483 482 27 21
483 12 67 79
483 145 246 229
482 139 15 13
482 362 24 19
482 228 16 15
482 12 61 66
482 483 28 21
481 129 78 98
481 358 276 330
481 131 111 101
481 488 98 83
481 338 40 35
480 453 76 81
480 380 58 72
480 168 62 59
480 186 5 4
480 179 28 24
479 433 31 32
479 451 27 28
479 24 20 16
479 373 17 16
479 447 61 70
479 361 74 77
479 465 93 119
478 137 25 29
478 360 20 20
478 420 24 23
478 155 21 24
478 441 48 43
478 270 38 33
477 247 54 65
477 261 15 17
477 41 18 18
477 497 32 41
477 413 17 17
476 257 39 43
476 289 78 63
476 200 76 65
476 100 89 75
476 285 94 100
475 388 55 56
475 28 58 53
475 212 22 28
475 6 55 55
475 43 46 58
475 20 90 86
474 264 39 33
474 244 62 56
474 191 66 82
474 367 39 34
474 153 54 57
474 218 24 23
473 489 31 37
473 452 71 58
473 180 80 75
473 93 98 100
473 251 98 123
473 217 112 138
473 272 77 90
473 372 67 63
472 125 73 76
472 401 88 84
472 469 87 73
472 16 48 52
472 99 106 84
472 76 19 18
471 317 124 119
471 4 71 73
471 429 88 80
471 499 66 65
471 18 56 61
471 310 28 30
470 81 25 33
470 175 25 24
470 252 20 21
470 39 71 85
470 160 12 11
469 401 80 71
469 259 96 92
469 294 42 43
469 472 76 88
469 179 93 74
469 276 35 43
469 16 53 66
468 233 17 20
468 225 8 12
468 323 47 37
468 229 25 26
467 159 50 53
467 167 45 47
467 290 42 53
467 285 84 87
467 299 67 69
467 356 42 37
466 365 46 45
466 370 54 58
466 190 27 27
466 198 72 78
466 82 36 42
466 254 94 79
466 331 84 88
466 267 108 129
465 447 77 78
465 479 109 103
465 458 62 60
465 135 62 51
465 38 56 52
465 361 79 89
465 185 57 67
464 375 38 47
464 384 21 23
464 214 69 90
464 145 80 67
464 104 31 37
463 386 16 14
463 309 31 30
463 298 30 31
463 442 22 28
463 297 21 24
463 418 39 33
462 285 92 66
462 402 67 60
462 144 9 9
462 215 38 44
462 439 35 42
462 63 27 25
461 301 68 71
461 111 45 44
461 36 56 55
461 84 46 39
461 140 47 55
460 65 63 69
460 456 35 29
460 157 90 71
460 397 18 14
460 258 34 34
459 368 67 89
459 234 107 89
459 311 16 16
459 376 16 16
459 207 8 8
458 131 75 69
458 447 33 33
458 211 36 40
458 182 36 45
458 465 67 55
458 135 60 50
457 485 141 196
457 346 288 223
457 281 19 19
457 124 26 22
457 174 61 67
457 8 55 50
456 65 62 73
456 193 22 23
456 460 31 25
456 335 30 32
456 258 22 26
455 382 51 51
455 350 38 37
455 411 51 42
455 208 56 59
455 148 31 34
455 324 25 25
455 1 26 29
454 355 23 31
454 496 25 27
454 130 49 42
454 95 42 43
453 305 29 29
453 381 36 42
453 498 24 30
453 10 53 51
453 168 71 68
453 176 78 71
453 480 77 99
453 123 84 84
453 380 97 100
452 346 296 351
452 93 100 118
452 414 177 179
452 489 49 48
452 68 38 36
452 180 44 55
452 473 62 59
451 250 67 76
451 479 29 23
451 447 59 55
451 217 57 76
451 433 26 24
450 281 121 119
450 425 93 89
450 50 87 105
450 30 30 40
450 47 54 70
450 13 48 56
449 234 46 42
449 312 59 58
449 267 17 15
449 187 32 32
448 343 75 75
448 37 43 60
448 203 59 86
448 405 48 60
448 388 74 80
448 127 65 50
448 28 96 117
447 404 88 89
447 387 82 111
447 250 84 92
447 451 64 57
447 131 101 92
447 458 44 35
447 479 77 79
447 465 81 64
446 38 39 44
446 358 55 57
446 91 58 65
446 205 74 63
446 109 78 59
446 53 59 58
445 238 31 26
445 5 12 16
445 233 55 51
445 287 45 36
445 271 66 61
444 77 114 104
444 120 40 50
444 495 39 36
444 316 53 42
444 226 27 26
444 31 55 43
443 19 82 80
443 308 73 91
443 325 67 63
443 345 63 66
443 302 5 6
443 60 64 69
442 298 16 14
442 463 23 24
442 193 18 15
442 335 32 30
442 178 30 30
442 418 22 25
441 137 53 55
441 417 69 56
441 438 30 34
441 133 54 55
441 478 50 54
441 270 40 43
441 71 48 52
441 152 40 59
440 232 141 150
440 379 83 70
440 116 88 64
440 60 68 68
440 302 95 80
440 345 148 143
440 483 184 241
439 462 39 37
439 63 46 41
439 215 13 12
439 375 54 51
439 92 50 68
438 119 37 45
438 417 56 62
438 441 30 37
438 133 33 45
437 321 77 56
437 374 116 108
437 83 23 26
437 316 85 83
437 158 71 86
436 339 50 63
436 59 58 52
436 409 48 53
436 35 58 55
436 165 79 80
436 248 26 27
435 177 38 43
435 291 47 44
435 364 39 33
435 290 76 81
435 78 37 37
435 33 103 118
435 368 93 91
435 122 43 47
434 51 49 54
434 235 90 83
434 103 68 82
434 385 32 26
434 210 11 9
434 382 88 79
434 208 77 85
433 479 30 39
433 24 28 27
433 408 5 6
433 217 75 56
433 451 23 26
432 202 50 53
432 295 62 76
432 313 50 53
432 416 44 40
432 371 44 53
432 141 54 54
432 23 54 50
432 77 96 76
432 166 90 95
431 105 22 26
431 189 71 63
431 146 58 51
431 262 22 18
431 19 20 16
431 325 18 24
430 344 38 49
430 9 90 86
430 96 41 40
430 396 13 10
430 29 35 28
429 54 180 162
429 390 54 54
429 4 27 23
429 58 56 62
429 471 64 62
429 499 40 32
428 292 28 28
428 247 85 90
428 366 46 51
428 42 6 5
428 164 52 47
427 346 57 56
427 50 43 42
427 213 20 17
427 65 72 75
427 45 75 61
427 13 77 74
427 398 87 73
426 268 18 15
426 79 54 48
426 74 24 19
426 253 5 5
425 30 80 79
425 450 105 96
425 281 16 19
425 124 28 32
425 98 67 95
425 280 46 32
424 397 48 46
424 258 55 60
424 231 32 35
424 274 24 26
424 225 27 34
423 191 66 71
423 154 35 30
423 367 10 9
423 242 79 106
423 159 97 83
422 84 65 67
422 344 23 31
422 224 21 24
422 140 29 23
421 229 22 20
421 374 64 73
421 323 19 14
421 321 59 61
421 274 40 32
420 478 20 22
420 360 20 18
420 155 26 22
420 128 20 20
419 72 116 89
419 357 19 16
419 223 53 62
419 15 33 38
419 394 77 74
418 463 36 28
418 297 42 49
418 178 21 18
418 442 26 22
418 238 35 33
418 99 38 40
417 26 89 108
417 337 76 82
417 119 71 78
417 11 69 73
417 293 55 69
417 137 19 25
417 438 63 62
417 441 55 64
416 35 36 31
416 165 5 5
416 166 63 61
416 432 50 36
416 313 46 47
415 363 88 81
415 189 79 99
415 319 48 35
415 308 82 87
415 105 11 12
415 19 25 17
414 346 171 163
414 452 200 186
414 68 148 108
414 493 34 35
414 106 49 49
414 80 53 64
414 107 104 108
413 41 38 34
413 477 17 22
413 340 42 44
413 497 14 19
413 147 13 13
412 221 8 9
412 388 46 51
412 73 27 21
412 212 37 41
412 188 23 26
412 278 33 31
411 389 44 51
411 196 51 38
411 216 26 22
411 455 47 45
411 350 20 19
411 324 55 55
411 214 76 73
411 384 102 88
410 131 54 59
410 211 11 8
410 182 41 39
410 358 132 138
409 27 67 71
409 339 37 36
409 326 63 47
409 101 35 32
409 35 41 55
409 436 49 50
408 217 66 66
408 272 103 109
408 486 71 85
408 255 74 83
408 24 22 28
408 433 5 6
407 106 77 71
407 80 71 79
407 157 80 91
407 14 18 19
407 59 55 57
407 108 72 69
407 248 92 98
406 326 16 13
406 150 6 7
406 255 16 16
406 313 31 40
406 295 36 40
406 202 39 28
405 353 69 79
405 203 66 56
405 448 42 51
405 388 27 28
405 263 84 79
404 488 34 32
404 132 42 42
404 250 29 30
404 447 85 75
404 387 49 46
403 172 47 61
403 67 39 28
403 492 18 16
403 316 73 65
403 328 32 32
403 37 36 39
402 57 6 8
402 285 62 61
402 462 68 53
402 198 48 48
402 63 59 51
401 259 32 30
401 391 13 13
401 125 48 51
401 469 74 89
401 472 63 78
400 230 65 79
400 161 100 114
400 118 27 23
400 359 84 78
400 494 28 31
399 144 53 62
399 79 57 67
399 303 49 43
399 237 7 9
399 389 59 62
399 215 37 48
399 383 12 11
398 47 20 18
398 45 28 24
398 13 16 19
398 427 80 61
397 157 70 95
397 460 15 16
397 108 96 103
397 231 46 58
397 258 31 32
397 424 54 40
396 96 41 52
396 273 44 41
396 430 13 12
396 29 21 26
395 111 54 41
395 374 42 44
395 97 74 80
395 36 24 22
395 487 51 59
394 223 34 32
394 419 75 62
394 15 83 68
394 54 30 26
394 261 107 92
394 25 48 48
394 62 23 26
393 185 97 105
393 55 76 72
393 102 119 106
393 205 57 61
393 351 72 60
393 169 8 10
393 245 56 59
392 2 12 15
392 48 27 25
392 99 49 45
392 297 17 16
391 151 49 45
391 194 29 31
391 259 23 19
391 401 16 16
391 125 49 44
390 54 165 133
390 62 120 118
390 220 68 70
390 340 34 46
390 4 29 27
390 429 55 48
389 74 78 79
389 79 106 109
389 399 72 75
389 237 50 59
389 383 65 59
389 196 31 27
389 411 46 40
389 375 99 77
389 384 114 97
388 448 60 56
388 263 85 63
388 405 21 27
388 221 46 44
388 412 49 46
388 212 71 53
388 28 105 80
388 475 60 54
387 338 39 45
387 488 58 55
387 131 44 41
387 404 43 50
387 447 114 100
386 45 75 60
386 309 29 29
386 463 15 16
386 297 16 18
386 2 35 29
385 39 65 67
385 51 45 47
385 300 74 79
385 249 55 60
385 434 30 32
385 209 28 23
385 210 21 22
384 389 113 96
384 375 26 21
384 411 89 83
384 464 17 16
384 214 64 63
383 399 11 11
383 237 5 5
383 389 47 55
383 215 34 40
383 375 57 78
382 103 28 35
382 196 36 41
382 434 106 75
382 208 71 66
382 455 47 53
382 216 5 5
382 350 11 10
381 163 37 38
381 305 32 30
381 174 78 87
381 176 74 79
381 453 30 35
380 480 68 58
380 186 71 52
380 265 73 58
380 453 110 90
380 123 40 48
380 69 27 21
380 283 46 57
379 310 69 74
379 116 99 91
379 197 34 37
379 232 58 50
379 440 84 63
378 493 23 26
378 134 6 8
378 241 20 23
378 352 14 15
378 49 18 16
377 156 126 124
377 71 108 110
377 195 64 56
377 269 25 26
377 142 73 63
377 307 44 38
376 459 14 12
376 33 66 78
376 207 10 11
376 7 40 43
376 311 5 5
375 383 73 68
375 215 64 46
375 439 41 48
375 389 98 82
375 384 24 27
375 92 69 63
375 104 46 42
375 464 40 45
374 421 72 75
374 323 68 68
374 271 62 56
374 111 76 66
374 321 105 109
374 437 108 87
374 83 87 93
374 395 52 47
374 97 101 72
373 24 5 4
373 479 14 13
373 260 70 73
373 361 97 78
372 180 61 76
372 64 29 21
372 279 29 24
372 272 48 40
372 473 63 56
371 432 60 48
371 260 53 51
371 295 56 45
371 361 84 67
371 55 87 83
371 141 46 40
370 342 42 29
370 7 35 51
370 365 14 14
370 334 33 31
370 466 75 79
370 267 84 69
370 187 36 45
369 353 35 43
369 275 60 55
369 266 51 46
369 87 28 29
369 263 27 25
368 485 699 848
368 283 566 573
368 3 380 373
368 156 288 241
368 195 131 108
368 177 67 58
368 435 80 65
368 122 36 35
368 33 94 96
368 312 216 259
368 234 190 138
368 459 86 83
368 207 88 76
367 474 39 45
367 191 65 57
367 153 54 68
367 154 31 39
367 423 9 11
366 86 84 79
366 173 76 63
366 88 44 32
366 292 30 28
366 247 83 81
366 428 44 52
365 299 60 67
365 7 49 51
365 190 48 49
365 370 17 16
365 466 55 62
364 195 51 37
364 177 9 9
364 435 42 45
364 291 45 54
363 314 21 21
363 315 10 10
363 319 76 60
363 415 76 93
363 300 48 58
363 304 53 70
363 189 69 70
362 40 78 79
362 115 52 56
362 12 44 47
362 482 20 20
362 333 86 69
362 139 33 30
361 373 104 84
361 479 82 68
361 260 96 107
361 371 66 89
361 465 72 68
361 55 42 34
361 185 47 53
360 478 19 25
360 420 15 18
360 270 23 22
360 128 33 33
359 118 80 94
359 400 100 83
359 494 77 101
359 121 88 86
359 21 59 81
359 95 52 44
359 136 4 3
358 481 279 341
358 131 218 208
358 410 157 169
358 182 115 115
358 135 97 91
358 38 86 76
358 446 63 63
358 54 283 250
358 223 201 213
358 491 92 97
358 91 30 36
357 282 89 108
357 243 60 63
357 72 89 97
357 284 26 21
357 419 17 16
357 223 63 68
356 467 36 42
356 57 31 44
356 285 63 89
356 299 41 44
356 227 41 41
355 95 64 65
355 136 51 51
355 22 63 51
355 454 26 31
355 496 48 43
355 219 47 57
355 70 74 61
354 110 23 22
354 149 33 27
354 94 12 9
354 85 22 21
354 181 55 46
353 31 49 52
353 203 40 45
353 275 68 80
353 102 109 108
353 495 63 57
353 369 42 43
353 405 93 66
353 263 56 65
352 493 40 28
352 106 39 42
352 378 14 18
352 49 4 4
351 205 35 42
351 393 73 72
351 109 24 28
351 201 27 32
351 245 55 44
351 282 38 36
350 382 11 12
350 216 6 7
350 455 37 46
350 411 19 16
349 75 45 34
349 153 72 82
349 494 105 86
349 121 102 89
349 200 71 91
349 257 49 48
348 143 40 47
348 73 45 45
348 94 62 67
348 89 25 26
348 278 45 42
347 17 70 76
347 484 20 22
347 138 53 56
347 174 80 96
347 163 17 17
346 93 382 526
346 452 327 391
346 414 152 138
346 457 293 275
346 281 266 258
346 427 55 60
346 50 26 27
346 213 52 45
346 107 102 94
345 325 71 83
345 262 82 65
345 146 77 93
345 443 69 59
345 302 78 62
345 206 36 31
345 483 63 57
345 440 168 181
344 84 76 70
344 9 95 98
344 422 26 26
344 224 38 43
344 161 54 46
344 430 42 39
344 29 74 54
343 316 31 32
343 226 8 8
343 31 29 31
343 203 51 41
343 448 76 80
343 37 85 74
342 311 59 61
342 7 18 22
342 234 50 71
342 334 13 14
342 370 30 37
341 328 57 46
341 286 73 72
341 37 54 53
341 127 17 16
341 500 10 9
340 220 45 37
340 41 31 27
340 413 42 55
340 147 66 57
340 390 43 34
340 317 78 71
340 4 52 53
339 59 40 35
339 436 58 63
339 409 30 27
339 27 58 48
338 481 42 38
338 131 65 60
338 488 61 55
338 387 44 46
337 26 72 69
337 192 10 10
337 417 60 69
337 119 73 77
337 246 14 13
336 180 65 59
336 241 55 50
336 64 63 59
336 52 40 41
336 44 29 28
336 327 45 60
336 14 67 59
336 27 71 61
336 59 61 66
335 456 34 33
335 193 41 35
335 442 42 31
335 258 15 14
335 225 44 50
335 233 43 34
335 178 31 28
334 342 11 11
334 370 41 36
334 234 44 52
334 187 11 14
333 304 64 56
333 189 30 27
333 249 49 49
333 40 81 76
333 206 73 86
333 146 42 38
333 362 75 88
333 139 64 56
333 228 70 52
332 283 113 109
332 265 100 108
332 56 75 64
332 3 60 50
332 246 62 64
332 119 60 45
331 466 100 105
331 267 169 171
331 104 82 109
331 254 32 31
331 312 225 169
331 145 216 215
330 318 42 35
330 275 34 32
330 110 69 52
330 266 44 47
330 149 57 58
330 72 68 70
329 142 43 61
329 307 29 32
329 191 34 39
329 239 36 40
329 90 18 14
328 172 68 59
328 403 34 28
328 37 4 4
328 341 59 54
328 286 74 79
327 336 51 61
327 64 16 20
327 27 23 21
327 279 33 30
326 279 80 87
326 272 67 59
326 27 66 69
326 409 59 66
326 150 8 7
326 486 23 22
326 406 15 15
326 101 50 53
326 313 44 38
325 262 6 8
325 19 30 36
325 431 23 20
325 345 68 80
325 443 66 73
324 411 57 50
324 455 29 28
324 214 16 18
324 1 32 27
323 468 37 36
323 229 23 25
323 233 51 58
323 421 15 20
323 271 27 27
323 374 62 74
322 108 58 44
322 231 30 29
322 274 55 71
322 248 62 75
322 158 84 106
322 321 57 51
321 274 62 54
321 421 46 61
321 322 72 75
321 158 84 99
321 374 92 99
321 437 78 81
320 219 26 22
320 66 46 49
320 46 23 25
320 74 51 43
320 235 42 47
319 292 76 94
319 314 65 63
319 363 58 77
319 42 80 75
319 308 113 82
319 415 41 45
318 169 33 33
318 245 50 48
318 72 49 50
318 275 70 70
318 330 40 40
317 497 40 44
317 147 46 38
317 247 60 68
317 340 75 76
317 4 99 97
317 471 101 109
317 18 130 90
317 164 36 41
316 77 121 95
316 158 101 122
316 437 81 79
316 83 69 87
316 67 62 51
316 444 47 59
316 226 40 43
316 343 34 30
316 403 64 57
316 37 86 76
315 160 91 75
315 39 98 69
315 300 62 48
315 363 10 12
315 314 23 21
314 88 116 94
314 34 66 85
314 160 69 86
314 292 106 83
314 319 49 64
314 363 26 26
314 315 18 23
313 406 35 32
313 202 21 19
313 35 33 29
313 326 36 37
313 101 22 20
313 432 72 51
313 416 56 58
312 368 198 258
312 234 71 62
312 449 59 49
312 267 52 56
312 145 391 404
312 331 185 170
311 459 16 15
311 7 39 37
311 376 6 6
311 234 67 78
311 342 44 50
310 499 50 54
310 471 30 31
310 18 85 66
310 58 52 51
310 197 46 51
310 116 95 76
310 379 66 86
309 45 57 55
309 65 52 53
309 386 30 28
309 463 37 32
309 193 36 33
309 298 39 34
308 164 108 110
308 42 135 106
308 319 109 110
308 415 88 92
308 19 54 62
308 18 65 55
308 117 34 36
308 306 41 38
308 443 90 92
308 60 45 47
307 377 46 34
307 142 32 37
307 269 30 36
307 329 26 26
307 239 46 41
306 308 42 37
306 117 6 6
306 60 25 23
306 116 17 15
305 381 40 32
305 174 105 82
305 236 25 19
305 453 26 28
305 498 4 5
304 300 19 18
304 363 65 69
304 249 41 46
304 333 73 60
304 189 59 59
303 100 57 54
303 285 87 64
303 144 63 66
303 79 39 32
303 399 51 53
302 60 66 67
302 443 6 5
302 345 62 75
302 440 74 79
301 76 46 47
301 16 66 66
301 111 84 60
301 287 80 92
301 461 52 67
301 84 66 74
301 11 82 108
300 315 49 59
300 39 48 56
300 385 79 76
300 249 65 66
300 304 20 17
300 363 47 46
299 467 68 62
299 290 81 92
299 356 45 53
299 33 60 69
299 227 12 13
299 82 69 60
299 7 85 94
299 365 64 68
299 190 82 60
298 463 32 30
298 442 13 15
298 193 12 10
298 309 29 30
297 386 20 16
297 2 20 23
297 463 18 21
297 392 15 18
297 99 56 53
297 418 39 44
296 171 24 26
296 286 27 25
296 118 67 54
296 230 15 13
295 255 34 30
295 406 41 39
295 202 26 26
295 432 67 70
295 371 45 46
295 260 11 10
294 10 36 31
294 168 32 29
294 179 82 89
294 469 50 57
294 259 89 66
293 11 60 48
293 417 50 49
293 137 52 46
293 9 19 27
293 155 33 26
293 96 73 68
292 88 41 41
292 366 32 34
292 428 28 32
292 42 25 35
292 314 79 83
292 319 82 73
291 239 11 12
291 269 29 28
291 195 34 35
291 78 45 44
291 435 52 56
291 364 50 39
290 78 75 71
290 435 87 82
290 467 59 44
290 167 1 2
290 33 49 53
290 299 72 84
289 153 59 61
289 154 24 30
289 257 47 43
289 476 57 58
289 285 120 110
289 159 89 87
288 208 41 51
288 277 45 38
288 115 43 47
288 114 14 16
288 12 63 54
287 5 61 62
287 76 94 72
287 445 39 50
287 271 51 47
287 111 54 52
287 301 81 75
286 172 55 47
286 171 48 48
286 296 28 27
286 328 73 76
286 341 78 60
286 500 76 63
286 21 79 89
286 118 68 62
285 476 86 110
285 289 115 123
285 159 91 83
285 467 65 86
285 100 77 103
285 303 65 94
285 356 76 78
285 57 58 77
285 144 71 96
285 402 54 70
285 462 96 96
284 491 70 80
284 243 67 74
284 357 21 26
284 223 48 45
283 485 245 248
283 265 61 56
283 332 115 99
283 368 534 404
283 3 137 134
283 380 44 44
283 69 45 46
282 351 33 39
282 201 11 11
282 243 58 73
282 357 99 88
282 72 67 52
282 245 43 33
281 50 173 219
281 124 28 24
281 346 193 245
281 457 18 21
281 450 118 122
281 425 22 20
280 124 22 31
280 8 23 21
280 425 40 33
280 240 4 4
280 98 90 78
279 64 36 30
279 327 30 25
279 27 33 26
279 372 29 30
279 326 86 60
279 272 29 30
278 73 29 33
278 348 42 47
278 89 52 49
278 412 33 36
278 188 38 32
278 173 67 83
278 170 73 66
278 61 70 74
277 148 6 7
277 208 19 18
277 288 42 45
277 114 53 48
276 179 83 66
276 26 40 48
276 16 54 42
276 469 32 37
275 102 116 113
275 169 74 87
275 353 89 87
275 318 66 64
275 330 24 33
275 369 62 57
275 266 45 39
274 231 56 51
274 424 21 29
274 225 32 36
274 322 62 49
274 229 31 32
274 321 54 64
274 421 40 42
273 128 41 42
273 96 37 35
273 396 49 53
273 29 56 59
273 153 58 55
273 264 30 32
273 218 41 42
272 279 29 32
272 473 98 89
272 372 35 47
272 217 124 100
272 326 63 63
272 486 60 44
272 408 101 89
271 233 55 61
271 445 55 60
271 323 28 22
271 374 64 58
271 111 77 92
271 287 59 48
270 478 39 32
270 360 19 22
270 441 37 45
270 152 29 31
270 128 51 41
269 377 37 35
269 307 28 41
269 239 23 26
269 291 26 23
269 195 36 39
268 183 44 49
268 100 74 53
268 426 20 19
268 79 54 52
268 253 17 15
268 66 24 21
267 370 71 69
267 187 53 49
267 449 21 17
267 466 110 115
267 312 43 60
267 331 181 176
266 275 49 47
266 369 56 54
266 330 44 63
266 110 57 56
266 87 35 32
266 143 47 46
266 94 76 70
265 380 68 61
265 186 43 58
265 283 44 52
265 332 93 99
265 179 59 49
265 56 52 57
264 128 53 66
264 152 72 78
264 244 73 70
264 474 36 35
264 218 18 15
264 273 38 38
263 353 63 55
263 87 10 13
263 369 31 25
263 143 27 30
263 388 71 79
263 405 80 79
263 221 55 65
263 73 69 53
262 431 22 20
262 325 7 8
262 345 83 87
262 146 38 36
261 394 73 102
261 25 66 54
261 15 99 125
261 220 51 41
261 247 71 77
261 477 16 13
261 41 17 19
260 255 28 41
260 24 52 71
260 373 55 57
260 361 85 114
260 371 44 60
260 295 9 10
259 236 88 81
259 194 21 20
259 391 23 26
259 401 31 25
259 10 86 78
259 469 82 68
259 294 88 71
258 456 22 27
258 460 27 25
258 397 34 32
258 424 51 53
258 335 17 15
258 225 46 44
257 153 57 70
257 349 49 69
257 200 82 77
257 289 36 47
257 476 45 41
256 32 19 19
256 492 8 7
256 67 16 20
255 486 28 28
255 150 16 21
255 406 18 18
255 408 90 83
255 24 66 61
255 295 43 42
255 260 29 28
254 198 130 103
254 466 78 75
254 92 47 43
254 331 30 28
254 104 88 65
253 268 16 20
253 66 33 27
253 426 5 5
253 74 22 21
252 162 19 20
252 490 52 48
252 39 76 96
252 470 21 21
252 175 20 23
251 112 41 52
251 93 72 71
251 473 113 122
251 129 73 72
251 217 66 76
251 132 30 23
251 488 47 44
250 132 43 36
250 217 15 14
250 404 26 34
250 447 76 81
250 451 71 52
249 300 51 59
249 385 53 66
249 209 51 44
249 304 40 46
249 40 49 42
249 333 60 64
248 59 75 72
248 407 106 81
248 108 44 48
248 436 30 24
248 165 94 93
248 166 85 99
248 322 65 73
248 158 111 116
247 181 125 124
247 86 104 99
247 15 128 103
247 261 67 82
247 477 71 71
247 497 41 42
247 164 65 64
247 317 49 60
247 366 78 75
247 428 85 95
246 192 18 16
246 56 16 19
246 337 14 15
246 332 62 76
246 119 58 59
245 393 64 74
245 351 52 53
245 169 58 62
245 318 48 56
245 72 25 26
245 282 43 31
244 71 43 38
244 152 51 38
244 264 98 67
244 474 72 78
244 191 65 65
244 142 32 36
243 201 70 58
243 282 74 71
243 491 24 17
243 357 70 84
243 284 63 63
242 191 60 66
242 90 35 38
242 423 109 86
242 159 90 96
242 167 68 80
242 78 29 33
241 134 22 22
241 378 28 23
241 49 13 15
241 14 28 29
241 336 67 58
241 44 54 46
240 8 18 18
240 280 3 4
240 236 106 89
240 98 69 76
239 307 44 39
239 329 35 47
239 269 23 20
239 90 40 40
239 291 13 13
239 78 48 58
238 418 34 29
238 99 32 30
238 233 34 37
238 178 28 26
238 5 31 23
238 445 26 28
237 399 6 6
237 383 5 4
237 389 65 51
236 8 88 107
236 240 111 93
236 174 80 108
236 305 27 20
236 259 99 93
236 194 100 77
236 98 106 122
236 10 46 50
236 498 21 24
235 70 41 35
235 46 45 46
235 320 42 44
235 74 64 65
235 51 57 64
235 196 76 70
235 103 60 65
235 434 92 75
234 368 179 190
234 459 104 76
234 311 69 77
234 342 69 69
234 334 56 48
234 187 47 53
234 312 65 65
234 449 35 48
233 335 34 43
233 178 45 38
233 238 31 32
233 225 28 22
233 468 20 17
233 445 56 49
233 271 50 52
233 323 42 49
232 58 59 69
232 197 32 25
232 379 46 63
232 440 126 137
231 397 56 42
231 322 38 30
231 108 48 57
231 274 52 53
231 424 31 32
230 171 25 26
230 487 75 72
230 296 12 12
230 118 57 63
230 161 66 86
230 400 83 71
229 225 25 27
229 468 22 23
229 323 29 26
229 421 18 22
229 274 28 28
228 206 40 41
228 482 21 19
228 483 16 16
228 333 66 61
228 139 7 7
227 356 42 35
227 57 51 46
227 299 12 16
227 82 55 45
227 198 58 66
226 316 43 33
226 343 10 10
226 444 29 20
226 31 34 28
225 258 50 50
225 335 47 41
225 233 30 27
225 424 27 32
225 468 11 12
225 274 32 30
225 229 22 28
224 140 18 17
224 422 25 23
224 487 63 70
224 344 47 46
224 161 45 45
223 358 203 197
223 491 127 94
223 284 43 39
223 357 47 65
223 419 60 75
223 394 33 44
223 54 58 56
222 23 30 35
222 141 41 34
222 102 38 32
222 120 52 38
222 495 52 72
221 388 39 46
221 263 53 66
221 412 10 11
221 73 19 22
220 25 58 57
220 261 52 45
220 62 75 81
220 390 53 63
220 41 34 40
220 340 41 43
219 22 74 59
219 66 63 74
219 320 26 19
219 46 16 14
219 355 54 52
219 70 23 20
218 264 20 16
218 273 49 42
218 474 19 18
218 153 36 48
217 251 76 70
217 473 118 143
217 272 121 112
217 132 46 49
217 250 14 12
217 408 55 67
217 433 74 58
217 451 66 70
216 196 47 47
216 411 18 25
216 382 5 5
216 350 6 6
215 144 32 43
215 399 39 43
215 462 37 34
215 383 46 45
215 439 15 14
215 375 45 48
214 411 61 64
214 324 14 16
214 384 82 86
214 464 68 65
214 145 46 38
214 1 42 40
213 346 50 45
213 107 51 47
213 65 54 60
213 427 17 19
212 412 48 44
212 388 56 58
212 188 21 16
212 170 66 87
212 475 23 27
212 20 82 87
211 131 49 55
211 410 9 11
211 458 34 44
211 182 43 37
210 434 12 13
210 208 83 92
210 209 22 18
210 385 25 25
209 385 27 26
209 210 18 16
209 249 50 55
209 40 49 52
209 208 81 92
208 210 68 72
208 209 78 69
208 434 81 86
208 382 72 87
208 455 56 50
208 148 23 18
208 115 77 74
208 40 84 87
208 277 19 20
208 288 46 49
207 368 78 85
207 459 7 9
207 33 65 56
207 376 11 10
206 146 79 59
206 333 76 91
206 228 31 40
206 483 41 38
206 345 30 33
205 38 99 99
205 185 60 58
205 446 54 59
205 109 58 63
205 393 70 69
205 351 34 40
204 47 84 70
204 151 46 39
204 2 32 33
204 125 18 23
204 48 20 17
203 343 51 42
203 31 21 22
203 353 50 38
203 405 63 68
203 448 68 87
202 313 22 17
202 406 28 31
202 432 59 51
202 295 25 32
201 109 23 20
201 53 68 61
201 351 39 28
201 491 55 59
201 282 11 12
201 243 65 54
200 121 53 59
200 349 97 69
200 257 80 92
200 126 16 17
200 183 56 59
200 100 89 102
200 476 86 72
199 493 30 25
199 52 32 25
199 134 11 11
199 44 30 25
198 57 46 37
198 227 79 72
198 402 48 35
198 63 39 44
198 92 102 107
198 254 125 123
198 466 74 69
198 82 50 61
197 58 58 70
197 310 45 47
197 379 46 36
197 232 24 27
196 74 81 68
196 235 94 67
196 103 27 23
196 382 45 44
196 389 27 27
196 411 50 40
196 216 35 48
195 156 137 138
195 377 59 56
195 364 45 48
195 368 107 110
195 177 57 55
195 291 28 33
195 269 31 41
194 98 64 81
194 236 100 109
194 151 39 48
194 259 28 26
194 391 31 26
193 65 52 67
193 309 34 37
193 298 10 9
193 456 18 24
193 335 42 32
193 442 20 21
192 179 75 84
192 56 21 20
192 246 20 21
192 26 68 53
192 337 8 8
191 474 85 85
191 244 65 70
191 142 40 55
191 423 70 61
191 367 57 63
191 329 38 35
191 242 64 55
191 90 32 43
190 299 58 72
190 365 49 46
190 466 22 23
190 82 22 27
189 363 93 70
189 415 94 74
189 105 70 81
189 304 47 53
189 431 59 69
189 146 25 33
189 333 34 32
188 212 22 19
188 170 69 80
188 412 29 22
188 278 38 34
187 334 11 14
187 370 47 32
187 234 40 44
187 267 50 57
187 449 42 34
186 380 58 65
186 480 4 5
186 265 56 41
186 179 29 26
185 465 67 55
185 361 38 56
185 38 67 79
185 205 76 76
185 393 101 84
185 55 49 37
184 93 21 26
184 112 25 26
184 129 47 45
183 126 55 68
183 200 65 61
183 22 42 42
183 66 34 38
183 268 40 35
183 100 76 69
182 410 36 38
182 211 34 33
182 458 47 36
182 135 21 28
182 358 95 127
181 149 64 68
181 354 52 40
181 85 38 27
181 15 75 96
181 86 26 28
181 247 108 96
180 68 23 18
180 52 53 55
180 452 56 47
180 473 66 85
180 336 71 66
180 372 76 83
180 64 60 63
179 294 62 66
179 168 69 65
179 480 25 29
179 186 26 29
179 469 81 75
179 276 73 69
179 26 69 72
179 192 74 91
179 265 65 50
179 56 66 71
178 442 26 29
178 418 20 18
178 335 23 27
178 233 46 47
178 238 30 35
177 195 61 46
177 368 67 74
177 122 28 24
177 435 37 47
177 364 10 9
176 138 71 76
176 163 76 86
176 381 91 90
176 69 70 66
176 123 16 15
176 453 79 93
175 20 24 24
175 43 59 61
175 162 26 31
175 81 22 20
175 470 21 22
175 252 18 20
174 457 64 70
174 485 117 137
174 17 117 138
174 8 26 29
174 347 67 94
174 236 91 93
174 163 70 86
174 381 90 102
174 305 79 108
173 89 47 51
173 278 94 72
173 86 47 65
173 366 71 78
173 61 61 65
173 88 39 37
172 32 35 37
172 492 50 40
172 97 30 34
172 403 59 54
172 328 69 67
172 286 59 53
172 171 64 63
171 97 46 36
171 487 48 57
171 172 58 49
171 230 27 30
171 286 42 53
171 296 22 31
170 188 70 63
170 212 84 88
170 20 21 24
170 113 14 13
170 278 79 74
170 61 43 37
169 102 96 102
169 393 9 7
169 275 70 69
169 318 26 34
169 245 55 74
168 453 60 71
168 10 18 21
168 294 31 25
168 179 61 69
168 480 47 61
167 242 81 86
167 78 93 72
167 159 63 63
167 467 60 49
167 290 1 1
166 248 93 84
166 165 54 60
166 416 68 52
166 158 27 20
166 77 11 11
166 432 66 73
165 436 61 82
165 248 74 76
165 35 35 31
165 166 66 69
165 416 6 5
164 247 59 53
164 428 46 38
164 42 57 61
164 317 38 36
164 18 132 120
164 308 111 135
163 347 17 17
163 138 58 62
163 176 96 103
163 381 32 31
163 174 79 76
162 43 49 52
162 175 32 32
162 490 49 43
162 252 22 21
161 224 51 53
161 344 60 54
161 487 96 66
161 230 82 81
161 400 98 106
161 29 91 78
161 494 92 129
161 75 70 76
160 81 21 21
160 113 34 36
160 470 12 12
160 34 73 59
160 314 95 73
160 39 81 84
160 315 84 83
159 154 112 98
159 423 91 108
159 242 75 66
159 289 97 80
159 285 91 77
159 467 50 56
159 167 51 51
158 248 95 125
158 322 79 78
158 321 103 70
158 77 24 29
158 166 25 29
158 316 93 89
158 437 77 78
157 107 43 50
157 80 59 73
157 407 71 71
157 65 62 76
157 108 120 125
157 460 89 81
157 397 71 68
156 3 55 42
156 133 50 48
156 71 90 95
156 377 107 133
156 368 232 283
156 195 132 177
155 137 32 37
155 293 31 24
155 96 48 56
155 478 24 29
155 420 22 19
155 128 40 41
154 367 30 30
154 423 36 31
154 153 61 42
154 159 104 100
154 289 23 25
153 29 78 82
153 273 80 66
153 75 67 62
153 349 63 74
153 474 48 54
153 218 41 34
153 257 82 60
153 367 55 57
153 289 60 59
153 154 51 52
152 441 52 50
152 128 53 70
152 270 24 22
152 264 67 90
152 71 27 30
152 244 50 40
151 30 68 60
151 98 40 45
151 194 39 46
151 204 51 44
151 47 66 75
151 391 52 61
151 125 48 54
150 486 27 26
150 326 7 8
150 406 8 6
150 255 16 22
149 330 62 67
149 72 97 95
149 15 79 102
149 110 23 20
149 181 65 61
149 354 37 27
148 208 26 22
148 455 42 39
148 277 7 6
148 114 52 50
148 1 23 24
147 413 14 12
147 497 7 9
147 317 43 39
147 340 66 48
146 431 45 45
146 189 31 31
146 262 35 37
146 345 80 79
146 206 69 62
146 333 44 36
145 464 75 74
145 104 72 82
145 214 47 45
145 1 72 77
145 114 126 100
145 12 150 206
145 483 265 270
145 312 444 343
145 331 161 194
144 303 52 55
144 285 68 80
144 399 59 62
144 462 8 10
144 215 31 43
143 263 31 33
143 87 26 26
143 266 40 40
143 94 81 66
143 348 38 54
143 73 51 48
142 71 52 51
142 244 36 38
142 191 58 58
142 377 60 61
142 307 35 31
142 329 46 45
141 432 52 54
141 371 40 41
141 55 78 95
141 23 32 33
141 102 55 76
141 222 45 42
140 36 50 65
140 461 61 53
140 84 62 66
140 487 65 58
140 224 19 16
140 422 28 25
139 482 14 17
139 362 36 27
139 333 53 53
139 228 5 5
138 485 102 85
138 17 74 72
138 484 27 31
138 347 60 49
138 163 51 62
138 69 141 147
138 176 68 64
137 417 21 18
137 293 45 43
137 155 31 30
137 441 62 47
137 478 29 29
136 121 86 83
136 359 4 3
136 95 45 62
136 22 69 57
136 355 50 57
135 182 24 29
135 458 43 54
135 358 104 100
135 465 54 57
135 38 46 55
134 493 31 32
134 199 13 11
134 44 25 32
134 378 6 8
134 241 25 30
133 119 56 55
133 3 70 58
133 441 48 63
133 438 42 48
133 156 55 56
133 71 63 69
132 251 24 24
132 488 32 30
132 404 38 40
132 217 40 49
132 250 37 46
131 481 127 98
131 338 87 84
131 387 39 49
131 358 206 203
131 410 45 41
131 211 44 56
131 458 75 94
131 447 102 84
130 28 40 33
130 6 31 28
130 43 42 51
130 490 64 69
130 496 55 61
130 95 9 8
130 454 39 40
129 93 55 68
129 184 38 36
129 481 91 95
129 112 26 25
129 251 59 66
129 488 110 93
128 360 31 30
128 155 40 42
128 420 23 19
128 96 40 37
128 273 51 43
128 264 51 62
128 152 53 63
128 270 49 53
127 37 52 61
127 341 15 17
127 500 17 17
127 448 56 53
127 28 68 75
127 21 41 46
126 121 42 49
126 22 54 72
126 183 54 61
126 200 23 19
125 204 17 24
125 151 59 64
125 391 50 48
125 99 93 72
125 48 20 21
125 472 99 90
125 401 37 43
124 281 22 25
124 457 27 21
124 425 26 28
124 8 31 27
124 280 25 25
123 69 59 41
123 176 15 18
123 453 76 100
123 380 45 49
122 177 27 25
122 368 45 43
122 435 46 44
121 349 112 90
121 494 26 28
121 359 88 78
121 136 97 99
121 200 58 45
121 126 35 47
121 22 88 91
120 23 42 54
120 77 74 98
120 222 39 50
120 444 36 39
120 495 37 41
119 337 65 77
119 417 84 75
119 246 51 67
119 332 60 49
119 3 56 59
119 133 55 51
119 438 45 41
118 296 70 52
118 230 51 60
118 286 54 54
118 21 56 67
118 400 27 26
118 359 108 79
117 308 35 47
117 18 33 32
117 306 5 5
117 116 23 19
116 18 25 23
116 117 16 21
116 306 21 17
116 310 72 81
116 379 78 80
116 60 36 34
116 440 94 86
115 208 59 76
115 40 37 36
115 362 54 50
115 288 47 37
115 12 40 45
114 148 50 57
114 1 55 73
114 277 51 40
114 288 12 13
114 145 121 124
114 12 68 51
113 170 15 13
113 20 24 19
113 81 20 20
113 61 45 37
113 34 46 46
113 160 37 37
112 184 29 32
112 93 54 60
112 251 53 54
112 129 24 27
111 271 78 65
111 287 42 56
111 301 83 70
111 374 76 63
111 395 51 56
111 461 39 45
111 36 45 50
110 330 69 57
110 266 39 48
110 94 31 26
110 354 25 26
110 149 21 17
109 446 68 60
109 205 55 65
109 351 26 21
109 201 18 22
109 53 53 56
108 157 115 111
108 397 87 92
108 407 81 65
108 248 42 46
108 322 46 53
108 231 59 49
107 414 108 115
107 346 91 86
107 213 55 45
107 80 71 74
107 65 61 79
107 157 55 54
106 414 43 39
106 493 49 50
106 352 36 41
106 49 38 42
106 14 59 68
106 80 14 16
106 407 83 82
105 415 10 13
105 19 12 13
105 189 92 87
105 431 22 26
104 375 46 48
104 92 50 44
104 464 28 30
104 145 100 90
104 331 99 86
104 254 90 80
103 196 24 20
103 235 60 68
103 382 27 35
103 434 69 85
102 141 74 55
102 222 39 30
102 55 90 92
102 393 87 114
102 169 105 102
102 275 114 114
102 353 91 103
102 495 51 58
101 409 36 27
101 35 25 21
101 326 42 52
101 313 21 22
100 200 109 112
100 476 83 89
100 268 67 64
100 183 87 82
100 285 87 72
100 79 40 31
100 303 50 52
99 392 47 55
99 297 51 54
99 48 78 61
99 125 83 67
99 418 28 39
99 238 30 38
99 5 30 25
99 472 105 109
99 76 97 96
98 425 93 75
98 280 78 89
98 240 81 74
98 30 40 30
98 151 46 53
98 194 67 59
98 236 133 92
97 374 95 89
97 83 102 94
97 395 78 99
97 487 63 55
97 32 50 53
97 171 44 39
97 172 37 26
96 293 62 59
96 155 57 49
96 128 43 33
96 273 44 33
96 396 53 57
96 430 46 42
96 9 72 57
95 28 39 52
95 21 78 84
95 359 53 54
95 136 45 54
95 355 51 48
95 130 8 9
95 454 36 36
94 266 68 66
94 110 31 30
94 143 64 68
94 354 9 11
94 85 14 13
94 89 49 48
94 348 58 69
93 346 421 515
93 452 96 99
93 129 64 68
93 184 22 25
93 112 44 52
93 489 69 72
93 473 94 100
93 251 92 85
92 63 87 79
92 198 81 92
92 439 67 58
92 375 55 57
92 254 40 53
92 104 51 60
91 446 65 50
91 53 20 17
91 491 85 87
91 358 36 27
90 329 15 16
90 191 43 45
90 242 36 33
90 78 43 49
90 239 34 37
89 94 63 67
89 348 25 21
89 278 51 63
89 85 58 53
89 173 41 47
89 86 54 63
88 173 48 37
88 34 61 51
88 61 50 52
88 366 36 39
88 314 82 92
88 292 35 39
87 369 34 29
87 263 14 12
87 143 19 22
87 266 39 44
86 85 35 47
86 89 63 64
86 181 26 19
86 247 121 86
86 366 81 88
86 173 63 61
85 94 16 15
85 354 18 20
85 181 36 28
85 89 67 53
85 86 44 43
84 301 83 58
84 11 89 65
84 422 63 64
84 344 89 78
84 9 68 86
84 461 43 34
84 140 69 65
83 374 82 88
83 437 21 21
83 97 77 92
83 32 41 54
83 67 43 38
83 316 95 93
82 227 57 54
82 299 65 56
82 190 21 23
82 466 35 39
82 198 43 45
81 20 8 9
81 113 20 19
81 160 21 20
81 470 23 33
81 175 24 24
80 414 53 62
80 107 56 55
80 106 19 19
80 407 66 87
80 157 74 74
79 268 49 61
79 426 49 45
79 100 41 36
79 74 59 77
79 389 99 96
79 303 41 41
79 399 78 65
78 90 51 47
78 239 41 49
78 291 44 44
78 242 25 34
78 167 90 83
78 290 92 66
78 435 27 30
77 158 24 29
77 432 81 73
77 166 15 12
77 23 93 75
77 120 85 95
77 444 79 93
77 316 105 106
76 5 90 91
76 99 99 103
76 472 17 19
76 287 73 65
76 16 59 77
76 301 48 54
75 29 36 40
75 153 59 70
75 161 64 66
75 494 100 126
75 349 43 41
74 79 62 74
74 320 53 45
74 235 69 56
74 389 81 87
74 196 62 63
74 66 35 34
74 426 22 25
74 253 18 16
73 263 62 56
73 221 19 19
73 143 53 51
73 348 36 46
73 278 30 26
73 412 20 25
72 318 57 46
72 282 63 49
72 245 26 22
72 357 91 118
72 330 79 71
72 419 127 120
72 15 125 134
72 149 90 95
71 133 63 83
71 156 100 122
71 441 55 47
71 244 47 40
71 152 31 31
71 377 104 90
71 142 49 60
70 496 83 81
70 46 6 6
70 355 74 54
70 219 20 21
70 490 76 89
70 235 43 43
70 51 54 77
69 138 126 121
69 485 216 259
69 176 60 72
69 123 57 51
69 380 24 28
69 283 46 36
68 414 149 147
68 452 41 40
68 180 23 18
68 493 113 119
68 52 58 64
67 83 38 34
67 316 49 73
67 32 36 25
67 256 17 20
67 403 33 33
67 492 22 21
66 219 71 69
66 22 65 65
66 183 35 37
66 320 63 61
66 268 19 18
66 253 32 26
66 74 47 44
65 213 72 62
65 107 56 64
65 427 76 65
65 45 68 74
65 157 69 86
65 460 67 63
65 456 71 64
65 309 59 55
65 193 54 71
64 336 56 67
64 372 21 25
64 180 58 56
64 279 38 31
64 327 15 19
63 402 52 63
63 462 21 27
63 439 49 52
63 198 38 38
63 92 67 73
62 394 26 33
62 54 2 2
62 25 39 37
62 220 94 82
62 390 157 117
61 173 67 55
61 113 39 34
61 34 9 7
61 88 57 55
61 278 97 78
61 170 43 44
60 306 23 24
60 308 53 54
60 116 33 36
60 440 55 53
60 302 82 81
60 443 58 77
59 336 74 78
59 14 50 45
59 407 45 56
59 339 40 40
59 27 80 67
59 248 74 93
59 436 54 64
58 54 263 230
58 429 45 57
58 499 17 17
58 232 81 80
58 310 36 47
58 197 58 70
57 356 31 40
57 285 63 67
57 402 6 7
57 227 49 49
57 198 42 42
56 192 23 22
56 179 72 85
56 265 57 59
56 332 64 76
56 246 14 17
55 361 42 37
55 371 92 67
55 141 73 101
55 185 37 49
55 102 101 91
55 393 103 79
54 358 303 306
54 223 56 47
54 394 28 32
54 58 255 259
54 429 213 215
54 62 2 2
54 390 161 116
53 446 65 71
53 91 19 20
53 491 47 54
53 109 49 62
53 201 57 56
52 68 62 50
52 493 48 52
52 180 63 61
52 199 35 31
52 336 46 40
52 44 18 17
51 490 81 77
51 70 57 72
51 235 61 72
51 39 45 50
51 385 51 56
51 434 57 57
50 281 215 231
50 346 25 23
50 427 55 56
50 13 75 62
50 450 120 113
49 106 40 37
49 378 16 22
49 352 4 5
49 241 12 14
49 14 43 36
48 204 16 18
48 2 22 26
48 392 23 26
48 99 66 81
48 125 25 28
47 450 52 62
47 13 26 19
47 30 88 81
47 398 19 20
47 45 39 41
47 2 70 80
47 204 92 66
47 151 88 63
46 70 6 6
46 219 21 15
46 320 26 32
46 235 40 41
45 427 69 66
45 398 21 26
45 47 35 35
45 65 63 72
45 309 48 43
45 2 91 80
45 386 66 60
44 199 25 22
44 134 36 28
44 241 47 51
44 336 32 23
44 52 15 17
43 130 39 53
43 6 19 18
43 475 53 50
43 20 68 66
43 490 63 63
43 175 67 60
43 162 55 59
42 292 35 37
42 428 5 5
42 164 57 44
42 308 113 114
42 319 89 86
41 261 17 17
41 477 18 19
41 220 34 33
41 413 30 34
41 340 32 32
40 209 43 49
40 249 54 52
40 208 79 66
40 333 68 97
40 115 41 35
40 362 84 60
39 252 73 92
39 470 86 93
39 490 86 102
39 160 70 91
39 51 47 50
39 315 101 86
39 385 52 66
39 300 53 60
38 135 50 54
38 465 62 45
38 358 69 83
38 446 45 33
38 205 99 98
38 185 96 74
37 316 87 91
37 403 35 34
37 328 5 5
37 343 93 92
37 448 49 56
37 341 54 68
37 127 63 72
36 111 38 55
36 461 48 48
36 140 58 60
36 395 18 18
36 487 57 51
35 409 43 39
35 436 71 57
35 101 26 24
35 313 35 27
35 165 32 29
35 416 29 32
34 113 40 46
34 88 65 49
34 61 9 9
34 314 70 76
34 160 60 54
33 435 116 127
33 368 105 93
33 290 50 64
33 299 59 67
33 7 77 75
33 207 69 64
33 376 59 68
32 83 40 46
32 256 18 15
32 67 36 27
32 492 27 22
32 97 58 50
32 172 30 33
31 495 52 58
31 343 36 30
31 444 40 44
31 226 31 28
31 203 22 21
31 353 62 56
30 425 59 84
30 450 30 43
30 47 64 84
30 151 81 73
30 98 30 41
29 344 68 62
29 273 50 56
29 153 83 69
29 161 91 91
29 75 45 44
29 430 28 29
29 396 22 26
28 448 96 121
28 127 82 83
28 21 94 88
28 388 112 101
28 475 52 58
28 6 23 24
28 130 44 43
28 95 40 49
27 327 20 16
27 336 71 73
27 279 31 31
27 59 75 59
27 326 97 72
27 409 74 59
27 339 66 54
26 179 58 73
26 276 42 35
26 16 72 85
26 11 69 99
26 417 82 91
26 192 64 52
26 337 55 53
25 394 47 42
25 62 36 36
25 261 65 59
25 220 45 49
24 255 58 78
24 433 30 25
24 408 25 28
24 260 55 61
24 373 5 5
24 479 22 21
23 432 40 53
23 77 80 67
23 141 31 33
23 120 42 52
23 222 39 38
22 121 75 87
22 126 53 67
22 136 69 58
22 355 55 74
22 219 64 84
22 183 39 31
22 66 55 63
21 500 30 41
21 286 73 95
21 118 54 73
21 127 42 40
21 28 96 68
21 95 98 79
21 359 74 81
20 212 82 73
20 475 81 73
20 43 70 74
20 170 23 18
20 175 25 24
20 81 9 9
20 113 21 22
19 415 19 20
19 105 12 12
19 308 57 63
19 443 96 101
19 431 17 16
19 325 31 40
18 317 89 115
18 164 125 107
18 471 58 61
18 310 67 65
18 308 63 56
18 117 37 30
18 116 25 26
17 485 43 35
17 174 123 96
17 138 59 77
17 347 70 70
17 484 59 59
16 472 57 56
16 276 47 48
16 469 55 58
16 76 61 70
16 301 72 64
16 26 71 86
16 11 85 84
15 72 116 126
15 149 108 109
15 419 33 31
15 394 72 87
15 181 96 101
15 247 103 122
15 261 124 114
14 106 62 63
14 49 42 50
14 241 31 36
14 336 65 78
14 407 23 19
14 59 47 49
13 50 79 74
13 450 59 66
13 47 22 22
13 398 20 16
13 427 87 64
12 115 44 43
12 362 44 45
12 288 58 56
12 482 51 63
12 114 67 63
12 145 190 155
12 483 86 76
11 16 84 83
11 26 95 92
11 301 90 100
11 84 65 89
11 9 46 37
11 417 85 94
11 293 44 59
10 236 55 54
10 498 51 49
10 453 53 42
10 259 90 82
10 168 23 22
10 294 30 35
9 11 39 40
9 84 78 67
9 344 104 94
9 293 27 24
9 430 108 105
9 96 79 63
8 457 53 41
8 240 22 16
8 174 23 30
8 236 108 97
8 124 26 26
8 280 19 20
7 33 75 86
7 376 35 45
7 311 34 37
7 299 85 88
7 342 18 22
7 370 34 47
7 365 63 64
6 28 26 23
6 130 39 39
6 43 17 16
6 475 56 61
5 99 23 32
5 238 26 29
5 445 14 15
5 76 98 79
5 287 56 58
4 340 64 60
4 317 124 122
4 390 20 26
4 471 90 98
4 429 28 22
3 283 163 170
3 332 52 68
3 119 76 76
3 368 360 346
3 156 52 50
3 133 59 68
2 47 67 86
2 45 85 80
2 204 34 39
2 386 30 26
2 297 27 24
2 48 21 29
2 392 16 12
1 455 25 28
1 324 31 32
1 148 23 24
1 114 54 54
1 214 45 35
1 145 58 63
