nnodes narcs source target drone_limit type
1000 5962 566 189 233 drone_routing_pli_project1
nodename posx posy
1000 956.567 28.1895
999 412.517 446.464
998 647.248 803.518
997 876.919 86.4538
996 373.379 955.697
995 685.997 464.567
994 220.406 304.967
993 933.661 108.983
992 626.491 544.109
991 645.891 407.06
990 910.571 504.256
989 290.419 654.565
988 739.574 714.09
987 281.714 918.123
986 352.953 982.104
985 116.276 244.156
984 247.793 498.002
983 613.37 817.331
982 324.102 830.383
981 816.363 924.755
980 460.274 327.421
979 684.655 301.138
978 692.727 298.412
977 452.65 881.541
976 717.643 69.4633
975 798.796 672.986
974 220.139 528.018
973 25.0843 359.607
972 517.064 169.79
971 737.798 97.8347
970 421.092 368.517
969 908.097 442.383
968 889.869 643.96
967 212.275 409.173
966 505.395 5.98338
965 664.258 750.441
964 773.314 11.3526
963 387.091 747.523
962 573.959 353.053
961 977.344 359.725
960 318.23 587.134
959 20.4686 779.198
958 740.026 826.185
957 561.365 192.345
956 118.231 837.823
955 540.418 432.523
954 687.148 286.724
953 610.099 805.93
952 233.873 764.774
951 262.165 495.993
950 360.048 540.254
949 653.419 899.136
948 616.593 507.436
947 923.939 48.7675
946 12.835 875.669
945 582.245 961.269
944 112.448 554.551
943 785.822 538.688
942 711.075 681.031
941 93.1713 323.047
940 644.622 116.476
939 697.526 386.426
938 600.09 197.714
937 886.859 413.433
936 436.362 345.607
935 795.824 276.628
934 811.384 967.489
933 631.011 294.018
932 242.469 194.445
931 841.013 797.899
930 782.448 489.118
929 969.295 527.815
928 507.62 772.084
927 644.153 813.172
926 12.2434 31.6964
925 721.781 143.426
924 163.792 99.9895
923 572.973 880.514
922 865.496 451.393
921 880.537 878.385
920 416.738 176.705
919 754.205 201.627
918 973.498 226.396
917 55.7196 27.0825
916 352.872 238.649
915 313.751 951.282
914 57.4403 761.8
913 673.045 79.0352
912 523.196 50.4839
911 813.466 435.66
910 622.363 321.816
909 462.768 912.367
908 829.758 973.551
907 954.465 341.045
906 935.628 721.118
905 613.312 605.205
904 52.8899 444.667
903 621.768 366.525
902 13.4071 150.292
901 389.436 944.319
900 213.897 350.124
899 443.693 785.371
898 991.976 222.268
897 35.3544 445.655
896 668.053 600.996
895 231.838 949.449
894 257.685 507.295
893 397.463 155.548
892 366.726 5.93467
891 953.567 439.525
890 50.3015 473.398
889 909.346 674.22
888 115.132 296.387
887 268.865 471.534
886 938.99 867.469
885 383.487 734.793
884 883.681 886.733
883 136.993 294.876
882 598.495 159.012
881 449.625 281.388
880 306.056 648.12
879 565.808 663.502
878 685.203 724.255
877 468.941 318.981
876 416.114 639.809
875 237.719 24.0711
874 328.528 972.746
873 336.283 855.55
872 438.407 375.637
871 501.144 847.635
870 812.694 611.712
869 759.389 23.6317
868 53.5587 805.749
867 64.9572 532.329
866 427.248 705.38
865 374.563 953.77
864 9.91359 765.028
863 675.804 524.252
862 211.758 117.12
861 422.542 176.445
860 246.844 179.689
859 94.2978 742.188
858 410.939 321.682
857 666.278 251.901
856 832.784 832.319
855 815.987 49.0734
854 891.038 442.963
853 784.134 968.918
852 2.49756 963.147
851 206.616 389.063
850 546.612 709.671
849 617.475 813.911
848 403.308 431.64
847 38.5938 303.8
846 848.925 326.875
845 390.926 490.838
844 328.923 577.554
843 826.703 854.944
842 152.994 35.9047
841 356.557 70.2581
840 232.226 304.368
839 865.982 512.269
838 189.884 378.161
837 240.008 862.489
836 164.819 260.542
835 473.33 317.59
834 324.188 890.375
833 387.092 345.141
832 991.312 315.355
831 626.775 604.522
830 653.682 139.468
829 623.657 429.426
828 270.3 816.117
827 982.476 742.554
826 868.968 654.609
825 549.51 22.497
824 581.651 372.309
823 129.427 781.123
822 975.497 432.217
821 288.942 234.645
820 811.197 139.787
819 915.423 495.389
818 508.68 776.574
817 615.929 690.568
816 479.082 774.442
815 745.288 180.087
814 744.856 794.374
813 861.314 233.006
812 617.005 389.751
811 913.45 601.373
810 626.721 885.965
809 92.3096 854.889
808 962.261 986.472
807 287.857 798.739
806 681.388 69.1637
805 731.389 962.755
804 342.939 925.232
803 10.8446 930.103
802 112.556 933.495
801 52.1705 59.5428
800 78.8335 84.0747
799 324.969 72.8752
798 495.356 453.317
797 854.142 638.966
796 16.5754 383.069
795 167.933 832.294
794 93.2502 787.748
793 76.0715 506.519
792 455.163 366.868
791 810.616 765.543
790 750.93 563.446
789 159.74 883.782
788 699.547 513.631
787 535.874 6.13774
786 595.485 973.224
785 621.095 513.029
784 305.102 885.042
783 173.128 67.8056
782 400.183 329.141
781 525.225 558.261
780 244.754 647.17
779 214.916 620.55
778 431.018 483.133
777 394.534 396.611
776 243.265 875.712
775 246.444 63.8173
774 905.763 771.381
773 506.265 410.705
772 379.565 911.708
771 517.841 972.667
770 848.565 850.572
769 556.019 627.88
768 758.277 355.097
767 681.159 962.569
766 120.223 974.849
765 278.199 506.288
764 595.477 573.527
763 0.321764 206.922
762 745.069 911.638
761 822.279 340.754
760 451.459 362.612
759 722.111 748.633
758 339.975 812.762
757 485.587 652.848
756 574.7 121.386
755 769.893 873.048
754 479.323 944.103
753 798.786 540.016
752 396.428 602.973
751 489.183 154.266
750 201.823 232.783
749 949.489 287.671
748 134.136 965.541
747 835.279 350.358
746 580.921 115.227
745 112.475 596.038
744 225.076 482.405
743 148.071 105.197
742 340.071 162.632
741 431.689 540.12
740 917.227 872.662
739 507.777 415.637
738 897.5 422.308
737 169.775 866.521
736 795.399 785.049
735 607.721 42.4578
734 972.143 343.976
733 905.083 434.95
732 314.126 507.751
731 116.426 481.995
730 973.244 559.566
729 614.161 535.098
728 546.635 485.658
727 631.153 772.596
726 830.713 653.199
725 29.4505 451.155
724 340.681 704.143
723 548.67 286.019
722 701.62 394.947
721 807.449 6.63061
720 897.198 444.68
719 496.401 748.61
718 110.293 717.646
717 781.83 901.181
716 456.675 332.695
715 378.251 50.584
714 545.313 990.445
713 909.053 449.06
712 290.859 981.819
711 594.279 933.955
710 346.253 885.921
709 440.714 845.366
708 553.822 891.241
707 592.028 400.637
706 866.333 349.54
705 377.426 321.637
704 746.654 574.171
703 599.693 651.959
702 394.252 860.859
701 373.279 506.433
700 593.951 185.432
699 177.461 559.33
698 159.25 325.339
697 967.89 979.396
696 17.9839 175.025
695 103.219 72.9972
694 928.036 553.737
693 324.885 398.895
692 627.886 722.02
691 82.469 601.827
690 230.548 373.016
689 551.093 693.695
688 716.369 899.422
687 839.673 241.769
686 123.569 968.339
685 160.04 638.202
684 175.452 685.717
683 309.38 794.129
682 617.04 80.1448
681 326.301 678.685
680 5.34415 72.5713
679 900.371 797.012
678 447.492 173.459
677 254.066 144.482
676 197.114 620.697
675 154.693 294.269
674 786.34 658.52
673 253.738 963.536
672 719.939 887.215
671 565.827 786.009
670 717.838 672.437
669 984.682 705.723
668 137.68 187.838
667 856.381 743.215
666 912.334 831.058
665 780.213 200.278
664 17.2375 166.03
663 645.577 226.227
662 855.01 728.323
661 22.713 115.227
660 772.569 618.81
659 160.427 522.83
658 268.643 797.371
657 182.223 747.087
656 913.463 975.169
655 461.878 316.426
654 990.964 453.259
653 371.16 848.194
652 837.092 738.097
651 568.351 708.218
650 533.028 211.614
649 100.786 616.873
648 313.075 85.029
647 863.969 449.591
646 854.583 720.687
645 351.833 992.268
644 669.224 674.03
643 277.403 991.826
642 545.72 356.186
641 92.1846 130.999
640 385.333 524.343
639 909.646 430.028
638 601.201 208.946
637 988.776 396.901
636 346.334 629.962
635 75.1812 106.618
634 314.631 944.889
633 268.878 367.992
632 393.809 723.687
631 100.843 546.96
630 504.248 134.896
629 487.704 256.362
628 46.3388 336.635
627 700.365 525.683
626 310.421 239.146
625 354.765 747.075
624 334.303 994.5
623 309.945 406.977
622 176.984 486.113
621 760.664 591.254
620 613.757 56.8688
619 431.296 465.614
618 344.401 410.845
617 729.044 336.369
616 986.646 339.704
615 783.569 677.685
614 242.297 810.297
613 195.137 343.368
612 561.118 263.642
611 914.118 471.004
610 572.213 335.434
609 282.876 725.614
608 235.842 842.026
607 860.499 144.88
606 618.525 870.444
605 116.816 48.7257
604 986.215 362.673
603 492.206 107.397
602 416.282 248.842
601 163.066 553.241
600 768.036 126.108
599 290.53 735.617
598 839.274 724.411
597 645.255 303.647
596 135.646 80.5886
595 548.589 540.048
594 449.998 951.819
593 726.996 27.6532
592 496.762 640.503
591 290.905 409.493
590 75.2054 37.4411
589 891.632 488.7
588 595.14 389.77
587 623.097 25.8264
586 536.598 495.304
585 283.011 32.545
584 324.947 755.656
583 727.094 70.5086
582 775.752 686.261
581 697.819 465.357
580 337.106 90.9805
579 315.94 595.61
578 765.712 530.397
577 440.492 656.118
576 98.1375 923.943
575 54.613 901.831
574 98.7416 963.334
573 366.005 210.222
572 105.904 424.861
571 239.45 454.515
570 980.552 756.538
569 143.823 234.022
568 854.42 397.896
567 908.612 775.826
566 545.89 939.861
565 78.0697 601.658
564 871.28 333.386
563 529.695 877.306
562 938.702 151.491
561 714.479 245.88
560 726.498 252.672
559 477.946 641.679
558 472.135 796.14
557 953.935 823.659
556 330.457 242.382
555 679.689 626.321
554 399.488 916.712
553 475.447 655.229
552 101.404 708.884
551 50.4526 42.9671
550 386.776 177.852
549 948.115 101.827
548 689.33 486.192
547 705.912 169.272
546 680.886 321.709
545 782.207 532.725
544 893.304 1.87716
543 366.148 167.515
542 214.4 886.888
541 33.6765 736.266
540 203.25 745.586
539 909.865 224.245
538 478.946 880.987
537 534.483 52.4561
536 34.8724 293.55
535 665.068 81.8836
534 933.544 465.302
533 372.837 646.275
532 207.858 120.014
531 746.375 409.263
530 992.696 547.154
529 492.985 201.213
528 542.704 372.805
527 566.466 52.8349
526 261.079 480.988
525 423.413 891.653
524 620.437 705.283
523 560.366 23.7341
522 647.492 853.81
521 975.37 790.547
520 762.223 140.732
519 166.089 108.113
518 300.278 573.663
517 180.338 885.472
516 142.255 797.766
515 203.825 239.156
514 959.795 191.789
513 755.625 611.467
512 647.575 126.616
511 988.256 238.889
510 320.533 569.77
509 1.47121 263.169
508 642.361 96.2307
507 794.664 226.388
506 336.329 652.359
505 241.104 821.63
504 181.954 530.858
503 679.447 896.213
502 86.6962 224.876
501 716.914 622.778
500 453.318 522.379
499 129.22 996.867
498 850.59 120.967
497 251.43 904.844
496 293.843 540.903
495 580.13 683.818
494 406.014 402.167
493 971.054 601.18
492 559.317 531.193
491 510.087 985.081
490 289.695 555.141
489 973.485 792.754
488 874.63 916.284
487 561.539 399.608
486 810.613 745.639
485 996.558 1.17819
484 907.165 32.1859
483 1.02279 649.67
482 14.5069 630.107
481 916.705 988.53
480 753.081 88.8515
479 764.128 828.199
478 543.524 156.562
477 269.519 934.266
476 320.6 292.643
475 370.627 620.479
474 426.036 185.758
473 942.896 782.428
472 732.119 274.298
471 124.413 936.83
470 266.188 631.832
469 745.001 193.928
468 748.413 443.954
467 236.527 168.918
466 81.0634 158.531
465 694.8 899.035
464 43.3954 341.071
463 826.924 377.001
462 155.448 272.787
461 622.174 324.309
460 826.832 462.127
459 171.778 28.9686
458 749.966 931.815
457 997.613 166.073
456 825.117 432.763
455 67.9879 444.184
454 307.951 523.092
453 838.277 99.1027
452 986.653 743.578
451 785.205 846.179
450 959.714 288.459
449 57.6906 44.5883
448 478.587 590.073
447 768.058 897.939
446 619.974 944.281
445 740.617 375.502
444 585.573 647.288
443 37.4026 781.996
442 814.999 398.996
441 532.648 110.371
440 8.95346 868.436
439 119.307 294.799
438 560.609 87.5521
437 635.825 538.053
436 796.199 624.428
435 304.101 50.7737
434 140.478 529.157
433 797.081 826.454
432 705.599 697.412
431 105.209 736.239
430 506.291 270.406
429 165.596 997.256
428 230.208 806.538
427 948.637 416.804
426 237.076 400.288
425 978.121 196.531
424 767.678 477.928
423 378.821 184.104
422 554.639 316.73
421 708.116 457.765
420 529.114 173.357
419 415.235 928.716
418 795.351 386.243
417 585.044 139.139
416 730.239 663.473
415 136.49 745.811
414 985.57 568.911
413 254.41 921.015
412 402.122 671.396
411 104.816 418.58
410 758.857 980.367
409 807.162 672.451
408 796.423 821.327
407 873.699 581.696
406 787.66 730.576
405 458.819 637.134
404 841.53 904.356
403 545.061 543.067
402 180.496 216.147
401 804.191 249.514
400 431.191 419.928
399 159.777 336.824
398 917.724 348.56
397 812.832 470.978
396 496.153 266.47
395 616.442 394.009
394 364.812 975.135
393 563.35 833.793
392 822.057 338.475
391 818.18 249.624
390 211.578 992.679
389 141.489 397.133
388 433.236 639.877
387 845.94 955.69
386 839.214 365.73
385 147.372 554.842
384 62.3011 344.839
383 149.075 339.688
382 113.952 441.918
381 871.571 88.7254
380 769.323 27.1098
379 30.1728 936.235
378 947.075 606.418
377 407.678 33.965
376 162.111 37.9059
375 80.9426 327.071
374 645.527 435.622
373 770.799 814.895
372 900.553 739.803
371 699.647 750.413
370 105.699 97.0592
369 486.908 719.706
368 243.15 0.419492
367 387.905 185.447
366 275.062 798.281
365 107.261 111.754
364 312.854 14.7029
363 185.852 681.226
362 22.0969 611.819
361 685.049 823
360 521.99 158.433
359 359.518 481.452
358 614.579 996.504
357 428.286 941.703
356 202.493 178.079
355 302.919 497.6
354 409.574 797.337
353 513.356 691.852
352 937.902 593.456
351 559.729 902.572
350 105.578 436.779
349 407.98 305.918
348 387.468 729.635
347 905.562 55.5465
346 998.063 409.725
345 10.3083 715.355
344 530.463 303.395
343 561.728 625.907
342 114.243 62.6097
341 462.646 524.881
340 240.194 966.998
339 835.02 660.122
338 881.204 973.989
337 643.801 96.9322
336 922.44 658.38
335 795.408 430.163
334 103.623 59.6218
333 83.3073 651.774
332 621.961 21.9029
331 14.7134 215.535
330 493.106 799.472
329 373.801 86.6036
328 513.44 547.564
327 894.155 703.211
326 800.739 727.238
325 84.5491 733.594
324 49.6374 429.141
323 707.348 440.744
322 757.797 534.905
321 699.683 512.157
320 239.776 463.003
319 177.683 747.558
318 526.593 825.506
317 218.903 884.832
316 575.066 599.386
315 195.163 677.89
314 204.291 696.666
313 766.464 699.042
312 6.02464 16.6983
311 157.641 36.0806
310 107.058 955.687
309 855.987 388.552
308 107.652 816.978
307 395.068 70.9078
306 90.2796 853.838
305 854.156 118.849
304 143.75 636.899
303 202.697 320.348
302 32.5981 783.18
301 675.624 289.721
300 160.588 633.771
299 170.364 141.659
298 827.384 403.661
297 824.452 356.201
296 502.849 439.762
295 749.828 743.897
294 784.803 161.398
293 574.157 195.627
292 251.192 780.122
291 350.781 40.9304
290 250.96 120.964
289 348.974 233.913
288 31.0033 522.453
287 698.54 362.794
286 497.698 465.164
285 233.173 248.245
284 435.831 964.136
283 722.549 1.64015
282 527.407 915.192
281 993.287 186.26
280 946.691 173.797
279 874.714 725.824
278 371.805 692.249
277 49.8704 483.365
276 709.897 180.239
275 500.216 771.601
274 741.966 478.588
273 480.911 220.198
272 861.238 748.558
271 700.831 416.66
270 508.912 141.622
269 378.27 41.3615
268 253.298 398.191
267 41.9389 53.1795
266 459.962 759.165
265 711.545 54.3737
264 455.374 201.45
263 459.254 710.344
262 85.5325 727.014
261 280.5 944.415
260 751.941 753.616
259 819.96 227.191
258 804.469 442.016
257 357.714 275.781
256 565.756 526.971
255 785.328 746.44
254 33.013 234.399
253 237.368 405.057
252 275.675 611.167
251 907.991 888.386
250 843.354 872.603
249 114.076 603.896
248 786.943 601.154
247 276.982 871.187
246 642.268 81.9676
245 517.449 880.859
244 443.153 121.384
243 497.222 969.861
242 328.688 105.576
241 923.583 602.143
240 944.275 171.328
239 357.572 51.0024
238 761.098 391.205
237 153.889 340.13
236 854.098 142.376
235 202.673 483.743
234 81.4748 12.7486
233 754.745 426.522
232 43.1297 989.977
231 778.675 509.681
230 502.075 427.653
229 728.163 453.447
228 19.4247 647.397
227 171.615 155.487
226 564.674 633.801
225 754.184 451.261
224 550.035 338.81
223 399.558 991.632
222 628.947 719.961
221 409.995 675.881
220 269.699 989.414
219 255.766 479.136
218 437.488 203.322
217 848.72 861.322
216 111.091 439.108
215 130.037 303.495
214 39.5462 415.808
213 952.66 434.743
212 372.397 643.769
211 758.988 970.882
210 133.877 537.765
209 121.197 551.605
208 63.1802 494.469
207 173.443 36.4839
206 13.1581 683.301
205 592.891 887.711
204 838.434 300.023
203 522.208 648.276
202 758.278 715.935
201 534.273 922.699
200 343.434 362.021
199 956.421 621.797
198 140.327 216.437
197 54.6035 966.173
196 148.43 424.067
195 357.271 12.4272
194 841.49 236.575
193 826.387 413.031
192 652.419 98.2121
191 382.277 121.441
190 103.065 153.226
189 105.661 668.624
188 379.189 661.616
187 91.4568 60.5365
186 749.694 86.6656
185 654.127 857.234
184 976.518 875.274
183 294.583 406.813
182 723.427 965.055
181 366.901 818.981
180 960.849 704.156
179 734.364 106.11
178 789.583 404.021
177 305.216 10.5997
176 824.972 14.4322
175 287.777 627.378
174 948.436 125.92
173 322.631 754.633
172 545.177 488.452
171 528.895 434.194
170 302.566 667.78
169 556.33 829.452
168 787.046 131.983
167 251.46 121.797
166 689.306 620.072
165 731.832 659.092
164 215.482 850.708
163 898.051 68.9709
162 291.01 600.381
161 499.978 347.28
160 264.799 644.308
159 285.12 173.834
158 682.954 596.719
157 889.265 504.078
156 518.604 6.46683
155 549.259 181.075
154 369.505 214.62
153 414.653 236.485
152 486.922 127.939
151 869.99 265.403
150 793.748 730.341
149 435.714 815.88
148 49.464 477.358
147 247.949 911.95
146 84.0984 689.383
145 2.47226 395.574
144 159.105 280.751
143 434.776 729.086
142 423.48 95.2347
141 666.591 730.846
140 568.623 335.764
139 22.1021 642.611
138 892.487 7.64225
137 568.533 151.651
136 356.411 480.388
135 701.953 952.467
134 947.513 612.867
133 538.092 54.8391
132 883.337 888.525
131 809.484 984.145
130 348.125 540.322
129 966.199 918.044
128 513.128 186.012
127 451.368 536.636
126 345.092 380.64
125 820.164 291.5
124 972.569 170.758
123 809.288 17.2956
122 281.216 9.613
121 382.532 396.924
120 615.557 679.464
119 587.851 61.1903
118 441.767 440.661
117 95.4643 854.171
116 86.4231 870.886
115 49.9005 558.476
114 19.5677 515.338
113 288.096 666.74
112 953.212 891.944
111 649.565 358.096
110 431.912 797.103
109 553.554 926.312
108 800.476 557.981
107 934.515 479.553
106 942.265 557.961
105 125.341 744.33
104 33.9015 312.283
103 143.811 446.734
102 599.301 740.761
101 779.538 685.266
100 255.477 332.502
99 776.305 358.752
98 909.14 241.839
97 559.8 461.545
96 518.156 222.922
95 347.003 532.489
94 403.712 789.385
93 986.365 854.204
92 62.8703 271.533
91 584.878 990.01
90 359.005 92.2879
89 368.305 746.23
88 278.473 759.682
87 455.532 721.218
86 351.526 802.401
85 390.017 797.101
84 606.628 289.605
83 615.735 528.146
82 119.61 170.094
81 288.444 647.412
80 938.849 541.415
79 224.244 351.946
78 318.297 78.5905
77 676.791 621.591
76 721.849 286.201
75 444.447 297.17
74 222.31 417.029
73 403.485 694.523
72 500.06 865.633
71 479.247 100.126
70 241.247 495.344
69 761.917 4.53379
68 980.596 701.042
67 577.264 539.081
66 264.393 415.976
65 886.978 430.523
64 906.179 716.219
63 141.76 253.816
62 349.674 998.072
61 288.697 705.141
60 65.4426 848.23
59 859.893 630.505
58 112.047 999.277
57 181.251 208.749
56 657.765 79.2935
55 649.732 815.114
54 351.224 998.363
53 567.419 980.514
52 961.193 650.371
51 196.136 544.511
50 986.934 388.857
49 934.031 593.341
48 827.234 313.347
47 913.949 329.182
46 242.004 489.496
45 903.235 368.426
44 945.25 643.744
43 338.136 584.941
42 229.342 801.76
41 267.4 953.097
40 81.8416 569.725
39 195.334 593.232
38 658.511 937.884
37 512.247 552.193
36 607.099 375.62
35 759.929 670.62
34 280.868 704.665
33 203.298 88.5762
32 569.775 509.565
31 540.184 647.78
30 939.328 259.061
29 474.992 272.491
28 377.366 564.835
27 876.027 696.759
26 679.633 150.975
25 319.815 982.327
24 774.809 813.267
23 660.036 702.546
22 314.577 436.784
21 426.58 500.941
20 296.934 646.692
19 116.756 750.923
18 110.957 884.096
17 962.459 12.0538
16 694.994 228.603
15 392.896 899.323
14 891.081 593.873
13 932.664 340.327
12 6.57788 573.299
11 622.059 210.893
10 806.502 140.473
9 584.649 216.588
8 950.854 153.56
7 132.554 64.1665
6 351.209 573.345
5 750.497 366.274
4 187.59 990.434
3 565.489 1.76691
2 834.817 335.986
1 41.6303 454.492
tail head car_cost drone_cost
1000 485 52 13
1000 17 20 5
1000 549 83 16
1000 484 48 13
1000 947 42 11
999 118 29 9
999 400 33 9
999 359 69 16
999 848 15 5
999 845 43 12
999 619 22 8
998 361 48 12
998 965 48 14
998 927 11 3
998 55 14 3
998 849 29 8
998 953 33 10
998 727 31 8
997 855 74 22
997 163 32 6
997 381 7 2
997 305 42 10
997 607 65 16
997 993 60 15
996 223 52 13
996 901 24 6
996 865 3 1
996 394 23 5
996 804 46 11
996 874 44 12
995 323 30 8
995 581 15 4
995 271 57 11
995 548 25 6
995 374 43 15
995 948 81 21
994 840 12 3
994 285 62 17
994 79 44 13
994 303 23 7
994 515 63 21
994 836 64 19
994 144 70 16
993 174 21 6
993 549 17 5
993 562 35 10
993 947 66 18
993 163 50 12
993 997 63 17
993 607 94 19
992 437 11 4
992 896 69 18
992 831 49 16
992 83 17 5
992 764 51 10
992 729 14 4
991 271 57 13
991 722 47 15
991 939 57 16
991 111 56 14
991 374 27 7
991 829 30 8
991 395 29 8
991 812 39 9
991 903 45 11
990 80 41 13
990 819 13 3
990 589 24 6
990 694 60 14
990 157 22 6
989 170 19 6
989 880 14 5
989 20 11 3
989 113 14 3
989 81 9 3
989 160 30 7
988 313 36 9
988 202 17 5
988 35 51 14
988 759 36 11
988 295 26 9
988 432 35 11
988 416 52 15
988 670 55 12
988 942 39 9
987 634 38 11
987 834 48 14
987 784 35 11
987 261 28 7
987 477 20 7
987 247 44 12
987 497 28 9
987 413 30 7
986 394 14 4
986 645 12 3
986 874 24 7
986 624 24 5
985 569 25 9
985 198 34 9
985 63 30 8
985 888 46 15
985 439 51 14
985 502 42 8
985 92 51 16
984 951 13 4
984 219 24 6
984 894 13 4
984 46 12 3
984 70 6 2
984 974 35 10
983 522 58 13
983 849 5 2
983 606 47 12
983 393 58 12
983 953 13 3
982 758 27 6
982 873 34 8
982 784 61 16
982 247 51 15
982 828 58 16
982 683 34 8
982 807 57 13
981 387 40 11
981 404 34 8
981 934 37 13
981 717 36 10
981 853 48 16
980 716 7 2
980 655 11 3
980 877 12 3
980 835 15 4
980 161 47 13
979 954 15 3
979 546 24 6
979 978 10 3
979 301 18 4
979 597 35 9
978 954 15 4
978 76 28 10
978 617 63 15
978 546 31 7
978 979 8 3
977 538 30 8
977 909 37 10
977 709 33 10
977 525 35 8
976 971 39 9
976 583 11 3
976 179 43 9
976 913 55 12
976 806 32 8
976 265 19 4
975 409 7 3
975 326 58 14
975 674 22 5
975 615 19 4
975 101 26 5
974 490 69 16
974 894 43 13
974 984 49 12
974 70 37 9
974 744 38 12
974 252 118 26
974 504 45 9
974 235 49 12
974 51 27 7
974 39 64 18
973 384 47 10
973 464 28 8
973 104 43 12
973 214 54 15
973 796 23 7
973 509 112 29
973 145 44 9
972 360 12 4
972 751 38 9
972 420 13 3
972 128 18 5
971 600 35 9
971 179 8 2
971 480 18 5
971 186 17 4
971 976 29 9
971 583 25 8
970 936 23 8
970 872 17 6
970 494 34 10
970 777 45 8
970 833 41 10
970 782 46 13
969 891 48 14
969 213 49 11
969 639 14 4
969 713 7 2
969 720 11 3
969 733 7 2
968 336 30 9
968 811 52 12
968 14 57 11
968 889 42 9
968 59 36 8
968 826 23 7
967 253 29 6
967 426 23 7
967 74 12 3
967 235 86 20
967 851 19 5
967 838 40 9
967 196 78 15
967 103 71 21
966 3 54 18
966 912 40 12
966 156 12 4
966 892 135 30
966 377 112 28
966 71 108 28
965 371 41 9
965 878 28 8
965 141 23 5
965 361 84 19
965 998 59 12
965 727 40 12
965 692 41 11
964 380 17 5
964 123 36 8
964 721 36 9
964 869 22 4
964 69 11 4
963 143 54 12
963 94 42 12
963 632 30 7
963 348 17 4
963 885 13 4
963 89 21 6
963 85 54 14
962 903 53 12
962 36 40 9
962 461 63 17
962 824 22 5
962 610 16 5
962 140 19 5
962 224 32 6
962 528 41 9
962 642 27 7
961 616 25 7
961 604 11 3
961 50 27 9
961 427 75 14
961 907 30 6
961 734 20 5
960 510 19 5
960 518 26 5
960 579 9 3
960 844 16 4
960 43 23 5
959 443 19 5
959 541 54 12
959 868 51 9
959 302 11 4
959 864 17 4
959 440 80 19
958 373 37 10
958 814 35 8
958 755 51 16
958 479 22 7
958 361 62 15
958 672 69 16
957 137 37 10
957 9 31 8
957 293 13 4
957 155 20 5
957 650 41 10
956 737 62 13
956 789 71 15
956 795 53 12
956 516 48 10
956 18 43 11
956 117 28 7
956 308 22 7
955 487 46 9
955 97 39 10
955 739 41 9
955 171 12 4
954 76 35 8
954 561 46 15
954 978 12 4
954 979 14 5
954 857 45 11
954 301 14 3
953 998 42 8
953 727 40 9
953 849 13 3
953 983 12 4
953 393 47 13
953 671 44 12
952 609 72 19
952 88 52 13
952 292 24 7
952 42 43 8
952 314 69 19
952 540 41 11
951 887 25 8
951 984 13 4
951 765 19 5
951 894 14 3
951 526 14 5
951 219 16 5
950 640 26 9
950 701 31 8
950 130 13 4
950 95 13 4
950 6 36 10
950 28 30 8
949 503 31 7
949 185 44 11
949 38 47 10
949 810 31 7
949 446 56 16
948 548 68 23
948 995 76 19
948 374 89 18
948 829 80 23
948 83 18 6
948 785 7 2
948 32 51 12
948 97 82 21
947 1000 34 10
947 549 62 13
947 993 51 17
947 484 24 6
947 163 28 10
947 347 20 5
946 60 61 13
946 575 46 14
946 440 10 3
946 803 59 16
945 711 31 8
945 786 18 5
945 53 29 7
945 109 54 14
945 566 46 10
944 209 9 3
944 631 13 4
944 40 34 11
944 745 36 11
943 753 11 3
943 108 21 6
943 790 47 10
943 322 27 7
943 545 8 3
943 578 22 7
942 644 35 13
942 432 15 6
942 988 37 10
942 670 12 3
941 383 67 17
941 215 38 10
941 888 35 8
941 92 60 18
941 389 96 22
941 384 35 11
941 375 16 4
940 192 21 5
940 512 11 3
940 337 24 5
940 417 69 17
940 746 73 16
940 508 19 6
940 682 41 12
939 445 38 11
939 287 26 7
939 722 9 2
939 111 61 16
939 991 67 12
938 11 26 8
938 882 45 8
938 293 28 8
938 700 12 4
938 9 22 7
938 638 11 4
937 45 51 13
937 738 14 4
937 65 15 5
937 309 46 10
937 568 39 10
936 760 25 7
936 716 22 7
936 872 29 9
936 970 28 6
936 858 42 8
936 782 41 12
935 391 39 8
935 401 31 7
935 48 40 13
935 125 24 6
935 99 71 21
935 560 86 21
935 768 87 24
935 472 62 17
935 617 99 23
934 908 19 6
934 387 31 9
934 981 46 13
934 853 27 8
934 131 18 5
933 301 39 14
933 857 54 17
933 663 66 15
933 84 30 7
933 910 35 9
933 597 19 6
932 821 68 18
932 159 47 11
932 860 17 4
932 285 51 15
932 750 61 12
932 356 43 13
932 467 25 6
931 679 65 13
931 272 59 13
931 770 51 12
931 856 39 11
931 408 50 12
931 736 44 12
931 791 41 11
930 397 34 10
930 424 19 4
930 231 22 5
929 530 36 7
929 654 79 21
929 730 28 8
929 80 32 9
929 107 67 14
929 819 53 14
928 671 57 13
928 850 85 23
928 719 26 8
928 275 7 3
928 818 6 2
927 55 5 2
927 998 11 3
927 849 29 7
927 522 39 10
926 551 41 10
926 917 45 10
926 312 20 4
926 680 42 10
926 267 32 11
925 520 48 11
925 179 44 9
925 815 40 10
925 547 27 7
925 26 44 10
924 33 45 13
924 783 32 8
924 596 36 8
924 743 18 5
924 519 8 2
923 606 49 12
923 205 24 7
923 351 29 7
923 708 25 7
923 563 36 11
923 393 52 14
922 589 42 10
922 854 29 7
922 65 30 7
922 647 3 1
922 460 40 11
922 839 65 16
921 740 32 11
921 251 28 6
921 666 67 15
921 884 8 3
921 132 12 3
921 770 49 11
921 404 53 10
921 250 37 9
921 217 34 10
920 861 7 2
920 474 15 4
920 893 27 7
920 367 33 8
920 550 26 8
919 815 21 7
919 507 49 11
919 665 28 7
919 560 50 13
919 469 12 3
919 561 56 17
918 898 22 5
918 425 31 10
918 511 20 5
918 30 52 10
918 514 41 10
918 539 67 19
917 234 33 7
917 590 22 5
917 449 18 5
917 551 20 4
917 312 58 16
917 926 45 12
916 602 53 18
916 153 74 19
916 154 33 7
916 257 45 12
916 289 6 2
916 556 27 7
915 25 36 7
915 874 22 6
915 634 7 2
915 261 35 9
915 712 33 12
914 794 48 14
914 859 40 12
914 325 36 10
914 868 48 10
914 541 35 8
914 443 30 7
913 179 55 15
913 976 48 12
913 806 12 4
913 56 15 5
913 535 8 3
913 192 33 8
913 26 78 18
912 825 42 12
912 537 12 3
912 133 13 4
912 71 71 20
912 966 47 11
912 156 47 12
912 441 67 16
912 603 69 18
911 456 12 3
911 193 23 8
911 460 24 8
911 335 21 5
911 258 10 3
910 461 3 1
910 597 30 7
910 933 35 9
910 610 49 14
910 84 43 9
909 282 57 14
909 754 33 10
909 538 36 11
909 594 35 13
909 357 49 12
909 977 32 10
909 525 53 10
909 419 46 12
908 338 49 16
908 387 21 7
908 934 17 6
908 131 21 5
907 832 52 12
907 450 44 15
907 961 34 9
907 734 18 6
907 427 75 21
907 749 61 16
907 13 25 6
907 398 33 9
906 570 49 14
906 827 54 12
906 180 30 9
906 473 58 19
906 889 61 15
906 774 50 17
906 64 32 8
906 372 46 9
905 831 14 4
905 703 53 14
905 444 45 11
905 316 39 10
905 764 42 11
904 890 28 7
904 455 16 5
904 1 18 4
904 897 18 5
904 324 14 4
903 111 26 7
903 461 40 11
903 812 29 5
903 991 50 14
903 962 58 12
903 36 17 5
902 466 64 16
902 661 31 10
902 664 17 4
902 763 56 18
902 680 86 24
901 284 57 13
901 357 39 9
901 419 33 8
901 554 35 8
901 223 56 10
901 772 38 8
901 865 18 6
901 996 21 5
900 690 34 7
900 79 9 3
900 851 35 11
900 838 41 8
900 303 27 9
900 613 22 6
899 816 31 11
899 266 28 7
899 558 34 8
899 149 35 8
899 110 14 4
899 143 65 15
899 94 48 9
898 457 63 17
898 281 30 10
898 832 88 19
898 511 18 4
898 425 30 8
898 918 20 6
897 904 17 4
897 324 22 6
897 214 32 8
897 725 10 3
897 1 10 3
896 158 14 4
896 437 76 21
896 992 83 21
896 77 27 6
896 831 50 12
895 41 31 9
895 477 45 9
895 673 22 8
895 413 40 10
895 147 41 11
895 340 21 5
895 390 57 13
895 4 55 13
895 542 77 17
895 517 78 20
894 496 55 11
894 765 23 6
894 951 14 4
894 984 11 4
894 490 56 12
894 974 37 10
893 244 58 14
893 861 38 10
893 920 25 7
893 550 29 6
893 191 32 9
893 543 30 9
892 966 136 34
892 3 216 48
892 377 51 11
892 195 13 3
892 269 36 9
892 368 121 26
892 177 71 14
891 822 26 5
891 654 41 9
891 534 34 9
891 213 5 2
891 969 49 12
891 713 48 13
890 455 32 9
890 904 34 7
890 208 30 8
890 148 5 1
890 1 23 5
890 725 33 9
889 906 55 12
889 180 66 17
889 336 19 5
889 64 45 11
889 327 29 9
889 968 30 8
889 27 40 11
889 826 46 12
888 985 60 11
888 215 18 5
888 439 4 2
888 92 55 16
888 941 30 10
887 22 50 16
887 355 38 12
887 765 36 9
887 951 30 8
887 526 14 3
887 66 49 12
887 219 15 4
887 571 33 10
887 320 29 9
886 184 37 11
886 93 43 12
886 557 55 12
886 666 45 13
886 740 21 6
886 112 34 7
885 348 8 2
885 724 49 15
885 278 53 12
885 89 17 5
885 963 15 3
884 251 21 7
884 921 8 3
884 132 2 1
883 144 31 8
883 462 27 8
883 63 37 10
883 439 18 5
883 675 20 4
883 215 13 3
882 830 55 13
882 512 60 15
882 11 50 13
882 938 41 11
882 700 24 7
882 417 26 6
882 137 37 8
881 29 30 7
881 655 41 11
881 75 17 5
881 349 58 11
881 602 56 12
880 636 38 10
880 579 63 14
880 506 25 9
880 170 23 5
880 175 33 8
880 989 21 6
880 20 10 3
879 444 21 7
879 31 25 9
879 226 25 7
879 689 34 8
879 495 23 6
878 759 46 12
878 432 39 11
878 371 27 7
878 23 37 10
878 141 22 5
878 965 32 8
877 655 8 2
877 835 6 1
877 980 11 4
876 577 25 7
876 388 15 5
876 221 33 9
876 412 29 10
876 188 47 11
876 533 38 10
876 212 46 11
876 752 43 11
876 475 47 15
875 585 47 11
875 122 48 14
875 368 25 8
875 33 81 18
875 775 48 13
875 459 78 15
875 207 58 19
874 394 35 8
874 986 29 7
874 996 51 12
874 804 52 11
874 624 25 7
874 25 14 4
874 634 27 7
874 915 30 6
873 653 38 8
873 181 48 14
873 758 48 11
873 710 28 9
873 834 37 10
873 784 43 10
873 982 23 8
872 936 27 9
872 792 16 6
872 760 19 5
872 400 40 14
872 494 37 13
872 970 17 6
871 563 49 13
871 318 31 9
871 72 20 6
871 538 35 11
871 709 64 15
871 330 44 12
871 558 66 16
870 59 57 13
870 797 56 11
870 407 60 15
870 726 38 10
870 436 24 6
870 248 26 8
870 108 60 15
869 964 18 6
869 69 19 5
869 380 13 3
869 283 52 10
869 593 28 9
869 583 62 13
868 308 48 16
868 794 38 12
868 914 49 13
868 60 52 12
868 440 65 23
868 443 32 8
868 959 43 9
868 302 31 9
867 631 45 10
867 793 31 7
867 40 41 9
867 115 34 7
867 288 34 9
867 208 44 8
866 87 36 10
866 263 30 9
866 577 53 15
866 221 33 8
866 73 24 7
866 632 45 10
866 143 21 7
865 772 42 10
865 901 15 4
865 804 38 13
865 996 3 1
864 541 36 10
864 959 22 5
864 345 53 11
864 483 108 33
864 440 110 22
863 627 21 6
863 788 29 8
863 321 25 8
863 548 45 11
863 158 79 20
863 785 47 16
863 437 49 12
862 167 43 10
862 290 46 11
862 33 24 9
862 532 6 2
862 677 53 11
861 678 27 7
861 244 59 18
861 893 33 9
861 920 6 2
861 474 10 3
860 677 36 10
860 467 16 5
860 159 33 8
860 932 15 4
859 19 22 6
859 431 14 4
859 794 51 12
859 262 16 6
859 325 15 3
859 914 41 11
858 716 56 11
858 75 43 10
858 349 16 5
858 936 34 10
858 782 15 3
857 561 53 12
857 16 37 11
857 954 45 9
857 301 40 9
857 663 29 9
857 933 52 16
856 931 40 11
856 770 28 6
856 843 28 7
856 408 31 12
856 433 36 10
855 997 67 15
855 163 85 23
855 381 72 20
855 176 41 8
855 453 65 16
855 480 74 18
855 380 50 11
855 123 37 8
854 720 6 2
854 733 18 4
854 589 53 11
854 65 13 4
854 922 23 8
853 934 30 8
853 131 35 9
853 981 64 16
853 410 23 9
853 211 31 8
853 458 46 11
853 717 80 20
852 232 58 14
852 197 55 13
852 379 34 12
852 803 28 9
852 440 93 25
852 483 325 67
851 426 29 8
851 690 26 8
851 900 36 10
851 838 18 5
851 967 23 6
850 651 22 5
850 689 20 5
850 671 86 19
850 928 62 21
850 719 66 14
850 353 32 10
850 369 58 16
849 998 35 9
849 953 10 3
849 983 7 2
849 927 27 6
849 522 47 14
848 494 33 9
848 400 30 8
848 999 15 5
848 777 44 9
848 359 55 18
848 121 44 9
848 618 61 17
848 136 72 14
847 375 50 15
847 92 34 13
847 536 9 3
847 628 29 8
847 104 9 3
846 564 20 7
846 706 25 7
846 48 25 6
846 204 26 6
846 2 17 5
846 747 30 6
845 778 40 9
845 21 37 8
845 619 56 12
845 999 47 15
845 640 30 7
845 359 37 9
845 701 24 7
844 6 25 6
844 510 11 3
844 960 12 4
844 43 10 4
843 217 22 6
843 770 19 7
843 856 26 6
843 250 25 7
843 717 66 13
843 433 38 12
843 451 47 12
843 755 52 17
842 459 22 6
842 7 42 10
842 376 10 3
842 311 6 2
842 234 63 16
842 605 46 10
841 329 21 5
841 715 29 7
841 239 22 5
841 90 25 5
841 799 29 9
841 580 32 7
840 476 89 22
840 821 99 24
840 285 56 15
840 100 33 8
840 994 11 4
840 79 43 11
839 694 72 21
839 157 23 7
839 589 30 8
839 407 71 20
839 108 89 22
839 753 73 22
839 922 73 15
839 460 69 16
839 397 67 15
838 900 45 11
838 613 29 10
838 851 19 6
838 967 43 8
838 196 57 17
838 389 47 15
838 399 49 11
838 237 47 14
837 247 39 9
837 776 15 4
837 317 30 8
837 164 33 7
837 608 20 6
836 994 84 17
836 402 55 14
836 144 18 6
836 515 40 12
836 750 50 13
836 462 19 5
836 569 35 9
836 63 26 6
835 344 54 17
835 430 65 16
835 29 44 12
835 655 12 3
835 877 4 2
835 980 18 5
835 161 43 12
834 710 21 5
834 873 38 12
834 804 37 10
834 634 54 17
834 784 20 5
834 987 49 15
833 970 46 12
833 782 19 5
833 777 44 13
833 121 56 15
833 705 31 6
833 126 56 13
833 200 54 10
832 457 180 31
832 898 100 28
832 511 82 21
832 616 24 7
832 346 110 23
832 734 41 10
832 907 53 10
832 450 39 12
831 77 54 14
831 896 45 13
831 644 86 24
831 992 71 14
831 764 49 13
831 703 47 14
831 905 14 4
830 26 24 6
830 11 91 19
830 512 13 4
830 882 48 13
829 991 38 9
829 374 27 6
829 948 73 19
829 97 62 17
829 395 41 9
829 707 38 11
828 982 57 13
828 807 22 8
828 366 19 4
828 247 53 14
828 658 19 5
828 614 29 9
828 505 29 7
828 608 38 9
827 669 35 10
827 452 4 1
827 570 17 3
827 906 51 14
827 180 39 9
826 889 43 10
826 968 26 6
826 27 39 12
826 59 31 7
826 339 29 10
826 797 24 5
825 3 29 7
825 523 12 3
825 527 33 10
825 133 33 9
825 537 33 9
825 912 39 9
825 787 24 7
825 156 35 9
824 36 24 6
824 962 20 6
824 588 21 5
824 528 34 10
824 487 41 9
823 319 65 18
823 415 41 8
823 516 19 6
823 308 48 12
823 794 40 9
823 19 32 9
822 346 28 7
822 637 33 12
822 213 20 7
822 427 34 7
822 891 20 6
822 654 29 6
821 626 24 5
821 476 70 16
821 840 81 22
821 285 48 15
821 159 52 16
821 932 73 14
820 236 36 13
820 498 44 12
820 453 53 10
820 168 30 6
820 259 79 24
820 10 6 2
820 294 32 8
819 929 57 15
819 107 28 7
819 80 51 13
819 990 10 3
819 589 21 7
819 611 29 6
818 671 55 15
818 318 51 14
818 330 33 8
818 275 9 3
818 928 5 2
817 23 50 13
817 120 13 3
817 524 13 4
817 495 38 9
816 275 24 7
816 719 34 7
816 330 27 7
816 558 19 7
816 899 38 8
816 266 21 6
815 665 48 10
815 294 51 13
815 919 27 5
815 520 51 11
815 469 14 4
815 276 36 8
815 547 49 12
815 925 39 12
814 736 58 16
814 24 38 9
814 260 34 11
814 373 31 8
814 958 35 8
814 361 67 19
814 371 73 18
814 759 45 12
813 98 46 12
813 539 57 11
813 607 82 19
813 259 34 12
813 151 31 10
813 687 20 7
813 194 24 6
812 991 29 9
812 903 25 6
812 395 5 1
812 36 21 4
812 588 19 7
811 49 20 6
811 241 9 3
811 694 52 15
811 336 55 16
811 14 27 7
811 968 55 12
810 949 28 8
810 185 36 11
810 522 36 11
810 446 64 17
810 711 59 12
810 205 34 10
810 606 20 4
809 117 3 1
809 306 3 1
809 116 18 4
808 697 10 2
808 656 52 12
808 481 40 10
807 982 43 15
807 683 26 6
807 88 39 12
807 828 27 7
807 366 14 4
806 283 85 19
806 976 30 10
806 265 40 8
806 913 14 4
806 587 85 21
806 56 21 8
805 410 34 10
805 211 25 7
805 458 31 11
805 135 27 8
805 182 8 2
804 865 48 12
804 772 41 10
804 710 33 9
804 996 40 11
804 874 42 12
804 834 44 12
804 634 32 8
803 379 23 5
803 575 56 14
803 946 53 12
803 440 64 15
803 852 28 8
802 471 11 4
802 310 27 7
802 18 45 12
802 576 19 4
801 800 33 11
801 187 39 11
801 449 18 5
801 551 16 5
801 267 11 4
801 680 41 14
801 661 75 17
801 635 56 15
800 370 30 9
800 801 42 9
800 635 26 7
800 695 28 7
800 187 25 6
799 239 38 11
799 841 36 10
799 291 41 12
799 435 25 7
799 78 9 2
799 580 21 6
798 296 16 5
798 230 30 7
798 286 13 3
798 118 65 16
798 619 71 19
797 59 12 3
797 826 23 7
797 339 29 8
797 870 44 14
797 726 30 7
796 973 24 6
796 145 21 4
796 214 40 12
795 428 57 19
795 42 79 18
795 164 47 13
795 737 41 11
795 516 38 10
795 956 43 12
794 823 39 11
794 19 50 13
794 859 43 13
794 308 34 7
794 868 43 10
794 914 39 11
793 731 40 13
793 208 20 5
793 867 32 7
793 631 55 14
792 161 55 11
792 716 33 9
792 773 63 20
792 400 66 13
792 760 5 2
792 872 20 5
791 272 46 15
791 652 44 10
791 931 45 11
791 486 24 5
791 255 26 7
791 736 25 7
790 108 54 12
790 943 44 13
790 322 34 6
790 621 27 8
790 627 53 14
790 704 10 3
789 737 20 6
789 517 25 6
789 471 74 16
789 18 54 11
789 956 51 13
788 322 74 16
788 321 2 1
788 627 14 4
788 863 31 6
787 3 31 9
787 156 19 5
787 825 25 6
786 358 27 7
786 446 37 12
786 91 18 6
786 711 33 9
786 945 21 5
786 53 26 8
785 548 80 17
785 863 65 12
785 948 9 2
785 437 34 9
785 83 16 4
784 873 49 10
784 982 50 17
784 834 17 5
784 247 34 8
784 987 41 11
783 207 30 8
783 33 40 10
783 924 32 10
783 596 34 12
783 376 30 10
783 7 43 12
782 349 24 8
782 936 47 11
782 858 15 4
782 970 37 12
782 833 19 5
782 705 25 6
781 316 58 20
781 403 30 6
781 328 17 5
781 769 70 20
781 448 59 15
781 37 15 4
780 470 31 6
780 34 56 14
780 113 52 13
780 160 22 6
780 779 32 12
780 315 65 15
780 314 56 16
779 470 56 13
779 252 70 15
779 780 34 12
779 315 51 16
779 676 21 5
779 39 32 9
778 286 64 20
778 341 60 12
778 619 20 4
778 500 40 12
778 845 39 11
778 21 17 5
777 494 11 4
777 970 47 11
777 848 41 9
777 833 47 14
777 121 14 3
776 247 41 10
776 497 28 9
776 837 17 3
776 317 22 6
775 648 69 20
775 585 54 11
775 435 55 16
775 290 54 15
775 875 45 9
775 33 58 13
774 473 45 10
774 906 47 18
774 567 5 2
774 679 29 8
774 372 35 8
774 272 58 11
773 487 50 16
773 528 46 12
773 739 6 2
773 230 17 6
773 161 63 15
773 400 88 22
773 792 71 21
772 554 20 5
772 15 17 4
772 901 32 9
772 865 40 10
772 710 46 9
772 804 33 11
771 714 28 10
771 566 40 11
771 201 57 11
771 243 25 5
771 491 13 5
770 666 75 20
770 679 78 18
770 921 48 10
770 217 11 3
770 931 63 14
770 856 20 7
770 843 27 7
769 316 38 11
769 226 12 3
769 343 5 2
769 31 30 8
769 203 39 12
769 592 63 18
769 448 79 19
769 781 71 17
768 935 84 23
768 617 31 10
768 5 16 3
768 99 15 4
767 182 42 12
767 135 25 6
767 38 29 9
767 358 82 21
766 499 23 7
766 748 20 4
766 686 8 3
766 58 30 7
766 310 22 7
766 574 26 6
765 454 36 10
765 355 22 7
765 496 40 10
765 887 39 10
765 951 19 5
765 894 19 6
764 831 48 13
764 992 38 10
764 729 41 12
764 905 39 10
764 316 32 8
764 67 35 10
764 403 60 17
763 696 32 10
763 331 18 6
763 312 177 50
763 664 36 13
763 902 56 15
763 680 123 38
763 483 462 132
763 509 47 16
763 145 191 52
762 447 32 7
762 458 18 7
762 672 39 11
762 688 32 9
761 747 14 4
761 2 15 4
761 297 18 4
761 392 3 1
761 99 53 13
760 716 32 8
760 936 26 6
760 792 7 2
760 872 21 4
759 260 31 9
759 295 29 6
759 988 38 11
759 432 51 17
759 878 37 13
759 371 21 5
759 814 58 16
758 181 27 8
758 86 15 4
758 873 47 11
758 683 38 9
758 982 24 7
757 592 18 4
757 203 32 8
757 559 12 4
757 553 9 3
757 353 48 14
756 417 17 5
756 746 10 2
756 137 32 10
756 478 40 13
756 441 45 12
756 438 43 9
755 843 61 16
755 717 37 8
755 451 29 7
755 447 24 6
755 672 49 14
755 958 63 12
755 479 50 10
754 201 50 12
754 282 47 13
754 243 27 9
754 909 33 9
754 594 35 8
753 839 83 22
753 397 77 17
753 108 17 4
753 943 13 3
753 231 41 11
753 545 20 5
752 388 63 15
752 448 82 25
752 741 78 20
752 6 51 14
752 28 45 12
752 475 30 8
752 876 43 11
751 972 32 9
751 128 46 12
751 360 36 8
751 270 28 7
751 630 25 7
751 678 52 12
751 529 56 10
751 244 58 15
751 152 26 7
750 932 65 14
750 285 30 11
750 356 51 14
750 57 27 7
750 402 29 8
750 836 42 11
750 515 8 2
749 450 13 3
749 907 51 14
749 13 60 15
749 47 65 15
749 30 30 9
749 151 76 17
748 4 65 14
748 429 45 10
748 517 95 27
748 499 26 7
748 471 28 10
748 686 9 3
748 766 20 4
747 706 29 9
747 846 27 8
747 386 14 4
747 2 15 4
747 761 14 4
747 297 12 4
746 940 57 15
746 682 43 13
746 119 63 17
746 438 41 10
746 756 8 2
746 417 28 6
745 385 52 13
745 209 40 11
745 249 8 3
745 649 21 7
745 691 25 9
745 40 36 11
745 944 44 9
744 70 20 6
744 46 18 6
744 235 23 5
744 974 50 13
744 320 21 6
744 571 36 8
743 924 20 4
743 519 21 5
743 299 35 10
743 370 48 13
743 596 32 7
743 365 41 10
743 190 60 18
742 543 25 7
742 191 60 13
742 573 65 12
742 289 68 18
742 626 75 19
742 159 57 15
742 242 62 15
741 500 23 8
741 127 19 5
741 448 57 20
741 752 66 19
741 28 67 14
741 21 39 9
741 640 43 13
740 112 39 12
740 886 25 6
740 251 16 5
740 666 40 12
740 921 32 9
739 955 44 11
739 487 49 14
739 773 7 2
739 230 12 4
739 171 30 8
738 639 18 5
738 427 43 14
738 45 65 15
738 733 14 4
738 937 16 3
738 65 16 4
737 164 54 13
737 517 26 5
737 789 22 6
737 795 32 9
737 956 70 16
736 931 40 13
736 791 27 7
736 408 43 8
736 24 31 8
736 814 52 14
736 260 49 14
736 255 41 11
735 587 22 5
735 332 29 6
735 119 30 8
735 620 13 4
735 527 47 12
735 3 60 16
735 523 53 11
734 616 13 5
734 832 36 10
734 907 21 5
734 961 15 5
733 639 6 2
733 738 13 4
733 720 14 4
733 969 8 3
733 65 16 6
733 854 16 5
732 136 59 15
732 355 16 4
732 454 20 4
732 95 33 12
731 659 66 16
731 622 56 14
731 103 50 13
731 434 63 16
731 210 55 15
731 631 62 14
731 793 43 11
731 208 55 15
731 455 64 17
731 382 37 12
731 350 51 14
730 530 19 7
730 414 18 5
730 493 38 13
730 929 36 8
730 80 40 11
730 106 32 7
730 352 47 10
729 83 9 2
729 992 15 5
729 764 50 10
729 67 32 8
728 97 24 6
728 32 33 7
728 172 4 1
728 586 13 4
728 171 66 14
728 286 44 14
727 965 43 12
727 998 35 9
727 953 40 9
727 692 52 13
727 102 40 10
727 671 76 15
726 797 31 8
726 870 45 11
726 409 33 7
726 339 7 3
726 674 51 11
726 436 40 12
725 148 32 10
725 897 7 3
725 214 39 10
725 890 31 8
725 1 13 4
725 114 75 20
725 145 64 14
724 885 43 14
724 278 28 10
724 89 47 15
724 625 51 13
724 173 63 13
724 681 25 9
724 61 55 16
724 599 62 16
723 84 49 14
723 612 25 7
723 422 35 8
723 344 22 6
723 430 41 13
722 271 19 6
722 531 56 11
722 445 53 13
722 939 8 3
722 991 61 15
721 544 76 18
721 176 17 6
721 69 43 14
721 123 12 3
721 964 37 8
720 969 11 3
720 733 12 4
720 854 7 2
720 589 45 13
720 611 35 8
720 713 12 3
719 850 52 17
719 928 23 6
719 275 25 7
719 816 28 7
719 266 34 10
719 369 37 8
718 684 77 19
718 415 43 11
718 105 34 8
718 431 21 5
718 189 54 12
718 262 23 7
718 552 11 4
717 250 75 21
717 404 50 15
717 981 38 11
717 843 75 19
717 755 29 7
717 853 58 17
717 458 41 12
717 447 15 5
716 161 39 13
716 980 6 2
716 655 21 5
716 792 29 10
716 760 32 9
716 936 29 7
716 75 44 9
716 858 40 11
715 377 37 9
715 269 8 3
715 329 31 9
715 307 28 6
715 841 29 8
715 239 23 6
714 358 67 17
714 91 47 9
714 53 22 7
714 566 44 15
714 54 209 58
714 771 37 9
714 491 41 10
714 223 141 34
713 534 35 7
713 891 49 14
713 969 7 2
713 611 25 7
713 720 14 3
712 25 25 9
712 915 43 11
712 643 15 5
712 261 34 12
712 41 34 11
712 220 19 5
711 810 59 17
711 446 27 8
711 786 43 10
711 945 26 9
711 109 48 10
711 351 41 11
711 205 51 12
710 15 57 13
710 772 49 9
710 653 37 11
710 702 48 12
710 804 35 11
710 873 36 9
710 834 27 5
709 871 53 18
709 538 50 13
709 558 47 14
709 977 46 10
709 525 44 11
709 702 40 14
709 149 36 7
708 923 18 6
708 351 12 3
708 563 32 8
708 282 43 10
707 588 11 4
707 395 28 7
707 829 38 9
707 97 79 16
707 487 27 8
706 564 18 5
706 45 35 12
706 309 47 9
706 846 25 7
706 747 31 8
706 386 36 7
705 782 25 6
705 349 37 8
705 833 26 7
705 200 61 13
705 257 59 15
705 476 72 18
704 621 23 7
704 790 13 4
704 513 45 12
704 501 47 13
704 158 68 15
704 627 56 19
703 644 83 18
703 831 53 11
703 905 50 14
703 120 28 9
703 444 15 4
703 495 42 9
702 709 41 13
702 149 64 14
702 354 71 19
702 525 45 10
702 15 39 9
702 181 50 15
702 85 66 14
702 653 24 8
702 710 52 14
701 845 27 7
701 640 22 6
701 950 38 8
701 95 34 10
701 359 27 8
701 136 35 8
700 882 29 8
700 938 14 4
700 137 48 10
700 293 26 7
699 504 26 9
699 51 26 7
699 39 37 9
699 601 15 4
699 385 31 9
698 613 42 12
698 303 41 12
698 383 15 5
698 237 18 5
698 399 10 4
698 215 39 11
698 675 37 9
697 93 128 38
697 808 9 3
697 129 61 14
697 656 49 14
696 502 95 22
696 466 66 15
696 254 71 16
696 331 41 9
696 664 8 3
696 763 32 11
695 596 28 9
695 342 17 4
695 334 15 3
695 370 24 7
695 187 15 5
695 800 29 7
694 106 17 5
694 80 16 5
694 49 34 10
694 811 58 11
694 14 55 12
694 407 54 17
694 990 57 16
694 157 74 19
694 839 81 22
693 618 24 6
693 623 18 5
693 126 28 6
693 200 45 9
693 633 59 16
693 183 30 9
692 965 48 13
692 141 45 9
692 222 3 1
692 524 16 6
692 727 43 14
692 102 37 8
691 745 34 9
691 40 35 9
691 649 27 6
691 565 5 2
690 633 40 10
690 268 39 8
690 851 29 9
690 426 28 7
690 900 34 6
690 79 24 6
689 651 27 7
689 495 27 9
689 879 34 8
689 850 17 5
689 31 50 11
689 353 45 8
688 458 47 11
688 762 34 8
688 672 15 3
688 465 25 5
688 135 59 16
687 151 36 9
687 813 26 5
687 194 5 2
687 204 53 15
687 125 54 14
687 391 20 6
687 259 22 6
686 471 30 9
686 748 10 3
686 310 22 6
686 766 8 2
685 315 50 14
685 363 46 14
685 676 35 9
685 300 4 1
685 304 16 5
685 684 48 15
684 314 27 7
684 657 59 16
684 363 11 4
684 319 55 16
684 415 78 21
684 718 82 22
684 189 78 18
684 685 54 13
684 304 50 14
683 758 40 9
683 86 41 11
683 173 35 12
683 584 42 13
683 88 52 10
683 982 39 8
683 807 25 7
682 620 28 6
682 746 45 13
682 119 41 11
682 246 28 7
682 508 30 9
682 940 37 11
681 278 54 15
681 506 28 6
681 724 28 9
681 61 49 11
681 170 24 7
680 801 45 13
680 661 50 10
680 312 62 13
680 763 119 32
680 902 72 20
680 267 35 10
680 926 43 12
679 473 49 11
679 567 27 6
679 774 22 7
679 666 37 11
679 770 67 23
679 272 67 17
679 931 67 13
678 529 64 12
678 751 49 14
678 264 33 8
678 474 25 6
678 218 28 9
678 244 59 12
678 861 31 6
677 242 94 24
677 159 52 9
677 860 40 8
677 467 32 9
677 167 27 6
677 532 47 15
677 862 57 11
676 779 21 5
676 315 48 13
676 39 26 7
676 300 34 11
676 685 34 12
675 303 58 13
675 144 17 5
675 698 33 8
675 883 20 5
675 215 23 7
674 409 22 6
674 726 38 10
674 436 30 9
674 975 19 5
674 615 17 4
674 660 35 13
674 35 35 9
673 41 17 5
673 220 28 7
673 895 28 8
673 340 13 4
672 447 59 15
672 755 46 15
672 958 63 15
672 762 39 9
672 688 12 4
672 465 30 8
672 361 77 20
672 503 49 11
671 953 58 14
671 102 48 15
671 727 58 15
671 651 66 23
671 393 54 13
671 169 52 10
671 318 47 13
671 850 71 22
671 818 58 13
671 928 70 14
670 165 22 5
670 501 51 14
670 416 13 4
670 988 48 12
670 942 12 3
670 644 53 14
670 555 62 18
669 530 145 33
669 414 127 42
669 452 39 11
669 827 34 10
669 68 6 2
669 180 21 6
669 52 54 17
669 493 121 29
668 57 46 14
668 227 51 11
668 198 29 6
668 502 61 17
668 82 22 6
667 279 21 6
667 662 15 5
667 652 18 5
667 272 8 2
666 557 39 10
666 886 51 13
666 473 53 17
666 740 39 9
666 921 50 15
666 770 78 16
666 679 40 8
665 259 53 12
665 294 34 12
665 815 48 11
665 507 36 9
665 919 29 8
664 466 71 19
664 696 8 3
664 902 16 5
664 763 45 10
663 276 89 19
663 16 52 13
663 26 88 19
663 857 29 9
663 933 83 20
663 11 27 8
663 84 89 17
662 279 19 5
662 667 15 5
662 652 22 6
662 646 7 3
662 598 16 4
661 801 58 18
661 466 68 21
661 635 61 14
661 680 46 14
661 902 43 9
660 436 28 7
660 248 22 6
660 674 47 10
660 35 60 16
660 621 33 9
660 513 18 4
660 165 47 18
659 504 27 5
659 622 39 12
659 601 31 8
659 731 66 16
659 434 24 6
658 366 8 2
658 88 44 12
658 828 23 6
658 292 22 6
658 614 33 7
657 314 61 15
657 540 23 5
657 684 51 15
657 42 87 19
657 516 69 19
657 319 5 2
656 697 54 13
656 808 58 13
656 129 88 21
656 481 12 4
656 338 30 9
656 251 74 23
656 488 72 18
655 835 14 3
655 29 38 12
655 716 17 5
655 980 10 4
655 877 8 3
655 881 38 10
655 75 22 6
654 346 42 13
654 530 100 28
654 929 89 21
654 107 73 16
654 822 30 6
654 891 45 9
654 534 59 13
653 873 40 8
653 181 31 8
653 710 52 11
653 702 29 8
652 662 19 5
652 598 14 4
652 272 29 8
652 667 19 5
652 326 43 11
652 486 23 8
652 791 41 11
651 524 55 13
651 102 40 13
651 495 28 7
651 671 91 20
651 689 21 7
651 850 19 6
650 9 57 13
650 957 29 10
650 155 34 9
650 420 45 12
650 128 27 9
650 612 51 16
650 96 16 5
649 304 46 13
649 249 15 5
649 745 22 6
649 333 40 10
649 189 60 15
649 691 21 7
649 565 26 7
648 78 8 3
648 580 21 7
648 242 30 7
648 167 81 15
648 435 31 11
648 775 61 20
648 290 81 19
647 65 35 7
647 568 61 16
647 456 49 11
647 922 3 1
647 460 42 11
646 27 37 10
646 279 22 6
646 339 73 14
646 662 8 3
646 598 15 4
645 223 39 12
645 394 19 6
645 986 9 3
645 54 7 2
645 624 17 5
645 62 8 2
644 942 51 12
644 670 56 13
644 555 51 12
644 77 46 11
644 432 37 12
644 23 30 9
644 120 50 14
644 831 84 23
644 703 72 18
643 54 79 22
643 62 74 18
643 624 67 17
643 25 45 10
643 712 20 5
643 429 122 29
643 220 7 3
643 390 57 19
642 224 15 5
642 161 46 10
642 528 15 5
642 962 26 8
641 365 22 7
641 190 24 8
641 635 33 9
641 466 25 8
640 845 41 8
640 741 58 14
640 21 46 12
640 28 39 11
640 701 19 6
640 950 34 7
639 427 47 9
639 213 44 10
639 969 15 3
639 738 14 5
639 733 7 2
638 938 12 3
638 11 18 6
638 9 16 4
637 346 16 5
637 822 35 8
637 427 54 12
637 50 9 2
636 212 30 7
636 475 30 6
636 506 25 7
636 43 53 10
636 880 38 11
636 579 39 14
635 365 34 9
635 370 36 9
635 641 28 7
635 800 25 7
635 801 54 12
635 661 59 16
635 466 59 16
634 804 33 9
634 834 61 12
634 874 29 8
634 915 8 2
634 987 46 12
634 261 32 9
633 200 70 17
633 476 79 22
633 693 67 17
633 183 46 13
633 591 54 13
633 268 35 8
633 690 32 12
633 79 57 13
633 100 44 8
632 73 28 9
632 143 44 12
632 866 32 10
632 278 31 11
632 348 9 3
632 963 30 7
631 209 18 6
631 210 34 10
631 731 73 20
631 944 16 3
631 40 28 9
631 867 45 9
631 793 57 14
630 441 45 9
630 270 10 3
630 603 31 8
630 751 26 6
630 152 20 5
629 430 23 7
629 96 43 14
629 396 14 4
629 29 17 7
629 273 33 9
628 375 38 10
628 464 5 2
628 384 20 5
628 847 31 7
628 104 33 7
627 790 67 15
627 322 70 14
627 704 71 16
627 158 69 19
627 788 13 4
627 863 29 6
626 289 44 12
626 556 19 5
626 742 79 18
626 159 76 21
626 821 24 6
626 476 47 15
625 89 13 4
625 86 57 14
625 584 36 9
625 173 30 9
625 724 37 11
624 645 18 4
624 986 27 5
624 62 18 4
624 643 68 15
624 874 21 6
624 25 19 6
623 618 41 9
623 693 15 5
623 22 33 8
623 183 19 5
623 591 23 6
622 235 21 8
622 504 38 14
622 659 35 12
622 103 60 14
622 731 52 18
621 248 30 7
621 108 50 14
621 660 36 8
621 513 24 6
621 704 25 7
621 790 27 7
620 246 37 12
620 56 46 15
620 587 34 9
620 682 28 7
620 119 32 8
620 735 15 5
619 286 55 14
619 798 74 19
619 118 24 8
619 778 18 4
619 845 56 15
619 999 28 8
618 121 45 9
618 848 75 14
618 126 31 7
618 136 84 18
618 22 33 11
618 623 34 8
618 693 21 7
617 768 29 11
617 5 32 9
617 472 67 14
617 935 76 19
617 445 42 10
617 287 43 11
617 546 60 14
617 76 45 13
617 978 45 16
616 604 26 6
616 346 75 22
616 832 22 6
616 734 15 4
616 961 26 7
615 674 17 6
615 101 9 2
615 975 17 5
615 35 21 7
615 582 13 4
614 828 27 8
614 505 10 3
614 658 34 7
614 292 28 10
614 42 14 5
614 428 14 3
613 838 36 11
613 900 18 6
613 303 23 8
613 698 35 12
613 399 35 9
612 9 63 12
612 84 60 13
612 723 27 8
612 430 60 14
612 650 61 14
612 96 56 15
611 107 23 5
611 534 24 6
611 819 24 6
611 589 27 8
611 713 20 6
611 720 34 9
610 461 44 13
610 910 59 16
610 84 50 12
610 422 22 7
610 140 3 1
610 962 21 5
609 61 23 6
609 952 59 15
609 88 32 8
609 599 14 3
609 34 19 5
609 314 100 20
608 247 55 11
608 828 36 12
608 505 21 6
608 837 21 6
608 164 22 6
608 428 34 9
607 562 71 19
607 240 84 25
607 539 105 24
607 997 55 17
607 993 92 23
607 305 28 8
607 813 102 26
607 259 81 20
607 236 7 2
606 522 38 10
606 810 16 5
606 205 32 8
606 983 53 14
606 393 65 20
606 923 42 13
605 842 35 11
605 7 23 5
605 342 14 4
605 334 19 5
605 234 51 15
605 590 44 11
604 346 56 12
604 616 26 5
604 961 9 3
604 50 28 8
603 441 42 10
603 912 57 18
603 630 34 8
603 71 16 4
603 152 24 6
602 29 71 18
602 273 81 20
602 881 44 13
602 349 47 16
602 257 78 16
602 153 14 4
602 916 57 19
601 504 34 9
601 699 17 4
601 385 16 4
601 434 34 8
601 659 33 8
600 168 20 6
600 520 17 5
600 480 41 9
600 971 43 10
600 179 45 10
599 724 67 17
599 173 44 9
599 61 34 7
599 88 31 6
599 609 11 4
598 652 16 4
598 662 16 4
598 646 14 4
598 339 65 19
598 409 54 18
598 326 35 10
597 301 33 9
597 979 37 12
597 546 32 11
597 111 64 17
597 461 29 7
597 910 34 9
597 933 16 4
596 924 38 11
596 783 34 12
596 743 26 8
596 342 29 8
596 7 20 4
596 695 36 10
596 370 38 9
595 492 16 4
595 586 38 13
595 403 6 2
595 67 35 7
594 243 53 14
594 754 27 9
594 909 50 13
594 357 27 7
594 284 21 5
593 869 33 10
593 583 36 12
593 283 30 7
593 265 29 9
592 769 59 13
592 757 20 5
592 203 23 8
592 448 64 12
592 559 17 5
591 623 22 6
591 183 5 2
591 22 30 8
591 66 32 7
591 633 39 11
591 268 42 11
590 334 41 10
590 605 42 10
590 234 24 8
590 917 27 7
590 449 16 4
590 187 27 7
589 819 22 6
589 990 29 6
589 611 34 8
589 720 47 12
589 157 15 5
589 854 38 11
589 839 29 10
589 922 52 14
588 395 25 5
588 707 11 4
588 36 20 5
588 812 26 5
588 824 19 5
588 487 32 10
587 806 59 18
587 283 87 28
587 56 57 16
587 620 36 8
587 332 5 1
587 735 19 5
586 492 47 12
586 595 41 10
586 172 13 4
586 32 32 9
586 728 12 5
586 403 43 14
586 328 64 13
586 286 59 12
586 341 77 18
585 364 40 8
585 177 29 8
585 775 40 10
585 435 24 8
585 122 24 6
585 875 38 13
584 625 33 7
584 86 59 12
584 173 4 1
584 683 47 10
583 380 57 15
583 186 25 8
583 869 59 17
583 971 31 7
583 593 45 13
583 976 8 3
583 265 21 7
582 615 13 3
582 35 23 7
582 101 4 1
582 313 17 5
581 323 32 7
581 548 24 6
581 995 11 4
581 274 41 14
581 421 15 4
580 841 32 8
580 242 19 4
580 90 23 7
580 799 26 6
580 78 25 6
580 648 27 6
579 43 24 8
579 960 8 2
579 636 50 11
579 880 50 12
579 518 32 7
579 175 49 10
579 162 29 8
578 274 54 16
578 322 9 2
578 231 23 7
578 943 25 6
578 545 16 4
577 553 39 9
577 405 29 7
577 263 54 15
577 866 54 12
577 221 33 10
577 876 29 9
577 388 18 5
576 802 21 5
576 18 38 12
576 310 35 9
576 574 47 11
576 197 72 17
576 116 45 16
576 575 59 12
575 576 40 12
575 116 47 10
575 60 55 14
575 197 77 18
575 379 47 11
575 946 41 13
575 803 44 15
574 766 23 7
574 310 13 3
574 58 34 12
574 576 39 11
574 197 39 12
573 367 36 8
573 423 29 9
573 543 40 13
573 154 7 2
573 742 48 16
573 289 30 9
572 196 43 11
572 216 13 5
572 350 15 3
572 411 7 2
572 455 39 10
571 66 45 11
571 887 32 8
571 74 39 12
571 235 49 11
571 320 10 3
571 744 33 7
570 827 13 4
570 452 16 4
570 521 32 9
570 473 48 13
570 906 51 14
569 402 41 10
569 63 18 4
569 836 32 8
569 985 30 7
569 198 19 6
568 65 43 11
568 309 11 3
568 937 39 10
568 647 56 12
568 456 55 12
568 193 38 10
568 298 33 7
567 473 35 9
567 774 5 2
567 679 23 5
566 53 51 14
566 945 50 13
566 109 16 5
566 714 54 15
566 201 23 5
566 771 39 11
565 40 33 10
565 333 50 13
565 139 56 14
565 115 47 11
565 362 47 15
565 649 26 7
565 691 5 2
564 398 52 14
564 47 39 9
564 45 57 10
564 706 20 4
564 846 28 7
564 151 61 14
564 204 39 13
563 923 38 11
563 393 45 12
563 169 44 16
563 708 28 8
563 282 34 9
563 245 11 3
563 318 58 12
563 871 36 9
563 72 26 9
562 174 24 6
562 8 14 3
562 240 18 6
562 607 86 18
562 993 41 9
561 919 62 15
561 560 15 4
561 469 57 17
561 76 46 9
561 954 45 14
561 16 30 6
561 857 55 11
560 935 81 21
560 401 69 24
560 507 80 20
560 919 54 15
560 561 14 3
560 472 19 5
560 76 31 9
559 592 19 4
559 448 51 12
559 757 15 4
559 405 23 6
559 553 15 4
558 816 25 6
558 871 48 13
558 330 21 5
558 709 52 16
558 899 29 9
558 149 44 10
557 489 40 8
557 93 52 11
557 886 55 10
557 473 49 11
557 666 45 10
556 257 46 9
556 916 23 6
556 289 21 6
556 476 47 16
556 626 17 6
555 670 53 14
555 501 39 9
555 166 11 3
555 644 55 13
555 77 6 2
554 525 32 8
554 419 22 6
554 901 26 8
554 15 18 5
554 772 20 6
553 559 16 5
553 353 51 11
553 757 12 3
553 263 66 12
553 405 25 6
553 577 36 10
552 189 41 13
552 718 13 4
552 146 22 8
552 262 26 8
551 917 14 5
551 449 7 2
551 926 36 12
551 267 16 3
551 801 19 5
550 893 28 6
550 920 28 8
550 543 21 6
550 367 7 3
550 423 9 3
549 485 111 29
549 1000 85 19
549 457 70 19
549 174 21 8
549 947 52 13
549 993 14 5
548 274 51 12
548 581 25 6
548 321 25 8
548 863 48 11
548 785 85 16
548 995 23 5
548 948 74 18
547 815 39 10
547 925 28 9
547 276 14 3
547 26 39 9
546 617 46 13
546 978 30 7
546 979 17 5
546 287 50 10
546 597 45 9
546 111 56 11
545 753 21 4
545 231 24 5
545 943 8 2
545 578 16 4
544 485 118 27
544 17 70 16
544 138 7 2
544 484 37 10
544 176 67 17
544 721 79 23
544 283 162 46
544 69 119 27
543 893 38 9
543 550 22 6
543 191 58 15
543 423 20 6
543 742 26 7
543 573 40 11
542 147 43 9
542 317 6 2
542 164 34 11
542 517 31 10
542 895 67 15
541 325 58 13
541 262 51 12
541 146 75 20
541 914 30 9
541 443 54 13
541 959 41 11
541 864 32 10
541 345 34 7
541 206 56 12
540 952 43 9
540 314 58 10
540 657 19 5
540 42 66 15
539 918 71 15
539 514 67 13
539 280 74 16
539 30 42 13
539 240 62 14
539 98 19 6
539 813 49 15
539 607 85 21
538 72 28 8
538 871 36 11
538 282 69 15
538 245 45 12
538 909 42 8
538 709 60 14
538 977 28 7
537 825 28 9
537 912 11 4
537 133 5 1
536 92 40 8
536 104 19 6
536 847 12 3
536 254 60 15
536 509 48 13
535 56 8 3
535 913 8 3
535 192 17 5
534 654 71 13
534 891 37 7
534 713 30 8
534 611 22 6
534 107 17 4
533 876 36 10
533 188 18 4
533 212 4 1
533 506 38 9
532 467 46 16
532 677 61 13
532 862 5 2
532 356 52 17
532 299 52 10
532 227 46 16
532 519 40 13
532 33 29 9
531 238 21 6
531 233 22 6
531 468 35 8
531 323 56 14
531 271 39 13
531 445 30 9
531 722 53 11
530 346 140 30
530 93 366 76
530 452 216 45
530 654 109 26
530 414 25 7
530 669 136 44
530 929 35 8
530 730 24 7
529 128 21 8
529 96 31 8
529 273 19 6
529 264 38 8
529 678 43 12
529 751 43 13
528 824 44 10
528 962 34 9
528 642 18 4
528 487 30 9
528 161 44 12
528 773 45 15
527 735 42 12
527 119 27 5
527 438 40 11
527 523 32 9
527 825 39 8
527 133 31 6
526 887 11 4
526 951 18 4
526 219 5 2
525 977 25 9
525 709 50 12
525 909 37 13
525 419 42 10
525 554 37 10
525 702 49 12
525 15 26 9
524 222 20 6
524 23 39 9
524 692 20 5
524 102 36 12
524 651 52 11
524 817 14 5
524 495 53 11
523 3 26 6
523 735 44 15
523 825 13 3
523 527 29 7
522 55 34 12
522 185 8 3
522 810 36 9
522 606 36 10
522 983 43 12
522 927 38 10
522 849 41 12
521 452 42 15
521 570 32 8
521 473 40 8
521 489 4 1
521 93 70 14
520 294 36 8
520 168 28 7
520 600 15 5
520 815 47 9
520 179 49 10
520 925 39 10
519 532 46 13
519 33 40 10
519 924 8 2
519 743 18 4
519 299 35 8
518 960 24 6
518 510 21 6
518 579 27 7
518 490 24 5
518 162 24 8
517 542 36 9
517 895 87 22
517 164 59 13
517 4 125 26
517 737 19 6
517 748 92 21
517 789 25 6
517 471 65 21
516 42 81 23
516 657 73 17
516 319 62 14
516 308 38 10
516 823 24 5
516 795 50 12
516 956 43 12
515 285 26 10
515 994 66 16
515 836 48 13
515 750 7 2
514 425 20 5
514 124 27 8
514 918 41 9
514 539 60 13
514 280 23 6
513 621 18 5
513 660 23 4
513 165 52 16
513 704 37 12
513 501 35 12
512 26 47 9
512 192 30 9
512 830 13 5
512 882 54 15
512 940 12 3
512 417 77 15
511 898 15 4
511 832 85 20
511 450 52 16
511 30 45 13
511 918 20 5
510 6 37 9
510 130 39 11
510 960 16 6
510 844 10 3
510 518 25 6
510 454 56 14
510 496 36 11
510 490 37 10
509 104 53 13
509 536 47 13
509 973 115 26
509 254 50 13
509 331 43 14
509 763 56 12
509 145 143 27
508 337 2 1
508 246 16 4
508 682 36 8
508 940 24 6
507 259 30 6
507 401 25 6
507 560 68 16
507 665 34 8
507 919 53 13
506 188 52 11
506 533 32 11
506 212 44 11
506 636 29 6
506 681 25 6
506 278 55 14
506 880 26 9
506 170 33 10
505 614 12 3
505 828 34 8
505 428 16 5
505 608 25 5
504 974 40 10
504 235 48 16
504 699 24 7
504 51 23 5
504 601 25 8
504 659 25 6
504 622 45 10
503 672 42 12
503 361 65 22
503 465 16 5
503 38 50 10
503 185 39 11
503 949 32 8
502 198 57 14
502 668 55 16
502 82 69 18
502 985 43 10
502 92 52 15
502 254 45 12
502 696 76 22
502 466 73 16
501 513 48 9
501 704 65 16
501 165 44 10
501 670 49 10
501 158 39 9
501 166 27 8
501 555 40 11
500 127 12 5
500 341 8 3
500 741 29 7
500 778 39 13
500 21 31 8
499 429 38 10
499 748 29 7
499 766 28 7
499 58 17 5
498 305 5 2
498 236 26 6
498 820 51 12
498 453 25 6
497 247 39 11
497 987 36 9
497 413 19 5
497 147 9 3
497 776 30 9
497 317 45 8
496 454 23 6
496 510 33 12
496 490 16 4
496 765 37 12
496 894 46 11
495 120 38 9
495 703 38 9
495 444 33 12
495 651 29 7
495 524 50 14
495 817 38 9
495 689 32 8
495 879 27 7
494 872 41 12
494 970 41 8
494 777 11 4
494 848 28 8
494 400 29 9
493 414 32 10
493 730 37 12
493 669 91 25
493 199 25 7
493 52 54 14
493 352 38 9
493 378 24 8
493 134 25 6
492 256 8 3
492 32 28 6
492 67 24 5
492 586 45 11
492 595 13 4
491 771 14 4
491 714 40 10
491 223 111 24
491 243 21 6
491 284 86 19
490 510 32 9
490 518 20 6
490 496 15 5
490 162 39 10
490 252 54 17
490 894 51 14
490 974 87 17
489 521 4 1
489 93 64 18
489 473 35 10
489 557 43 9
488 656 77 21
488 251 51 11
488 338 67 13
488 132 30 8
488 404 33 10
488 387 57 15
487 707 33 7
487 588 39 8
487 97 72 14
487 824 30 9
487 955 45 12
487 528 27 8
487 739 54 16
487 773 59 17
486 652 23 9
486 791 21 5
486 255 31 6
486 326 21 6
486 150 26 6
485 457 139 46
485 544 85 30
485 549 121 27
485 1000 48 15
485 17 29 11
485 368 691 159
485 283 321 61
484 1000 48 13
484 17 66 16
484 347 25 7
484 947 24 7
484 138 27 7
484 544 34 8
483 228 17 5
483 206 34 9
483 345 77 16
483 864 98 30
483 440 235 64
483 852 260 87
483 482 27 5
483 12 86 20
483 145 234 64
483 763 393 118
482 139 15 4
482 362 18 5
482 228 19 6
482 12 63 18
482 483 23 6
481 808 49 10
481 358 265 75
481 131 88 32
481 656 12 4
481 338 41 12
480 453 77 26
480 855 71 22
480 168 47 13
480 380 69 17
480 600 41 9
480 186 4 2
480 971 21 5
479 433 27 9
479 451 30 7
479 24 18 5
479 373 14 4
479 958 27 6
479 755 43 10
478 137 30 7
478 756 43 12
478 155 22 8
478 420 25 5
478 360 19 6
478 270 31 11
478 441 55 13
477 987 22 5
477 261 18 4
477 41 20 6
477 413 19 6
477 895 48 13
476 705 71 19
476 257 43 10
476 556 50 16
476 200 62 17
476 633 97 22
476 100 69 23
476 626 56 13
476 821 58 18
476 840 92 25
475 752 31 9
475 876 43 14
475 43 46 14
475 6 50 11
475 212 20 6
475 636 21 8
474 678 21 7
474 218 18 7
474 153 57 13
474 861 10 3
474 920 15 4
474 367 36 8
473 521 30 7
473 489 33 8
473 570 55 14
473 557 48 12
473 666 61 15
473 906 55 18
473 774 38 10
473 567 42 10
473 679 49 12
472 617 72 19
472 935 52 14
472 560 19 6
472 76 15 4
471 517 79 23
471 789 65 14
471 748 35 8
471 686 27 10
471 18 55 15
471 802 15 4
471 310 25 6
470 81 30 8
470 160 11 4
470 175 26 7
470 252 26 7
470 780 27 7
470 779 54 13
469 815 14 4
469 919 11 3
469 561 62 18
469 16 73 16
469 276 43 12
468 233 18 5
468 225 9 3
468 229 20 6
468 531 34 11
468 323 50 11
467 677 29 7
467 860 18 5
467 532 67 14
467 356 42 9
467 932 27 7
466 641 32 9
466 82 42 10
466 190 26 7
466 502 77 15
466 696 67 14
466 664 64 19
466 902 63 20
466 661 81 16
466 635 61 12
465 688 21 5
465 672 29 8
465 135 50 17
465 503 14 4
465 38 64 16
464 628 6 2
464 384 22 6
464 104 34 10
464 973 27 8
463 386 14 5
463 309 33 8
463 298 26 7
463 442 22 8
463 418 27 8
463 297 23 6
462 836 18 5
462 144 8 3
462 63 23 6
462 883 27 8
461 111 41 13
461 903 44 11
461 910 3 1
461 597 31 8
461 962 60 15
461 610 61 11
460 456 26 9
460 911 31 9
460 258 27 9
460 647 40 10
460 922 46 9
460 839 52 16
460 397 14 5
459 368 80 20
459 875 62 18
459 311 16 4
459 376 16 4
459 207 9 2
459 234 100 28
459 842 22 6
458 853 45 13
458 717 49 11
458 447 45 8
458 211 45 9
458 805 32 10
458 135 44 13
458 762 25 6
458 688 42 12
457 485 172 35
457 832 150 37
457 346 272 67
457 898 64 12
457 281 20 6
457 124 23 6
457 8 57 11
457 549 79 22
457 174 60 14
456 647 48 13
456 568 49 12
456 193 22 5
456 460 25 8
456 911 10 3
455 350 43 9
455 731 65 16
455 572 36 10
455 411 40 10
455 208 51 11
455 324 25 7
455 890 35 9
455 904 13 4
454 130 47 9
454 95 43 10
454 732 16 4
454 510 55 13
454 496 24 6
454 355 30 6
454 765 33 8
453 305 26 7
453 381 40 10
453 498 25 8
453 820 41 13
453 168 66 13
453 855 46 15
453 480 72 21
452 530 222 53
452 93 104 29
452 669 32 10
452 827 5 2
452 570 14 4
452 521 40 13
451 433 26 6
451 843 48 11
451 479 25 7
451 755 34 7
450 511 52 14
450 907 47 15
450 832 40 12
450 749 11 3
450 30 32 8
449 917 20 4
449 551 7 2
449 801 18 4
449 590 22 6
449 187 31 11
448 769 74 24
448 781 66 16
448 37 48 15
448 592 56 12
448 559 60 14
448 405 57 12
448 388 61 15
448 127 63 17
448 752 98 19
448 741 76 19
447 755 23 8
447 717 15 4
447 458 45 8
447 672 50 14
447 762 27 7
446 38 40 9
446 949 47 16
446 810 70 14
446 358 59 11
446 711 31 6
446 786 35 9
445 238 27 8
445 5 13 4
445 617 40 10
445 531 40 10
445 722 36 11
445 287 41 11
445 939 41 10
444 905 42 15
444 703 18 4
444 495 33 9
444 879 26 8
444 226 22 6
444 316 58 11
443 914 28 7
443 541 49 12
443 959 17 5
443 868 28 7
443 302 5 2
442 298 12 4
442 463 30 7
442 193 19 5
442 335 37 11
442 418 28 7
442 178 30 6
441 756 40 10
441 438 38 10
441 133 64 16
441 478 56 14
441 270 45 10
441 630 32 8
441 912 65 17
441 603 33 11
440 60 68 15
440 868 89 23
440 946 7 3
440 803 67 18
440 959 76 21
440 864 106 30
440 483 240 64
440 852 86 20
439 883 20 6
439 63 40 14
439 985 53 11
439 215 14 3
439 888 6 1
438 746 38 7
438 119 45 12
438 527 34 8
438 756 42 9
438 441 36 10
438 133 35 11
437 158 75 19
437 863 37 10
437 992 10 3
437 896 81 21
437 785 30 7
437 83 19 7
436 870 21 7
436 726 49 10
436 674 35 10
436 248 24 6
436 660 24 6
435 799 33 9
435 78 27 7
435 291 49 11
435 364 40 11
435 648 39 9
435 585 26 8
435 775 48 15
434 601 34 9
434 659 19 5
434 731 43 11
434 210 13 3
434 385 30 8
433 856 37 8
433 843 42 11
433 451 23 7
433 479 31 8
433 24 31 7
433 408 6 2
432 988 34 10
432 942 15 6
432 759 64 14
432 878 30 8
432 644 47 12
432 23 48 10
431 105 23 7
431 718 17 4
431 19 21 5
431 859 14 4
431 262 19 6
430 612 47 15
430 723 52 12
430 96 49 13
430 344 35 12
430 629 28 5
430 835 65 17
430 396 10 3
430 29 32 9
429 54 197 51
429 643 102 28
429 390 43 11
429 4 25 5
429 58 63 12
429 748 54 11
429 499 36 8
428 505 17 5
428 614 12 4
428 608 39 8
428 164 52 11
428 42 6 2
428 795 80 19
427 637 49 10
427 50 41 13
427 822 36 9
427 961 55 14
427 907 89 21
427 213 18 5
427 639 43 12
427 398 87 18
427 738 57 14
427 45 58 19
426 268 14 5
426 253 6 2
426 967 23 8
426 851 38 9
426 690 32 7
425 281 22 5
425 898 35 7
425 918 31 7
425 514 17 6
425 124 24 6
424 397 37 11
424 258 43 12
424 930 19 5
424 231 30 9
424 274 27 8
424 225 33 8
423 550 9 4
423 367 10 3
423 543 24 5
423 573 31 8
422 610 30 7
422 84 71 12
422 224 19 6
422 140 21 6
422 723 37 9
422 344 32 7
421 229 21 5
421 323 21 5
421 274 35 11
421 581 12 3
420 155 19 5
420 478 23 6
420 360 14 5
420 650 33 9
420 972 12 4
420 128 18 6
419 909 57 11
419 525 32 12
419 357 19 4
419 554 23 5
419 901 30 9
418 463 34 9
418 297 47 10
418 442 20 6
418 178 22 5
418 238 40 10
418 99 35 9
417 512 76 20
417 940 76 15
417 882 29 6
417 137 23 5
417 756 21 5
417 746 25 7
416 35 25 9
416 165 4 2
416 988 58 12
416 670 16 4
415 684 59 22
415 319 38 10
415 823 30 10
415 718 40 11
415 105 13 3
415 19 20 5
414 530 20 6
414 669 119 31
414 730 16 5
414 493 31 9
413 987 27 6
413 477 19 6
413 497 16 4
413 147 12 3
413 895 34 9
412 221 8 2
412 876 34 8
412 73 23 6
412 278 42 9
412 188 28 7
411 196 42 11
411 389 37 13
411 572 8 2
411 455 49 13
411 324 54 14
411 214 63 16
411 384 83 25
410 131 43 12
410 853 32 7
410 211 11 3
410 358 171 32
410 805 39 9
410 182 33 12
409 598 52 17
409 339 26 9
409 726 30 7
409 326 64 13
409 674 23 7
409 975 10 3
408 856 39 11
408 931 46 15
408 736 32 10
408 24 24 7
408 433 6 2
407 694 71 16
407 14 26 6
407 59 46 14
407 839 82 21
407 108 70 17
407 870 74 20
406 326 13 4
406 150 5 2
406 255 14 5
406 313 36 11
406 295 35 11
406 202 34 8
405 559 22 5
405 448 50 14
405 553 29 7
405 388 23 6
405 577 27 8
404 132 48 11
404 488 38 11
404 921 43 11
404 250 29 9
404 387 53 12
404 981 28 10
404 717 56 14
403 764 56 18
403 67 32 9
403 595 6 2
403 316 72 16
403 586 47 13
403 781 29 8
403 328 33 7
402 57 9 2
402 750 26 6
402 836 57 14
402 569 34 12
402 198 34 12
401 259 31 7
401 935 26 8
401 391 13 4
401 560 84 21
401 507 30 7
400 230 63 18
400 773 62 17
400 792 51 17
400 872 54 10
400 118 28 7
400 999 32 9
400 494 27 7
400 848 33 8
399 613 42 10
399 698 13 3
399 838 52 13
399 237 8 2
398 427 89 19
398 907 34 10
398 13 17 4
398 45 25 7
398 564 56 13
398 47 20 6
397 839 77 17
397 460 19 5
397 753 82 17
397 258 29 8
397 424 55 10
397 930 29 8
397 231 58 16
396 430 10 3
396 629 16 4
396 29 24 6
395 991 36 7
395 812 5 1
395 588 22 6
395 707 29 7
395 829 35 8
394 996 18 6
394 223 43 11
394 874 43 9
394 986 14 3
394 645 22 6
393 983 63 11
393 953 53 13
393 606 64 16
393 671 39 12
393 923 47 15
393 563 51 15
393 169 7 3
392 2 15 4
392 48 29 7
392 99 43 11
392 761 3 1
391 687 22 6
391 259 27 6
391 125 43 12
391 935 32 11
391 401 14 3
390 643 69 16
390 220 64 14
390 340 43 12
390 895 51 11
390 4 26 6
390 429 40 10
389 838 58 12
389 237 52 13
389 383 55 15
389 411 49 12
389 196 31 6
389 941 77 22
389 384 80 23
388 405 21 6
388 448 73 14
388 752 50 14
388 876 15 4
388 577 20 4
387 338 40 10
387 488 40 14
387 908 25 7
387 404 62 12
387 981 38 10
387 934 42 8
386 706 33 8
386 309 32 7
386 747 19 4
386 297 20 6
386 463 17 5
385 39 57 16
385 699 31 7
385 601 18 4
385 300 71 22
385 249 64 17
385 434 27 8
385 745 45 14
385 210 22 6
385 209 28 7
384 389 112 25
384 941 45 9
384 375 27 7
384 411 89 18
384 214 65 18
384 628 17 6
384 464 21 5
384 973 47 12
383 698 17 5
383 237 5 2
383 389 63 16
383 215 46 13
383 941 54 17
382 103 29 9
382 196 43 10
382 216 5 1
382 731 44 10
382 350 10 3
381 997 7 2
381 305 31 8
381 855 80 15
381 453 37 9
380 964 17 4
380 855 50 11
380 123 46 11
380 186 56 15
380 480 56 15
380 869 13 3
380 583 55 17
379 575 50 13
379 197 41 9
379 803 18 5
379 852 40 8
378 493 25 7
378 134 8 2
378 241 27 5
378 352 18 4
378 49 19 6
377 966 87 23
377 71 90 21
377 307 39 12
377 142 76 16
377 892 50 12
377 269 29 9
377 715 28 8
376 459 14 4
376 207 13 3
376 783 39 9
376 7 43 8
376 842 10 3
376 311 5 2
375 941 13 3
375 384 22 7
375 92 69 15
375 628 37 10
375 847 49 12
374 271 58 17
374 991 33 7
374 995 41 15
374 829 24 5
374 948 72 16
373 24 5 2
373 479 14 5
373 814 31 9
373 958 32 9
372 906 42 9
372 64 26 6
372 774 33 9
372 279 26 9
372 272 37 12
371 814 63 14
371 759 21 6
371 361 74 20
371 878 35 7
371 965 31 10
370 743 38 12
370 596 28 10
370 365 15 3
370 635 27 8
370 695 27 6
370 800 29 8
369 850 60 14
369 353 40 11
369 719 30 8
369 266 53 14
369 87 38 7
369 263 28 7
368 485 712 178
368 283 444 100
368 3 319 73
368 892 130 33
368 177 62 17
368 122 33 11
368 875 28 6
368 312 267 52
368 234 154 37
368 459 79 17
367 474 38 8
367 920 27 9
367 153 49 14
367 154 35 9
367 550 8 2
367 573 33 8
367 423 9 3
366 88 36 9
366 658 7 2
366 828 18 4
366 807 15 4
365 743 39 13
365 190 45 10
365 641 25 6
365 635 37 9
365 370 13 4
364 195 44 11
364 291 43 13
364 177 10 3
364 435 33 8
364 585 29 10
363 315 12 3
363 314 28 6
363 685 47 13
363 684 14 4
362 565 68 14
362 115 54 16
362 139 37 9
362 12 49 12
362 482 23 5
361 958 64 17
361 814 72 19
361 371 80 16
361 672 69 21
361 503 78 20
361 185 38 11
361 55 38 11
361 998 41 13
361 965 63 23
360 478 26 6
360 420 19 5
360 972 12 3
360 751 30 7
360 270 20 5
359 999 73 19
359 845 29 7
359 848 79 15
359 701 29 7
359 136 3 1
358 481 363 78
358 131 194 53
358 410 135 44
358 182 126 29
358 767 69 17
358 38 72 17
358 446 60 12
358 54 228 70
358 786 36 7
358 91 34 8
358 714 81 21
357 909 49 11
357 594 28 7
357 284 26 8
357 419 20 5
357 901 43 9
356 532 58 16
356 932 48 10
356 467 31 9
356 750 53 16
356 227 37 11
356 57 39 10
355 136 56 14
355 732 13 5
355 22 54 19
355 454 23 7
355 887 44 12
355 765 31 6
354 149 30 10
354 110 23 6
354 702 68 19
354 94 9 3
354 85 18 5
353 203 51 14
353 689 37 9
353 31 60 15
353 850 42 11
353 369 37 11
353 263 48 16
353 553 61 12
353 757 52 11
352 493 29 9
352 730 53 11
352 106 39 9
352 49 4 1
352 378 16 4
351 923 23 6
351 711 38 11
351 205 34 11
351 109 26 7
351 201 30 10
351 708 15 3
351 282 33 9
350 572 15 4
350 216 7 2
350 455 39 11
350 731 45 11
350 382 10 3
349 75 34 10
349 881 44 12
349 602 50 16
349 858 18 5
349 782 21 8
349 257 65 18
349 705 32 8
348 632 8 3
348 963 16 5
348 278 48 9
348 885 8 2
347 484 27 7
347 138 53 15
347 163 15 4
347 947 21 5
346 93 480 131
346 530 123 39
346 654 37 13
346 457 227 64
346 604 45 11
346 50 27 7
346 822 37 7
346 637 16 4
346 616 68 20
346 832 78 26
345 541 26 8
345 206 32 10
345 483 55 18
345 864 49 11
344 422 23 7
344 723 24 7
344 224 34 9
344 161 61 14
344 835 70 13
344 430 36 11
343 316 31 9
343 226 10 3
343 769 7 2
342 605 16 4
342 596 32 7
342 7 22 4
342 334 10 4
342 695 13 4
341 328 66 12
341 586 85 22
341 286 62 16
341 37 56 16
341 778 60 13
341 127 14 4
341 500 9 3
340 220 40 11
340 673 14 4
340 895 18 6
340 390 35 10
339 27 52 16
339 826 32 8
339 646 63 17
339 797 33 7
339 598 62 15
339 409 30 8
339 726 8 3
338 481 41 10
338 656 29 9
338 131 62 20
338 908 62 14
338 488 61 15
338 387 41 12
337 192 9 2
337 246 16 4
337 940 18 6
337 508 2 1
336 52 44 10
336 44 26 6
336 241 66 14
336 968 32 9
336 811 66 13
336 889 24 6
336 180 62 14
335 193 40 11
335 911 19 5
335 442 37 11
335 258 15 4
335 225 44 14
335 233 45 10
335 178 32 8
334 605 15 4
334 342 12 3
334 695 13 4
334 590 42 11
334 187 11 4
333 649 46 9
333 189 23 8
333 146 40 12
333 206 93 21
333 565 55 15
333 139 60 19
333 228 66 18
332 283 123 24
332 587 5 2
332 3 64 13
332 735 23 7
331 696 48 9
331 254 23 7
331 509 45 13
331 763 15 4
330 318 47 13
330 818 32 7
330 275 28 9
330 816 25 6
330 871 59 12
330 558 22 5
329 142 43 13
329 307 23 7
329 715 43 10
329 191 36 9
329 841 24 7
329 90 16 4
328 586 63 16
328 403 26 7
328 781 17 5
328 341 61 12
328 37 6 2
327 889 28 9
327 27 20 6
327 279 33 8
327 64 16 6
326 652 40 9
326 598 35 11
326 409 64 13
326 975 57 12
326 406 16 4
326 486 20 6
326 150 8 3
326 313 50 11
326 101 51 11
325 262 7 2
325 541 56 12
325 859 16 4
325 914 35 10
324 411 67 15
324 455 28 6
324 904 15 5
324 897 26 7
324 214 20 4
323 468 48 11
323 229 26 7
323 531 60 13
323 421 17 6
323 581 30 8
323 995 35 9
323 271 21 8
322 943 26 7
322 578 10 3
322 790 29 7
322 788 59 15
322 627 48 13
322 321 62 17
322 274 63 13
321 322 74 17
321 274 55 13
321 788 2 1
321 863 29 7
321 548 30 6
320 219 20 7
320 887 36 8
320 46 26 6
320 571 9 2
320 744 28 8
319 657 5 2
319 684 73 13
319 516 69 14
319 415 44 11
319 823 58 17
318 671 57 17
318 169 32 9
318 563 47 14
318 871 40 7
318 818 59 14
318 330 50 13
317 497 40 10
317 776 29 7
317 837 27 8
317 147 47 9
317 164 31 10
317 542 4 2
316 905 33 12
316 764 36 10
316 444 59 12
316 226 30 8
316 343 29 9
316 769 31 10
316 403 74 17
316 781 73 16
315 780 50 16
315 779 59 17
315 676 53 15
315 685 51 14
315 363 9 3
315 314 24 6
314 609 96 21
314 34 73 21
314 952 89 19
314 780 53 14
314 540 45 12
314 657 63 16
314 315 23 6
314 363 20 7
314 684 31 7
313 326 38 10
313 406 42 12
313 202 18 6
313 988 28 10
313 35 34 9
313 101 23 6
313 582 16 4
312 368 250 64
312 234 75 17
312 917 56 13
312 926 19 4
312 763 217 52
312 680 50 13
311 459 17 4
311 842 6 2
311 376 6 2
310 686 20 6
310 471 24 8
310 766 25 7
310 802 20 6
310 576 36 8
310 574 13 3
309 45 54 11
309 706 41 9
309 568 10 3
309 937 40 9
309 386 27 8
309 463 26 7
309 298 31 7
308 516 45 12
308 823 36 10
308 956 27 7
308 117 42 11
308 306 35 9
308 60 53 16
308 868 55 15
308 794 39 7
307 377 35 8
307 142 33 11
307 329 30 6
307 715 31 6
306 117 5 2
306 308 49 9
306 809 3 1
306 60 23 6
306 116 18 5
305 997 36 11
305 381 35 10
305 607 32 7
305 236 22 5
305 453 30 6
305 498 5 2
304 300 15 4
304 685 18 5
304 684 66 13
304 189 58 15
304 249 48 12
304 649 44 10
303 79 37 12
303 994 24 6
303 900 33 9
303 613 25 6
303 698 37 11
303 144 62 14
303 675 58 13
302 443 6 2
302 959 13 4
302 868 31 9
301 954 11 4
301 597 37 11
301 979 12 4
301 933 49 12
301 857 39 10
300 39 54 14
300 676 40 11
300 685 4 2
300 304 20 5
300 385 93 18
300 249 46 12
299 532 44 12
299 227 15 4
299 82 52 17
299 519 34 9
299 743 41 12
299 190 64 15
298 309 38 9
298 463 30 8
298 442 16 4
298 193 11 3
298 568 30 7
297 386 18 5
297 747 12 4
297 761 16 5
297 463 22 6
297 99 53 15
297 418 43 11
296 171 28 7
296 286 31 7
296 230 10 4
296 798 18 4
295 255 36 10
295 406 34 10
295 202 31 8
295 260 9 3
295 759 26 9
295 988 29 9
294 259 69 16
294 168 32 8
294 665 44 8
294 820 41 9
294 10 30 7
294 815 49 11
294 520 35 8
293 938 30 6
293 700 23 6
293 137 37 10
293 957 11 4
293 9 20 6
292 88 37 10
292 658 29 6
292 614 30 10
292 42 27 7
292 952 21 6
291 269 33 6
291 195 31 9
291 239 13 4
291 799 43 11
291 364 51 11
291 435 43 13
290 648 59 18
290 167 1 1
290 862 34 10
290 33 63 17
290 775 69 15
289 154 24 8
289 573 33 9
289 742 81 22
289 626 37 11
289 916 8 2
289 556 21 6
288 867 33 9
288 208 44 9
288 277 50 9
288 115 37 12
288 12 55 16
288 114 14 4
287 617 48 11
287 445 36 11
287 939 24 5
287 546 49 12
287 111 50 14
286 728 46 13
286 171 51 9
286 296 28 8
286 586 53 12
286 341 79 17
286 778 79 20
286 798 12 3
286 619 73 17
285 821 58 13
285 932 62 16
285 840 67 16
285 994 50 15
285 750 41 9
285 515 30 7
284 491 77 19
284 243 66 13
284 594 17 5
284 223 50 10
284 357 25 5
284 901 43 14
283 485 249 63
283 544 144 51
283 69 44 10
283 869 37 12
283 593 23 8
283 265 62 13
283 368 536 115
283 3 133 42
283 806 91 18
283 332 101 28
283 587 115 29
282 351 29 9
282 708 31 9
282 563 34 8
282 201 10 3
282 754 58 12
282 909 59 20
282 538 55 17
282 245 32 9
281 898 40 9
281 457 21 7
281 124 23 7
281 425 16 5
280 124 30 8
280 8 23 7
280 514 21 7
280 240 4 1
280 539 60 16
279 327 28 7
279 64 32 10
279 27 33 8
279 667 22 6
279 372 28 8
279 272 27 7
279 646 20 5
279 662 18 6
278 73 37 7
278 632 45 9
278 348 46 12
278 412 32 9
278 188 26 7
278 885 38 11
278 724 31 10
278 681 40 13
278 506 48 16
277 148 7 2
277 208 18 5
277 114 49 10
277 288 47 10
276 815 32 11
276 469 41 11
276 663 79 23
276 16 45 14
276 547 12 4
276 26 35 9
275 818 11 3
275 928 8 2
275 330 34 6
275 719 26 7
275 816 19 6
274 231 53 14
274 578 66 15
274 424 30 8
274 225 28 8
274 229 25 8
274 548 63 14
274 321 53 15
274 322 68 15
274 421 37 9
274 581 53 13
273 529 20 7
273 96 37 8
273 29 46 16
273 629 38 11
273 602 70 19
273 153 62 18
273 264 29 8
273 218 56 13
272 774 56 13
272 372 45 12
272 279 29 7
272 679 57 14
272 931 48 12
272 791 43 16
272 652 30 6
272 667 9 2
271 531 41 10
271 722 26 7
271 323 30 7
271 995 52 12
271 374 49 15
271 991 60 12
270 478 46 9
270 441 47 10
270 360 25 6
270 630 10 3
270 751 23 6
269 377 31 8
269 715 10 3
269 239 26 6
269 892 44 10
269 195 43 10
269 291 31 8
268 591 33 11
268 633 41 8
268 426 18 5
268 690 30 10
268 253 19 5
268 66 19 6
267 551 12 4
267 801 12 3
267 680 35 11
267 926 42 9
266 719 43 9
266 369 48 13
266 143 43 9
266 87 32 11
266 899 25 9
266 816 30 6
265 593 36 10
265 283 65 14
265 583 24 6
265 806 40 8
265 976 15 5
264 529 33 9
264 678 32 8
264 273 31 8
264 218 21 5
263 353 47 14
263 553 57 13
263 87 11 3
263 369 31 9
263 577 54 13
263 866 31 10
262 718 30 7
262 431 26 6
262 552 21 6
262 859 17 4
262 325 7 2
262 541 64 15
262 146 32 10
261 915 35 10
261 634 37 11
261 987 23 7
261 712 34 9
261 477 17 4
261 41 17 4
260 736 55 12
260 255 32 10
260 814 50 9
260 759 26 8
260 295 11 3
259 607 88 27
259 813 38 10
259 194 27 6
259 236 108 24
259 391 27 7
259 687 20 7
259 401 33 8
259 507 21 6
259 665 56 14
259 294 68 18
259 820 91 26
258 460 33 7
258 911 11 3
258 397 34 8
258 424 51 14
258 335 17 5
258 225 55 12
257 602 65 14
257 349 49 14
257 705 58 11
257 476 33 9
257 556 40 11
257 916 39 10
256 32 22 5
256 492 8 2
256 67 15 5
255 486 30 7
255 791 38 9
255 150 16 6
255 406 13 5
255 295 29 10
255 260 34 8
255 736 33 9
254 502 57 16
254 92 48 10
254 536 56 15
254 696 56 15
254 331 26 7
254 509 36 13
253 268 21 5
253 66 25 9
253 74 18 6
253 967 23 7
253 426 5 1
252 162 22 5
252 490 66 15
252 175 20 6
252 470 24 6
252 779 55 17
252 974 101 28
252 39 69 18
251 129 63 17
251 112 52 10
251 740 19 5
251 656 95 22
251 921 33 9
251 884 26 7
251 132 29 6
251 488 48 10
250 921 38 10
250 217 11 3
250 404 30 10
250 843 26 7
250 717 68 16
249 300 47 15
249 385 57 15
249 304 42 14
249 745 10 2
249 649 17 5
248 870 28 6
248 108 41 13
248 436 31 8
248 660 20 6
248 621 26 9
247 982 61 13
247 784 31 9
247 987 42 14
247 497 46 10
247 776 40 10
247 837 42 11
247 828 65 16
247 608 54 11
246 56 18 5
246 192 16 5
246 337 14 4
246 620 39 8
246 508 12 4
246 682 22 6
245 563 15 4
245 72 28 6
245 538 40 10
245 282 31 11
244 751 58 15
244 71 39 12
244 152 47 12
244 678 47 12
244 861 52 13
244 893 62 17
244 191 65 18
244 142 28 9
243 201 55 14
243 771 25 6
243 491 19 6
243 284 63 18
243 754 28 7
243 594 42 11
242 191 62 13
242 580 19 5
242 90 39 8
242 742 59 13
242 159 79 24
242 677 70 25
242 648 25 7
242 167 72 19
241 134 23 6
241 44 51 11
241 378 24 7
241 49 13 4
241 811 11 3
241 336 64 17
240 8 22 5
240 280 4 1
240 562 22 6
240 539 62 19
240 607 71 27
239 269 25 6
239 841 20 6
239 715 25 6
239 291 11 4
239 799 47 11
238 418 33 10
238 99 37 9
238 531 20 7
238 233 41 11
238 178 29 8
238 5 24 6
238 445 23 7
237 698 14 5
237 838 51 16
237 399 7 2
237 383 5 2
237 389 60 18
236 305 26 7
236 607 8 2
236 498 26 6
236 820 45 12
236 259 78 27
235 744 27 6
235 571 50 13
235 74 67 17
235 967 66 21
235 974 55 13
235 504 57 14
235 103 63 16
235 622 31 7
234 368 169 48
234 459 92 22
234 842 67 21
234 605 42 11
234 590 29 6
234 312 63 21
234 917 25 9
233 335 35 11
233 178 39 9
233 238 31 11
233 225 26 7
233 531 21 5
233 468 20 5
232 58 81 15
232 197 31 7
232 852 43 14
231 753 37 8
231 397 57 11
231 930 20 5
231 424 29 10
231 274 47 10
231 545 20 5
231 578 25 7
230 773 17 5
230 739 14 4
230 171 30 8
230 296 14 4
230 798 31 8
230 400 81 19
230 118 57 19
229 225 28 8
229 468 26 6
229 323 28 7
229 274 26 8
229 421 22 6
228 206 37 8
228 482 18 5
228 483 21 6
228 333 52 16
228 139 5 2
227 356 32 11
227 532 50 16
227 57 63 12
227 299 12 4
227 82 45 14
227 668 47 14
226 444 27 8
226 316 31 11
226 879 28 8
226 31 33 8
226 343 8 2
226 769 11 3
225 258 58 11
225 335 43 10
225 233 25 7
225 424 33 9
225 274 33 8
225 468 10 3
225 229 29 6
224 422 27 7
224 642 21 6
224 962 27 9
224 140 16 5
224 344 33 9
224 161 61 11
223 714 159 41
223 491 109 23
223 284 39 11
223 54 45 12
223 901 57 14
223 996 48 11
223 394 32 12
223 645 48 13
222 524 16 4
222 692 3 1
222 141 39 11
222 23 40 9
221 577 43 10
221 876 39 11
221 866 31 8
221 412 11 3
221 73 18 5
220 712 25 6
220 643 9 3
220 390 67 14
220 41 42 10
220 673 28 8
220 340 37 11
219 887 16 4
219 984 17 7
219 951 22 5
219 526 5 2
219 320 22 6
219 46 16 5
218 678 35 7
218 273 44 14
218 264 18 4
218 153 45 9
218 474 23 5
217 921 42 8
217 250 14 4
217 770 10 3
217 843 24 7
216 196 37 12
216 572 18 4
216 350 7 2
216 382 5 1
215 698 35 11
215 675 24 8
215 883 11 3
215 383 41 12
215 941 44 11
215 439 15 4
215 888 14 4
214 411 61 20
214 384 90 18
214 897 33 8
214 324 16 5
214 725 38 8
214 973 61 17
214 145 46 9
214 796 39 9
213 822 21 7
213 891 5 2
213 427 19 6
213 639 51 13
213 969 47 13
212 876 37 11
212 533 3 1
212 506 31 9
212 475 28 6
212 636 32 7
211 853 23 8
211 410 9 3
211 458 38 9
211 805 26 7
210 434 11 3
210 385 23 5
210 209 22 6
210 631 31 10
210 731 62 14
209 385 31 6
209 210 18 5
209 631 20 5
209 944 11 3
209 745 46 11
208 731 60 12
208 793 17 4
208 455 44 12
208 867 43 11
208 890 23 6
208 148 22 5
208 277 16 4
208 288 39 11
207 875 71 19
207 33 63 14
207 783 28 9
207 459 10 3
207 376 13 3
206 146 75 15
206 333 80 16
206 228 44 10
206 541 68 17
206 483 34 11
206 345 33 9
205 810 28 10
205 606 28 7
205 923 19 6
205 351 40 10
205 711 51 14
204 564 42 11
204 151 43 10
204 687 69 16
204 846 26 7
204 125 19 5
204 48 17 6
203 769 44 9
203 353 50 10
203 31 22 5
203 592 23 7
203 757 36 9
202 313 22 5
202 406 34 9
202 988 19 4
202 295 32 6
201 351 28 9
201 109 20 6
201 566 23 5
201 771 62 12
201 243 70 17
201 754 60 13
201 282 10 3
200 705 47 16
200 833 44 13
200 126 23 5
200 693 43 13
200 633 65 20
200 476 78 21
199 493 28 7
199 134 11 3
199 44 21 6
199 52 27 8
198 57 46 11
198 402 47 12
198 569 22 5
198 985 43 10
198 502 62 12
198 668 27 6
197 58 75 18
197 574 53 10
197 576 66 15
197 575 58 15
197 232 31 6
197 379 39 10
197 852 49 14
196 838 59 18
196 967 78 16
196 103 21 5
196 382 39 9
196 572 47 10
196 216 46 12
196 411 36 10
196 389 34 7
195 892 13 4
195 269 39 8
195 291 32 7
195 177 50 15
195 364 40 14
194 259 27 7
194 687 6 2
194 813 21 5
193 568 27 9
193 298 11 3
193 456 23 6
193 911 25 6
193 442 16 5
193 335 37 11
192 56 18 6
192 535 23 6
192 913 34 6
192 940 21 5
192 246 19 6
192 337 10 3
192 26 55 17
192 512 29 8
191 244 53 14
191 142 47 12
191 893 32 10
191 543 43 11
191 329 41 10
191 742 54 13
191 242 63 17
191 90 41 12
190 299 66 15
190 743 74 16
190 365 43 10
190 641 21 6
190 82 27 7
190 466 24 5
189 684 82 17
189 304 46 12
189 718 42 13
189 552 49 12
189 146 28 8
189 649 62 11
189 333 29 9
188 876 39 13
188 506 50 11
188 533 17 4
188 278 29 7
188 412 28 7
187 334 11 4
187 801 38 11
187 695 18 4
187 800 26 8
187 590 30 7
187 449 31 11
186 380 63 15
186 583 25 8
186 480 4 2
186 971 16 5
185 361 42 14
185 503 41 14
185 949 41 9
185 55 51 12
185 810 36 11
185 522 7 2
184 93 25 5
184 129 48 12
184 112 28 7
184 886 35 11
183 693 32 7
183 633 41 13
183 623 16 4
183 591 5 2
182 410 35 10
182 805 10 3
182 358 131 31
182 135 28 7
182 767 38 13
181 702 60 15
181 85 28 9
181 653 33 8
181 873 49 15
181 758 34 8
181 86 21 6
180 669 28 6
180 68 20 5
180 52 58 15
180 827 53 10
180 906 36 7
180 889 51 18
180 336 51 18
179 600 33 12
179 971 10 3
179 520 43 13
179 925 38 10
179 26 65 15
179 913 75 17
179 976 42 10
178 442 27 8
178 418 16 4
178 335 33 6
178 233 48 11
178 238 32 9
177 195 61 12
177 892 53 16
177 364 8 3
177 368 61 15
177 122 23 6
177 585 36 9
176 544 83 17
176 855 30 10
176 163 78 20
176 138 64 18
176 721 18 6
176 123 14 4
175 880 28 9
175 579 44 9
175 20 19 7
175 162 24 7
175 81 24 6
175 252 24 5
175 470 23 7
174 457 53 16
174 8 26 7
174 562 30 8
174 549 25 7
174 993 24 7
173 625 40 9
173 724 45 13
173 683 42 13
173 584 3 1
173 599 34 11
173 88 41 12
172 728 3 1
172 586 11 4
172 32 38 8
171 97 46 10
171 955 10 3
171 728 63 17
171 739 27 7
171 230 32 7
171 286 36 10
171 296 30 6
170 506 31 9
170 880 20 6
170 681 26 8
170 61 41 10
170 113 14 4
170 989 20 4
169 671 43 12
169 393 10 3
169 318 34 8
169 563 49 12
168 453 63 16
168 820 30 6
168 294 29 8
168 10 23 6
168 480 54 17
168 600 21 5
168 520 22 8
167 242 81 21
167 648 59 15
167 677 25 7
167 290 1 1
167 862 38 12
166 77 14 3
166 158 21 5
166 501 27 7
166 555 11 4
165 660 69 15
165 513 59 13
165 670 21 6
165 501 35 11
165 416 5 2
165 35 36 8
164 837 23 6
164 608 23 7
164 428 39 14
164 317 33 9
164 542 33 9
164 517 46 14
164 795 60 16
164 737 42 11
163 947 33 7
163 347 16 4
163 855 80 18
163 993 65 13
163 997 32 7
163 138 54 14
163 176 80 24
162 518 34 9
162 579 22 7
162 175 27 6
162 252 21 5
162 490 54 11
161 642 44 11
161 224 55 11
161 528 56 11
161 344 49 13
161 773 54 18
161 792 46 13
161 716 46 11
161 835 33 11
161 980 50 11
160 989 32 7
160 81 24 6
160 470 15 3
160 113 32 9
160 780 24 6
159 742 52 17
159 242 84 18
159 626 78 15
159 677 50 11
159 821 65 15
159 860 47 9
159 932 42 10
158 501 36 12
158 704 72 15
158 627 65 19
158 166 24 8
158 77 28 8
158 896 17 4
158 437 78 19
158 863 69 15
157 589 17 4
157 990 21 7
157 694 68 18
157 839 23 7
156 3 47 14
156 787 20 4
156 825 29 10
156 966 12 4
156 912 43 13
155 137 37 8
155 957 17 5
155 650 40 10
155 420 21 6
155 478 22 7
154 367 36 9
154 153 58 13
154 573 6 2
154 289 29 7
154 916 31 8
153 273 74 19
153 218 43 12
153 474 50 13
153 367 50 17
153 602 13 3
153 916 64 17
153 154 44 13
152 603 18 6
152 630 19 4
152 751 29 6
152 71 29 8
152 244 41 10
151 749 92 23
151 47 68 16
151 30 72 15
151 98 38 12
151 564 78 15
151 204 52 10
151 813 31 9
151 687 35 12
150 486 19 5
150 326 8 3
150 406 7 2
150 255 20 6
149 558 42 9
149 899 36 7
149 709 35 8
149 702 71 18
149 110 22 5
149 354 31 9
148 208 27 7
148 890 5 1
148 277 5 2
148 114 47 14
148 725 38 7
147 497 7 2
147 413 12 3
147 895 36 13
147 317 37 8
147 542 34 11
146 189 34 7
146 552 29 8
146 262 42 8
146 541 74 14
146 333 43 11
146 206 62 18
145 725 74 17
145 114 144 34
145 973 35 11
145 214 50 12
145 796 21 4
145 12 151 53
145 483 265 66
145 509 119 35
145 763 220 40
144 994 70 18
144 836 20 5
144 303 61 16
144 675 16 4
144 462 10 2
144 883 22 8
143 266 39 11
143 87 22 6
143 899 65 12
143 94 59 17
143 963 53 14
143 632 44 13
143 866 26 7
142 71 52 14
142 377 70 14
142 244 32 7
142 191 59 15
142 307 37 10
142 329 45 11
141 878 16 6
141 965 22 6
141 692 39 12
141 23 33 7
141 222 39 12
140 610 4 2
140 422 21 6
140 962 22 5
140 224 20 5
139 565 63 15
139 362 36 8
139 482 18 4
139 333 59 19
139 228 5 2
138 347 45 14
138 484 28 9
138 544 6 2
138 163 64 15
138 176 59 19
137 700 46 11
137 882 25 9
137 417 20 5
137 756 25 9
137 293 50 9
137 957 47 11
137 155 42 9
137 478 27 7
136 848 78 16
136 701 37 7
136 359 3 1
136 95 57 15
136 732 42 14
136 618 84 17
136 22 65 13
136 355 58 17
135 458 49 12
135 805 27 10
135 688 47 16
135 182 24 7
135 767 28 5
135 465 64 14
135 38 54 11
134 493 25 8
134 199 11 3
134 44 31 9
134 378 6 2
134 241 25 6
133 438 32 9
133 527 25 8
133 825 36 10
133 441 63 15
133 537 4 2
133 912 19 4
132 884 3 1
132 251 29 6
132 488 32 7
132 921 11 4
132 404 49 13
131 481 94 29
131 338 66 17
131 908 21 6
131 934 18 5
131 358 203 54
131 853 32 8
131 410 41 14
130 950 12 3
130 6 29 8
130 510 49 12
130 454 50 12
130 95 7 2
129 93 58 20
129 184 53 13
129 697 53 14
129 656 81 19
129 251 58 16
129 112 29 7
128 650 32 9
128 420 23 6
128 972 20 5
128 96 40 11
128 751 46 10
128 529 22 8
127 37 75 18
127 341 17 5
127 500 15 4
127 448 71 14
127 741 24 5
126 121 48 13
126 833 62 15
126 618 27 8
126 200 19 6
126 693 25 6
125 204 25 6
125 687 47 14
125 391 46 13
125 935 26 6
125 48 19 5
124 281 22 7
124 457 31 6
124 425 30 6
124 514 25 6
124 8 27 7
124 280 26 8
123 176 15 4
123 380 34 12
123 855 37 7
123 721 13 4
123 964 32 9
122 177 26 8
122 585 24 7
122 368 40 11
122 875 38 14
121 777 14 4
121 833 48 13
121 848 35 11
121 126 49 9
121 618 39 11
120 644 61 13
120 23 55 11
120 817 13 3
120 703 37 8
120 495 31 8
119 682 37 10
119 620 31 7
119 735 30 7
119 746 65 16
119 527 26 6
119 438 38 10
118 230 57 14
118 798 53 16
118 619 22 8
118 400 26 5
118 999 30 7
117 956 32 7
117 308 33 12
117 18 31 8
117 306 7 2
117 809 3 1
117 116 17 6
116 18 30 7
116 117 19 6
116 809 18 4
116 306 15 4
116 576 51 16
116 60 28 8
116 575 45 10
115 40 34 9
115 867 30 8
115 565 56 12
115 362 60 16
115 12 37 14
115 288 44 11
114 148 49 12
114 277 39 10
114 725 73 20
114 288 16 4
114 145 133 36
114 12 64 15
113 170 18 4
113 989 11 3
113 61 44 12
113 34 45 9
113 160 28 8
113 780 42 10
112 184 25 7
112 129 27 9
112 251 49 11
112 740 47 12
112 886 32 8
111 939 54 17
111 287 53 12
111 991 55 11
111 546 55 13
111 903 24 9
111 461 47 9
111 597 62 16
110 899 18 5
110 94 35 9
110 149 16 5
110 354 21 7
109 711 42 11
109 351 26 6
109 945 52 13
109 201 23 6
109 566 17 5
108 839 69 17
108 407 79 23
108 870 64 14
108 248 37 10
108 753 18 4
108 621 52 15
108 943 29 7
108 790 53 13
107 654 55 16
107 929 67 13
107 819 29 6
107 611 24 7
107 534 14 4
106 730 37 7
106 352 34 10
106 80 15 5
106 694 16 4
106 49 40 10
105 415 12 3
105 19 10 3
105 718 32 7
105 431 23 5
104 464 29 9
104 536 20 4
104 628 25 8
104 847 11 3
104 509 51 18
104 973 45 15
103 235 78 20
103 967 64 17
103 196 21 6
103 622 47 12
103 382 35 8
103 731 50 10
102 692 35 8
102 524 45 12
102 651 49 10
102 671 63 17
102 727 45 10
101 615 10 3
101 975 23 6
101 326 55 11
101 582 4 2
101 313 19 4
100 476 80 19
100 840 32 9
100 79 34 11
100 633 42 9
99 392 42 14
99 761 49 14
99 297 43 13
99 48 75 15
99 935 100 24
99 418 29 10
99 238 35 10
99 5 30 6
99 768 22 5
98 539 20 5
98 813 52 13
98 151 46 10
98 30 33 8
97 829 69 21
97 948 80 22
97 707 77 19
97 487 70 14
97 32 45 15
97 728 33 9
97 955 35 8
97 171 38 12
96 612 67 16
96 650 21 5
96 430 54 15
96 128 30 11
96 529 34 10
96 629 46 10
96 273 34 11
95 950 13 4
95 701 41 9
95 136 49 14
95 130 9 2
95 454 37 10
95 732 47 10
94 899 39 12
94 110 30 8
94 143 60 20
94 354 12 3
94 963 37 11
94 85 15 4
93 346 426 92
93 530 353 64
93 452 102 27
93 697 139 33
93 184 21 6
93 129 56 18
93 521 67 15
93 489 57 17
93 557 47 10
93 886 51 11
92 888 65 12
92 941 64 16
92 985 67 17
92 502 63 14
92 375 50 17
92 847 42 10
92 254 46 15
92 536 30 10
91 786 24 5
91 358 35 9
91 53 19 6
91 714 38 11
90 329 14 4
90 191 40 10
90 841 21 5
90 580 19 7
90 242 32 9
89 885 17 5
89 85 51 12
89 963 21 5
89 724 51 15
89 625 15 4
89 86 69 17
88 683 53 12
88 173 43 13
88 599 30 8
88 609 34 8
88 807 33 9
88 366 39 8
88 658 32 10
88 292 29 8
88 952 53 10
87 369 38 8
87 263 14 3
87 266 43 9
87 143 25 5
87 866 29 7
86 85 40 9
86 89 63 16
86 625 52 15
86 758 17 5
86 181 27 6
86 683 42 10
86 584 47 13
85 354 16 6
85 94 16 5
85 702 57 18
85 181 31 9
85 86 46 10
85 89 45 12
85 963 52 12
84 933 23 6
84 663 82 22
84 11 67 20
84 9 66 17
84 610 68 13
84 910 36 9
84 422 56 17
84 612 55 12
84 723 49 13
83 948 24 6
83 992 22 5
83 729 7 2
83 437 21 5
83 785 14 5
83 67 47 12
83 32 47 14
82 227 64 12
82 299 67 14
82 668 23 6
82 502 71 18
82 190 23 7
82 466 43 9
81 20 8 3
81 989 9 2
81 160 20 5
81 470 25 6
81 175 20 5
80 730 34 9
80 929 37 10
80 106 14 5
80 694 19 5
80 990 39 12
80 819 50 13
79 633 47 11
79 100 34 8
79 840 48 13
79 994 47 11
79 303 42 10
79 900 13 3
79 690 22 6
78 435 35 10
78 799 10 3
78 648 9 3
78 580 21 6
77 166 12 4
77 158 23 7
77 644 55 14
77 555 5 2
77 896 19 6
77 831 55 14
76 472 15 5
76 560 31 9
76 561 49 12
76 954 39 10
76 978 28 9
76 617 52 11
75 655 26 8
75 881 20 5
75 716 38 10
75 858 47 12
75 349 41 9
74 66 35 10
74 253 22 6
74 571 37 10
74 967 12 3
74 235 57 18
73 221 20 6
73 278 29 7
73 412 25 7
73 632 25 8
73 866 24 6
72 563 28 9
72 871 20 5
72 538 29 7
72 245 20 7
71 912 58 18
71 603 14 4
71 966 87 28
71 244 38 11
71 152 25 9
71 377 116 24
71 142 50 17
70 46 5 2
70 984 7 2
70 744 17 7
70 974 42 11
69 721 37 12
69 544 142 30
69 283 39 10
69 869 20 5
69 964 14 4
68 669 7 2
68 180 19 6
68 52 57 15
67 729 38 11
67 83 45 9
67 764 43 10
67 32 27 8
67 256 17 5
67 492 20 5
67 403 28 9
67 595 31 7
66 22 47 12
66 591 25 8
66 887 53 15
66 571 42 12
66 268 25 6
66 253 31 8
66 74 39 11
65 733 22 6
65 738 13 4
65 854 13 3
65 922 34 7
65 647 35 7
65 937 19 4
65 568 43 12
64 889 42 11
64 906 31 9
64 372 28 6
64 327 17 5
64 279 37 10
63 569 18 5
63 836 26 6
63 462 27 7
63 883 38 9
63 985 28 7
63 439 44 13
62 645 6 2
62 54 2 1
62 624 16 4
62 643 80 21
61 681 45 14
61 170 47 9
61 724 62 15
61 599 36 9
61 609 21 6
61 34 9 2
61 113 44 11
60 308 58 13
60 306 27 7
60 116 27 7
60 575 65 16
60 946 56 13
60 440 61 17
60 868 37 12
59 968 33 7
59 14 57 13
59 407 51 14
59 870 48 13
59 797 9 3
59 826 24 8
58 54 221 71
58 429 53 13
58 499 19 6
58 766 31 8
58 232 70 17
58 574 34 9
58 197 54 20
57 356 36 9
57 402 8 3
57 750 34 9
57 227 65 12
57 198 40 13
57 668 42 13
56 913 16 4
56 806 29 7
56 535 9 2
56 192 19 6
56 246 15 5
56 620 41 12
56 587 77 13
55 361 33 11
55 185 48 10
55 522 37 12
55 927 6 2
55 998 14 3
54 358 223 71
54 714 231 57
54 223 43 14
54 645 7 2
54 58 275 64
54 429 151 54
54 643 84 17
54 62 2 1
53 91 18 5
53 786 35 8
53 945 26 7
53 566 42 13
53 714 23 7
52 68 53 13
52 669 61 15
52 493 48 12
52 180 64 14
52 199 26 9
52 336 47 10
52 44 18 6
51 974 29 7
51 39 40 11
51 504 22 5
51 699 21 6
50 346 26 6
50 637 8 3
50 604 31 8
50 427 41 11
50 961 35 9
49 106 30 10
49 694 45 12
49 241 12 3
49 811 24 6
49 352 4 2
49 378 20 5
48 846 31 6
48 204 17 5
48 2 26 8
48 392 27 7
48 99 61 15
48 935 55 14
48 125 22 6
47 749 57 15
47 13 20 6
47 398 17 6
47 564 45 10
47 151 69 17
46 219 15 4
46 984 9 3
46 70 7 2
46 320 32 8
46 744 16 5
45 398 29 7
45 738 49 12
45 427 55 19
45 937 48 13
45 564 40 13
45 706 38 11
45 309 52 12
44 134 28 8
44 199 23 6
44 52 20 5
44 241 40 12
44 336 31 8
43 475 55 14
43 6 21 6
43 636 53 11
43 579 28 8
43 844 14 4
43 960 23 6
42 614 15 4
42 292 26 8
42 952 31 9
42 428 4 2
42 795 81 16
42 540 64 19
42 516 94 25
42 657 67 21
41 712 43 9
41 220 37 9
41 261 18 4
41 477 21 6
41 895 35 11
41 673 17 5
40 631 31 8
40 745 39 11
40 944 30 10
40 691 29 7
40 565 26 9
40 115 40 10
40 867 38 12
39 252 78 24
39 779 40 11
39 974 59 15
39 51 44 14
39 676 25 6
39 300 48 15
39 385 65 18
39 699 37 11
38 135 50 11
38 767 39 9
38 465 51 14
38 503 41 13
38 358 62 19
38 949 35 10
38 446 34 11
37 328 6 2
37 781 17 5
37 448 43 11
37 127 53 14
37 341 48 13
36 903 17 5
36 962 43 9
36 824 30 8
36 588 20 5
36 812 15 4
35 615 30 7
35 582 25 6
35 674 28 6
35 660 64 12
35 313 29 9
35 988 56 11
35 416 30 8
35 165 29 9
34 61 7 2
34 113 33 9
34 609 24 7
34 314 64 20
34 780 58 19
33 290 62 14
33 875 85 19
33 775 58 11
33 862 27 8
33 207 68 13
33 532 30 7
33 519 41 10
33 924 45 12
33 783 34 9
32 83 45 12
32 948 54 13
32 256 15 4
32 67 26 8
32 492 24 7
32 97 56 12
32 728 34 8
32 172 35 8
32 586 38 9
31 879 25 8
31 226 33 8
31 769 27 6
31 203 19 4
31 689 46 10
31 353 44 14
30 511 60 16
30 918 43 13
30 450 40 8
30 539 40 11
30 749 32 8
30 151 73 21
30 98 37 8
29 430 33 8
29 396 25 7
29 629 18 5
29 273 46 14
29 835 43 14
29 655 50 10
29 602 67 19
29 881 32 8
28 741 58 14
28 640 49 12
28 752 43 12
28 6 23 6
28 950 27 9
27 327 19 6
27 889 37 11
27 279 31 7
27 646 30 10
27 339 64 16
27 826 47 9
26 925 50 12
26 179 74 17
26 276 39 11
26 547 33 9
26 663 70 22
26 913 66 17
26 11 98 22
26 830 33 9
26 192 69 16
26 512 35 9
25 624 18 6
25 874 15 4
25 643 44 11
25 915 26 9
25 712 26 8
24 736 35 9
24 433 31 6
24 408 28 6
24 814 38 9
24 373 5 2
24 479 22 5
23 878 31 10
23 432 50 10
23 644 25 7
23 141 31 7
23 222 31 9
23 524 44 10
23 120 46 12
23 817 54 10
22 618 48 12
22 136 65 16
22 355 58 19
22 887 61 14
22 623 32 7
22 591 37 11
22 66 56 13
21 500 36 9
21 778 17 6
21 845 36 9
21 741 34 11
21 640 54 12
20 989 11 3
20 880 10 2
20 175 19 7
20 81 10 3
19 415 20 5
19 105 10 3
19 823 28 7
19 794 49 11
19 431 18 5
19 859 24 6
18 789 50 13
18 471 53 15
18 956 45 10
18 802 51 12
18 576 40 10
18 117 32 10
18 116 24 7
17 1000 20 4
17 485 36 9
17 544 68 19
17 484 70 14
16 469 70 17
16 276 51 15
16 561 27 6
16 663 41 12
16 857 32 11
15 525 37 10
15 702 39 10
15 554 22 6
15 710 42 13
15 772 20 5
14 694 65 17
14 811 20 6
14 968 52 16
14 407 24 7
14 59 50 15
13 749 53 17
13 47 19 5
13 907 20 6
13 398 16 5
12 115 46 14
12 362 48 10
12 288 47 15
12 114 57 17
12 482 51 12
12 145 164 48
12 483 74 18
11 26 71 23
11 830 92 18
11 663 29 8
11 84 73 24
11 882 49 12
11 938 25 8
11 638 23 6
11 9 32 10
10 168 24 5
10 820 6 2
10 294 29 7
9 84 69 19
9 938 22 6
9 11 35 8
9 638 19 4
9 612 52 15
9 650 54 12
9 957 28 9
9 293 27 6
8 457 54 13
8 124 24 7
8 280 23 6
8 174 23 7
8 562 14 3
8 240 17 4
7 783 45 10
7 376 40 11
7 842 34 8
7 605 23 7
7 342 21 5
7 596 15 5
6 752 64 14
6 28 31 6
6 950 36 8
6 475 49 14
6 43 15 5
6 844 21 5
6 130 29 10
6 510 36 8
5 99 26 7
5 768 15 4
5 238 24 7
5 617 41 8
5 445 14 4
4 895 63 15
4 390 22 7
4 429 28 7
4 517 95 27
4 748 69 16
3 283 186 33
3 332 72 16
3 523 21 6
3 735 64 17
3 787 27 9
3 825 30 8
3 156 57 12
3 966 68 17
3 368 325 83
3 892 180 56
2 846 19 5
2 747 12 4
2 761 16 4
2 48 21 7
2 392 14 4
1 904 15 4
1 897 12 4
1 890 22 5
1 725 15 4
