nnodes narcs source target drone_limit type
100 566 64 10 991 drone_routing_pli_project1
nodename posx posy
100 487.068 430.172
99 225.39 221.913
98 821.646 17.4299
97 764.758 791.882
96 376.149 30.4311
95 727.632 795.988
94 859.32 415.666
93 474.805 973.298
92 335.768 524.249
91 574.644 7.21638
90 442.773 761.886
89 135.006 400.871
88 251.452 471.019
87 2.38575 829.85
86 620.283 21.6354
85 421.304 78.2843
84 660.17 501.997
83 91.3012 262.176
82 122.463 994.324
81 762.385 311.632
80 241.126 296.047
79 920.894 122.273
78 710.89 66.3188
77 7.13974 380.877
76 14.8563 811.484
75 416.116 541.027
74 474.833 302.753
73 127.379 475.23
72 979.495 984.428
71 726.01 899.247
70 940.191 581.16
69 271.32 174.879
68 269.496 456.638
67 573.65 706.617
66 8.06031 681.926
65 3.87955 996.879
64 122.3 217.063
63 708.827 889.995
62 237.434 931.247
61 684.053 477.071
60 982.395 331.397
59 381.046 147.048
58 827.346 141.671
57 637.682 932.797
56 959.896 192.72
55 630.293 428.399
54 838.342 213.472
53 85.6546 442.747
52 592.216 953.826
51 166.665 237.487
50 721.493 847.03
49 683.106 690.632
48 432.617 998.16
47 677.315 282.034
46 95.2227 372.039
45 14.4322 148.498
44 408.344 471.286
43 560.338 74.5028
42 926.049 723.788
41 471.948 623.31
40 153.765 28.6283
39 340.067 361.149
38 828.899 89.9173
37 622.765 457.085
36 630.371 57.7588
35 366.91 760.268
34 106.003 712.986
33 438.992 656.149
32 295.697 704.781
31 847.217 709.923
30 390.405 764.816
29 630.597 929.251
28 877.155 74.4134
27 784.828 763.968
26 350.988 108.022
25 778.294 37.0751
24 444.482 982.164
23 45.8001 432.362
22 850.44 128.297
21 15.5657 997.311
20 955.938 614.512
19 481.48 137.769
18 225.964 657.914
17 654.453 549.801
16 778.592 399.323
15 862.447 455.172
14 984.527 316.605
13 388.979 865.367
12 851.977 303.747
11 286.993 614.677
10 170.354 370.348
9 543.106 779.788
8 177.094 660.641
7 732.693 279.944
6 971.862 451.813
5 256.869 850.988
4 169.171 477.105
3 518.233 865.638
2 788.599 198.069
1 524.84 272.854
tail head car_cost drone_cost
100 55 119 171
100 1 163 134
100 37 160 112
100 41 189 209
100 44 97 77
100 75 115 149
100 39 142 190
100 74 133 142
99 69 60 64
99 80 87 76
99 64 114 109
99 51 51 53
98 28 72 78
98 38 63 74
98 25 43 54
98 91 244 293
98 86 226 228
97 72 234 322
97 42 176 179
97 27 31 35
97 71 131 126
97 95 34 41
97 50 69 66
96 91 240 191
96 40 253 179
96 26 72 86
96 85 54 73
95 27 56 58
95 97 39 35
95 50 60 46
95 9 156 217
95 67 156 213
95 49 117 108
94 60 147 126
94 6 102 110
94 12 97 117
94 16 82 74
94 15 44 35
93 52 114 118
93 3 138 122
93 48 48 53
93 13 113 149
93 24 29 32
92 44 79 87
92 75 74 75
92 11 98 118
92 88 110 120
92 68 80 106
91 98 253 234
91 86 57 57
91 43 77 63
91 40 461 432
91 96 164 208
91 85 202 171
90 9 97 99
90 67 122 157
90 3 126 107
90 13 116 139
90 33 96 124
90 30 57 56
89 4 95 86
89 10 40 51
89 73 83 67
89 46 43 40
89 53 78 74
88 92 115 115
88 68 23 24
88 11 142 142
88 10 117 110
88 4 86 82
87 21 147 176
87 65 143 175
87 82 202 241
87 76 24 23
87 77 522 365
87 66 166 132
86 25 175 164
86 98 204 228
86 78 98 82
86 91 49 58
86 43 72 91
86 36 36 38
85 43 148 130
85 91 185 150
85 19 68 69
85 59 93 90
85 26 89 78
85 96 76 77
84 61 39 33
84 37 49 67
84 17 55 44
83 10 155 147
83 51 74 89
83 64 62 54
83 46 125 103
83 45 154 114
83 77 156 173
82 48 348 305
82 62 145 139
82 21 92 87
82 76 224 212
82 87 206 244
81 12 108 105
81 54 131 121
81 2 94 99
81 16 87 85
81 55 181 183
81 47 107 105
81 7 48 50
80 39 131 117
80 69 141 127
80 68 176 133
80 99 74 86
80 51 107 86
80 10 92 116
79 56 72 94
79 54 126 107
79 22 66 63
79 28 59 61
78 58 135 117
78 25 70 83
78 38 132 125
78 86 87 106
78 36 83 72
78 47 257 245
78 2 167 171
77 46 94 82
77 23 74 68
77 45 223 203
77 83 125 146
77 87 518 530
77 66 283 266
76 62 295 290
76 5 252 267
76 34 123 125
76 82 199 241
76 66 119 125
76 87 20 23
75 41 92 100
75 100 144 147
75 44 78 64
75 33 119 137
75 92 82 90
75 11 133 128
74 1 50 61
74 19 191 195
74 100 114 151
74 59 150 166
74 39 168 170
73 89 83 67
73 4 43 50
73 8 175 179
73 66 213 219
73 23 108 101
73 53 54 48
72 14 606 550
72 48 622 646
72 52 377 384
72 6 633 561
72 20 403 336
72 42 240 249
72 97 333 249
72 71 257 282
72 57 354 280
71 97 122 112
71 72 226 215
71 57 111 104
71 50 50 55
71 63 18 22
70 6 154 133
70 20 42 42
70 15 142 147
70 31 172 148
69 59 107 122
69 26 95 86
69 39 170 220
69 80 140 124
69 99 57 77
69 40 195 190
69 64 132 129
68 44 143 156
68 39 96 134
68 88 27 28
68 92 112 92
68 10 136 116
68 80 163 177
67 17 209 169
67 95 164 148
67 49 124 93
67 9 90 68
67 90 127 167
67 41 144 129
67 33 155 127
66 8 181 142
66 34 119 103
66 73 251 269
66 23 243 235
66 76 119 128
66 77 281 325
66 87 135 159
65 21 14 12
65 87 140 187
64 99 120 120
64 69 142 140
64 40 204 174
64 51 43 42
64 45 110 153
64 83 62 50
63 71 19 21
63 50 39 45
63 29 86 73
63 57 94 68
62 48 167 207
62 13 134 162
62 5 67 98
62 76 272 237
62 82 148 118
61 16 132 126
61 15 167 159
61 84 41 32
61 17 91 92
61 55 85 80
61 37 69 72
60 14 18 14
60 6 134 113
60 12 125 157
60 94 144 172
59 19 116 94
59 85 79 88
59 39 227 179
59 74 166 178
59 26 51 52
59 69 130 100
58 22 25 30
58 38 49 58
58 78 138 159
58 2 64 67
58 54 81 63
57 72 291 285
57 71 86 113
57 63 100 98
57 29 10 8
57 52 60 53
56 14 133 111
56 12 179 130
56 54 103 123
56 79 92 91
55 16 162 162
55 81 193 172
55 47 136 126
55 61 80 87
55 37 33 33
55 1 169 193
55 100 118 149
54 56 100 101
54 79 135 126
54 22 93 73
54 12 78 106
54 81 112 147
54 2 47 43
54 58 66 83
53 89 74 68
53 46 77 61
53 23 40 38
53 73 47 61
52 72 408 463
52 57 59 42
52 29 55 43
52 48 161 192
52 3 103 97
52 93 111 108
51 99 68 58
51 80 79 93
51 10 124 108
51 64 41 45
51 83 69 79
50 97 82 82
50 71 52 55
50 95 60 44
50 63 41 45
50 9 228 180
50 29 128 146
49 31 159 164
49 27 140 147
49 17 135 131
49 67 91 101
49 95 108 101
48 72 522 516
48 52 169 143
48 93 54 53
48 24 24 18
48 21 495 491
48 82 335 292
48 13 119 133
48 62 235 197
47 78 214 240
47 2 143 128
47 81 82 84
47 7 57 64
47 55 125 147
47 1 150 149
47 43 213 204
47 36 249 234
46 10 78 81
46 89 58 49
46 53 64 68
46 83 119 121
46 77 81 85
46 23 64 77
45 40 152 196
45 64 106 139
45 77 238 218
45 83 154 149
44 100 72 96
44 75 65 75
44 92 74 92
44 39 116 137
44 68 160 115
43 47 197 206
43 91 59 67
43 36 70 81
43 86 89 79
43 1 193 235
43 85 134 129
43 19 113 117
42 20 110 92
42 72 287 219
42 97 158 166
42 27 147 165
42 31 77 65
41 17 167 175
41 37 254 235
41 100 207 208
41 67 106 137
41 75 101 108
41 33 53 45
40 91 369 439
40 96 207 204
40 26 244 188
40 69 187 226
40 45 197 200
40 64 189 203
39 100 165 173
39 59 203 229
39 74 172 124
39 44 108 153
39 68 118 121
39 69 159 204
39 80 106 131
38 28 48 52
38 22 40 37
38 58 60 43
38 98 75 61
38 25 78 74
38 78 119 129
37 84 70 68
37 61 70 58
37 55 24 33
37 17 101 85
37 100 143 133
37 41 183 181
36 78 90 80
36 47 187 224
36 43 67 72
36 86 36 40
35 33 145 139
35 30 23 24
35 13 127 107
35 32 105 92
35 5 150 147
34 8 95 85
34 5 220 190
34 66 92 110
34 76 118 110
33 67 128 135
33 41 38 39
33 90 122 85
33 30 142 96
33 35 128 125
33 32 126 173
33 75 130 135
33 11 153 150
32 33 137 166
32 35 80 86
32 5 125 161
32 11 87 92
32 18 90 70
31 20 142 133
31 70 182 187
31 15 254 272
31 27 67 74
31 42 69 81
31 17 256 211
31 49 177 151
30 90 51 47
30 33 108 96
30 35 24 22
30 13 113 110
29 63 81 88
29 50 107 121
29 57 9 8
29 52 37 50
29 9 194 207
29 3 106 140
28 22 49 72
28 79 57 59
28 98 67 89
28 38 44 52
27 42 141 125
27 31 67 95
27 97 30 33
27 49 117 113
27 95 65 56
26 85 70 77
26 96 85 89
26 59 48 50
26 40 211 194
26 69 122 117
25 98 41 46
25 86 171 165
25 78 71 66
25 38 84 73
24 93 38 36
24 13 133 146
24 48 23 18
23 46 88 93
23 73 82 80
23 53 46 37
23 77 77 60
23 66 265 286
22 79 70 75
22 28 54 49
22 54 91 94
22 38 37 52
22 58 31 23
21 48 364 456
21 82 94 125
21 87 172 174
21 65 10 12
20 72 413 312
20 6 143 185
20 42 98 130
20 70 30 38
20 31 140 172
19 43 109 108
19 74 198 162
19 1 164 136
19 85 101 79
19 59 119 94
18 32 88 72
18 11 86 73
18 4 170 176
18 8 57 42
18 5 225 194
17 31 209 204
17 15 244 269
17 61 76 88
17 84 51 47
17 49 117 159
17 67 185 167
17 41 183 231
17 37 116 114
16 12 126 99
16 61 120 128
16 55 181 131
16 81 83 90
16 15 107 96
16 94 87 70
15 70 129 168
15 6 117 131
15 31 218 283
15 16 101 96
15 94 44 32
15 61 212 180
15 17 200 238
14 72 778 556
14 60 18 18
14 6 129 154
14 12 122 141
14 56 106 111
13 93 134 143
13 24 145 117
13 3 113 118
13 90 116 116
13 30 90 113
13 48 155 139
13 62 164 133
13 35 120 109
13 5 118 115
12 60 154 109
12 14 141 117
12 56 156 176
12 94 107 113
12 16 132 101
12 81 78 95
12 54 109 94
11 33 129 155
11 75 137 126
11 92 114 113
11 32 89 73
11 18 64 72
11 4 166 189
11 88 130 170
10 88 123 152
10 68 153 107
10 80 113 102
10 4 98 105
10 89 52 46
10 46 84 64
10 83 160 123
10 51 158 119
9 50 207 162
9 95 170 185
9 29 140 177
9 67 80 86
9 90 120 83
9 3 100 78
8 5 247 206
8 18 50 53
8 34 91 101
8 4 173 216
8 73 181 205
8 66 148 191
7 2 114 119
7 47 45 63
7 81 52 50
6 14 125 125
6 60 111 108
6 72 590 453
6 20 160 178
6 70 127 112
6 94 106 123
6 15 123 108
5 13 114 115
5 35 171 136
5 32 145 137
5 62 94 68
5 8 174 168
5 18 178 227
5 34 241 223
5 76 211 213
4 11 178 190
4 88 68 69
4 18 197 167
4 10 86 99
4 89 68 95
4 73 40 43
4 8 204 182
3 52 137 129
3 29 129 114
3 9 106 96
3 93 136 133
3 90 113 148
3 13 154 120
2 54 50 53
2 58 63 64
2 81 138 126
2 7 104 84
2 78 157 152
2 47 114 142
1 47 134 173
1 43 222 202
1 55 194 203
1 100 142 174
1 74 61 49
1 19 153 157
