nnodes narcs source target drone_limit type
10 46 8 9 326 drone_routing_pli_project1
nodename posx posy
10 79.3911 312.879
9 803.492 138.988
8 620.534 283.871
7 332.658 476
6 66.6987 232.196
5 380.276 229.809
4 673.776 855.438
3 530.047 649.67
2 50.1539 732.548
1 654.037 568.264
tail head car_cost drone_cost
10 7 256 76
10 5 299 67
10 6 67 21
10 2 499 122
9 4 800 206
9 1 366 119
9 8 232 63
9 6 653 202
9 5 414 110
8 9 191 50
8 1 243 68
8 5 293 73
8 7 374 87
7 1 372 99
7 3 228 60
7 8 337 82
7 5 257 76
7 10 242 67
7 2 396 87
6 9 603 159
6 5 348 85
6 10 94 18
6 2 477 101
5 9 373 129
5 8 293 62
5 7 214 67
5 6 263 78
5 10 255 72
4 9 599 177
4 2 544 154
4 1 250 71
4 3 252 63
3 4 252 62
3 1 122 34
3 7 262 72
3 2 562 130
2 4 633 162
2 3 396 114
2 7 381 83
2 10 470 94
2 6 536 141
1 9 534 109
1 4 255 82
1 3 132 36
1 8 245 80
1 7 286 90
