nnodes narcs source target drone_limit type
500 2964 366 185 271 drone_routing_pli_project1
nodename posx posy
500 738.599 972.542
499 755.17 375.782
498 311.696 572.612
497 660.857 891.643
496 520.43 141.629
495 193.283 73.63
494 358.607 53.5402
493 902.13 225.443
492 233.597 773.065
491 886.43 918.245
490 431.816 386.742
489 639.793 900.063
488 56.1571 190.801
487 133.927 393.906
486 234.169 587.494
485 793.816 489.22
484 376.388 538.746
483 942.919 960.9
482 564.404 932.031
481 41.6667 891.807
480 499.379 655.799
479 581.158 554.42
478 372.108 47.484
477 721.679 235.377
476 100.634 862.372
475 749.941 907.823
474 492.854 572.112
473 659.011 699.913
472 448.491 802.425
471 791.865 36.8758
470 533.049 85.0071
469 616.427 696.669
468 398.644 962.551
467 571.666 97.6241
466 152.426 341.385
465 217.636 197.224
464 989.21 935.957
463 985.797 925.208
462 114.109 655.223
461 930.222 86.9786
460 133.758 914.229
459 467.541 874.453
458 938.07 545.419
457 28.15 215.186
456 422.399 273.534
455 359.34 115.289
454 803.305 504.835
453 380.638 330.208
452 397.478 474.479
451 622.624 286.996
450 497.423 963.462
449 434.665 324.036
448 870.618 816.121
447 47.8536 385.055
446 709.379 197.637
445 872.658 164.226
444 891.799 874.658
443 913.584 942.805
442 801.938 86.663
441 134.897 564.226
440 868.857 716.137
439 923.258 977.375
438 384.979 236.303
437 297.938 834.722
436 67.2232 200.03
435 222.072 795.308
434 539.122 75.5918
433 695.884 468.917
432 294.941 886.846
431 363.62 598.036
430 411.19 89.0293
429 160.538 843.814
428 996.913 227.95
427 257.19 890.842
426 118.852 370.648
425 839.546 967.401
424 245.057 849.598
423 381.432 981.159
422 461.378 179.618
421 228.352 468.235
420 217.464 845.685
419 898.771 353.048
418 836.727 138.96
417 322.292 9.28246
416 709.881 65.0233
415 747.322 424.409
414 12.2948 149.59
413 659.458 11.9724
412 16.7537 419.001
411 323.186 131.976
410 987.434 991.365
409 482.906 999.269
408 156.776 244.261
407 995.896 946.337
406 120.451 950.924
405 302.596 8.17419
404 899.349 732.566
403 423.412 295.248
402 971.105 653.062
401 782.926 382.415
400 373.517 386.329
399 450.45 968.19
398 931.688 578.026
397 120.995 835.185
396 209.928 373.301
395 285.06 888.614
394 685.607 521.534
393 913.73 969.654
392 179.029 537.721
391 653.251 672.553
390 841.94 497.5
389 938.779 461.548
388 145.189 677.751
387 730.094 643.245
386 747.766 295.328
385 294.561 843.485
384 856.591 520.327
383 838.121 441.137
382 477.151 84.3408
381 959.157 284.818
380 634.726 614.576
379 189.96 57.1223
378 336.465 107.297
377 35.6871 933.622
376 414.989 123.766
375 332.039 24.0899
374 910.308 623.121
373 753.622 279.027
372 821.323 223.254
371 419.832 627.84
370 700.611 845.889
369 690.945 602.488
368 33.0751 508.236
367 22.4701 343.142
366 783.573 682.775
365 671.378 915.654
364 121.142 480.094
363 815.716 264.193
362 624.914 598.074
361 373.856 830.368
360 293.206 813.963
359 277.156 80.9591
358 253.462 923.577
357 868.214 572.928
356 94.2833 712.649
355 346.1 153.869
354 396.469 397.515
353 61.5591 840.08
352 59.0305 223.347
351 953.073 459.023
350 927.061 644.899
349 404.04 398.33
348 606.167 933.62
347 359.9 614.611
346 65.0964 711.566
345 160.758 251.007
344 103.095 971.905
343 381.285 856.399
342 207.24 632.345
341 108.303 839.11
340 10.227 715.355
339 782.4 706.175
338 40.4129 350.696
337 659.915 102.324
336 839.733 54.0948
335 464.402 171.728
334 714.821 112.862
333 162.52 305.689
332 332.366 476.028
331 460.91 630.439
330 318.603 733.928
329 441.913 335.274
328 768.71 620.117
327 273.371 80.7822
326 705.695 876.413
325 599.109 682.773
324 687.656 298.586
323 671.868 196.997
322 881.857 693.891
321 581.38 574.338
320 485.091 309.794
319 780.313 591.942
318 650.829 872.805
317 165.78 653.028
316 409.741 653.577
315 51.0921 881.598
314 63.4541 255.081
313 700.935 297.126
312 360.799 19.6122
311 614.123 551.923
310 397.151 842.273
309 254.673 48.1632
308 623.419 646.938
307 458.91 254.75
306 921.437 68.9179
305 710.532 732.857
304 253.338 849.024
303 975.562 4.10425
302 577.278 788.416
301 845.478 692.258
300 240.868 663.834
299 541.887 807.858
298 913.875 439.196
297 504.154 79.2529
296 847.139 222.109
295 98.5437 551.8
294 186.042 352.057
293 661.745 452.186
292 611.987 529.654
291 2.86222 454.222
290 418.665 121.519
289 438.051 877.695
288 483.01 430.673
287 894.352 128.824
286 491.809 394.656
285 989.616 459.971
284 309.318 559.254
283 841.016 232.24
282 890.843 330.324
281 664.766 636.495
280 581.151 94.9015
279 665.495 829.676
278 700.532 349.835
277 858.186 721.924
276 778.021 115.529
275 73.6926 988.175
274 700.378 637.067
273 647.138 42.112
272 13.2038 287.637
271 25.916 701.712
270 40.5253 151.633
269 530.717 579.407
268 831.366 548.426
267 701.688 65.8119
266 943.419 693.188
265 426.527 348.166
264 28.8044 318.391
263 414.293 651.628
262 185.921 798.071
261 505.921 736.061
260 222.215 635.478
259 929.728 280.353
258 769.954 961.432
257 469.465 782.094
256 592.114 423.178
255 837.125 868.61
254 186.779 858.631
253 478.534 816.34
252 770.967 894.962
251 903.849 703.906
250 20.862 889.127
249 166.958 59.2817
248 233.788 856.266
247 728.339 416.487
246 323.822 484.231
245 958.402 670.213
244 780.417 392.762
243 477.413 39.8911
242 217.318 207.011
241 310.656 344.532
240 773.856 129.936
239 62.1332 897.234
238 555.752 728.303
237 497.288 888.852
236 718.026 914.051
235 767.455 613.729
234 195.524 287.201
233 120.104 250.695
232 520.979 398.346
231 105.771 338.176
230 477.134 237.551
229 722.627 246.167
228 396.038 620.863
227 513.102 257.137
226 929.73 743.902
225 645.306 714.316
224 803.563 231.595
223 449.049 705.217
222 954.805 621.01
221 627.444 31.0293
220 129.945 566.668
219 497.774 613.388
218 336.524 710.444
217 618.806 838.14
216 938.178 276.076
215 197.156 694.463
214 860.779 55.9591
213 815.663 485.021
212 605.739 689.026
211 546.88 640.874
210 103.345 476.245
209 81.518 40.3213
208 990.772 547.213
207 463.641 704.562
206 569.617 939.328
205 652.008 810.559
204 436.448 151.434
203 862.734 342.316
202 834.204 417.288
201 356.512 100.175
200 936.136 350.682
199 550.211 142.114
198 138.235 643.152
197 515.727 464.237
196 638.399 155.444
195 708.416 996.959
194 55.5646 403.714
193 194.985 940.319
192 71.0878 78.1984
191 450.075 462.498
190 336.106 682.699
189 607.363 700.228
188 507.694 594.143
187 702.28 423.111
186 875.369 118.123
185 168.623 235.045
184 786.858 373.977
183 561.555 598.451
182 943.843 855.836
181 7.77479 578.594
180 627.363 168.112
179 234.848 48.3515
178 338.165 968.166
177 632.593 184.776
176 56.1257 417.949
175 748.68 678.749
174 988.12 162.25
173 938.637 903.336
172 985.662 834.93
171 769.784 814.77
170 769.308 527.035
169 833.36 46.4337
168 240.19 321.831
167 135.488 189.328
166 830.897 561.11
165 423.638 805.051
164 435.978 713.331
163 40.6988 196.563
162 651.207 685.444
161 985.564 259.574
160 71.7392 884.148
159 270.746 979.2
158 280.926 875.757
157 799.593 933.008
156 978.828 813.111
155 405.47 857.345
154 824.587 948.681
153 392.171 258.134
152 918.683 200.289
151 549.812 763.495
150 145.511 404.022
149 776.685 471.517
148 596.4 211.865
147 869.823 724.508
146 57.7258 562.344
145 932.12 307.625
144 684.527 873.71
143 30.3579 25.9781
142 890.466 42.7735
141 997.062 445.416
140 620.116 549.668
139 541.879 507.987
138 276.642 400.335
137 489.669 957.623
136 950.744 824.351
135 28.6704 473.386
134 326.277 985.267
133 291.01 29.5243
132 861.69 962.764
131 529.386 940.757
130 999.205 798.727
129 149.689 949.4
128 216.624 940.39
127 133.25 443.931
126 488.4 299.913
125 79.9 826.909
124 988.131 827.395
123 541.363 268.415
122 766.13 769.078
121 233.091 668.536
120 342.064 69.404
119 522.427 922.3
118 129.694 949.047
117 625.163 330.807
116 871.188 934.83
115 705.87 765.201
114 611.829 274.797
113 496.634 482.36
112 548.767 95.0452
111 722.706 63.5192
110 492.933 56.2866
109 72.4757 35.0427
108 891.675 968.702
107 365.611 303.775
106 868.084 504.156
105 71.305 552.058
104 585.327 95.3173
103 194.574 377.996
102 281.386 481.091
101 490.402 907.791
100 429.17 405.754
99 863.119 256.123
98 843.519 323.532
97 963.518 959.297
96 911.651 828.554
95 382.475 980.113
94 995.418 9.09602
93 352.695 193.524
92 17.5433 211.07
91 577.203 252.915
90 171.831 344.487
89 193.331 237.211
88 8.20709 43.1846
87 115.672 552.692
86 53.0936 716.827
85 163.482 757.988
84 896.785 948.899
83 722.41 578.669
82 871.75 288.267
81 893.899 645.577
80 165.557 357.389
79 496.731 929.691
78 362.742 319.387
77 174.553 441.056
76 941.605 180.163
75 673.198 230.063
74 411.702 581.322
73 946.406 780.053
72 359.637 704.729
71 664.319 449.467
70 265.455 559.706
69 393.969 132.293
68 197.271 267.739
67 824.554 914.733
66 322.143 365.439
65 974.654 355.29
64 68.2696 591.852
63 67.0604 480.95
62 15.4944 947.953
61 335.214 534.088
60 503.157 960.605
59 250.757 517.912
58 148.521 356.072
57 773.574 251.785
56 134.363 664.363
55 135.153 775.077
54 216.562 409.694
53 206.096 827.189
52 934.46 377.962
51 674.033 814.243
50 787.853 232.487
49 495.837 166.31
48 31.2712 326.957
47 486.474 543.821
46 881.918 651.403
45 486.633 703.48
44 42.5706 264.401
43 504.788 452.112
42 501.872 493.281
41 170.811 455.757
40 135.784 413.903
39 53.8838 419.17
38 36.3018 301.909
37 95.1354 480.862
36 124.553 637.224
35 965.165 487.856
34 149.719 960.906
33 380.069 14.2555
32 864.217 155.977
31 770.459 694.387
30 27.6361 138.377
29 591.696 265.061
28 2.20799 197.019
27 557.628 997.166
26 433.149 368.76
25 163.674 273.388
24 777.064 939.94
23 699.359 499.908
22 966.475 955.418
21 118.319 373.219
20 41.187 122.557
19 390.299 541.058
18 197.212 714.46
17 481.455 665.364
16 7.69238 606.643
15 745.059 816.21
14 961.165 885.922
13 24.9005 484.107
12 390.627 121.135
11 120.76 513.731
10 79.3911 312.879
9 803.492 138.988
8 620.534 283.871
7 332.658 476
6 66.6987 232.196
5 380.276 229.809
4 673.776 855.438
3 530.047 649.67
2 50.1539 732.548
1 654.037 568.264
tail head car_cost drone_cost
500 258 35 10
500 24 46 15
500 475 73 20
500 236 52 14
500 195 40 9
499 401 26 8
499 184 36 7
499 244 31 8
499 415 51 15
499 386 92 19
499 278 57 18
499 247 47 13
498 347 72 18
498 431 51 15
498 61 55 13
498 190 118 24
498 300 111 29
498 486 64 24
498 284 16 4
498 70 48 12
497 144 31 9
497 318 20 7
497 489 26 5
497 365 30 7
496 112 65 16
496 470 68 17
496 199 34 7
496 49 31 11
496 297 68 19
496 382 64 15
495 179 40 13
495 327 80 19
495 465 130 31
495 167 106 34
495 249 26 7
495 379 17 5
494 312 31 9
494 201 43 11
494 478 17 4
494 375 42 11
494 120 25 6
493 216 67 18
493 152 29 8
493 259 50 16
493 99 59 15
493 445 66 17
493 296 47 12
492 330 99 27
492 121 113 24
492 435 29 8
492 360 77 21
492 262 59 14
492 85 59 20
492 18 56 17
491 443 37 8
491 173 57 14
491 444 50 10
491 84 31 7
491 116 20 7
491 255 61 17
491 67 73 14
490 349 36 8
490 100 18 5
490 286 62 17
490 26 17 4
489 318 25 7
489 365 42 8
489 497 27 5
489 217 64 20
489 348 43 14
488 167 85 20
488 270 41 12
488 436 13 3
488 163 20 5
487 80 57 15
487 150 17 5
487 58 34 11
487 426 33 9
487 40 17 5
487 21 31 6
487 194 95 21
486 498 73 19
486 70 47 10
486 59 78 21
486 300 85 19
486 260 49 15
486 392 68 21
486 342 58 16
485 213 22 6
485 454 18 4
485 149 28 6
485 170 41 10
484 452 81 15
484 19 17 3
484 431 55 16
484 7 85 17
484 61 49 12
483 97 25 6
483 410 58 14
483 22 27 6
483 439 25 7
483 173 48 16
483 443 32 8
483 393 28 9
482 348 42 12
482 217 118 28
482 206 11 2
482 131 31 9
482 119 46 9
482 299 120 30
482 237 87 19
481 239 21 7
481 315 12 4
481 250 20 5
481 377 48 11
480 3 31 8
480 45 55 11
480 17 23 7
480 219 51 11
480 331 53 14
479 311 40 8
479 292 33 12
479 321 22 6
479 269 51 17
479 139 52 16
478 33 35 8
478 430 50 17
478 312 27 7
478 201 54 12
478 494 17 4
477 57 61 17
477 50 67 16
477 446 35 12
477 229 12 3
477 75 45 11
476 429 66 18
476 397 33 10
476 341 30 7
476 460 66 18
476 160 30 10
476 353 48 14
476 125 37 11
475 24 49 11
475 252 21 6
475 500 69 20
475 326 65 13
475 236 29 7
474 188 29 7
474 269 35 10
474 219 46 10
474 331 77 15
474 74 87 24
474 47 35 9
473 175 82 24
473 274 72 21
473 305 72 14
473 391 29 8
473 162 15 5
473 225 22 6
472 253 30 8
472 257 31 8
472 459 68 21
472 165 21 6
472 289 73 20
471 142 95 26
471 303 205 52
471 169 48 10
471 442 46 12
471 413 113 39
471 111 81 19
470 297 31 7
470 496 56 16
470 112 19 6
470 434 13 3
469 162 34 11
469 391 38 10
469 308 56 14
469 212 12 4
469 189 11 3
469 225 34 9
468 399 61 12
468 289 98 21
468 155 123 26
468 95 24 5
468 343 113 32
468 178 57 18
467 199 52 11
467 434 33 11
467 112 20 5
467 280 11 3
467 104 15 4
466 231 40 14
466 90 16 5
466 333 33 8
466 58 13 4
466 80 23 6
465 93 144 28
465 411 129 26
465 327 125 39
465 242 9 3
465 185 52 14
465 167 88 22
465 495 135 36
464 407 12 3
464 463 13 3
464 22 33 8
463 407 28 7
463 464 11 3
463 22 43 8
463 172 75 26
463 14 39 12
463 173 55 13
462 198 22 7
462 36 20 5
462 56 24 7
462 356 59 19
462 346 65 16
462 64 83 19
462 271 119 22
461 174 77 20
461 303 102 21
461 94 113 24
461 76 89 24
461 287 62 17
461 306 22 5
461 186 55 18
460 193 61 18
460 254 85 22
460 129 32 11
460 429 77 23
460 118 35 8
460 406 45 8
460 476 57 16
460 160 65 19
460 239 74 16
459 237 28 10
459 253 53 18
459 101 39 12
459 472 85 18
459 289 33 8
458 35 69 18
458 389 91 19
458 398 30 10
458 208 55 12
458 357 81 20
458 384 101 18
458 106 90 22
457 352 30 7
457 163 19 6
457 92 11 3
457 44 46 15
456 307 49 9
456 438 59 14
456 153 30 11
456 403 24 6
455 12 38 9
455 69 37 11
455 355 40 9
455 201 16 4
455 411 35 9
455 378 29 7
454 390 38 11
454 213 24 6
454 268 51 14
454 170 43 9
454 485 21 4
453 449 52 12
453 403 45 15
453 265 59 13
453 400 65 14
453 107 31 7
453 78 24 5
453 66 58 18
452 100 75 19
452 349 84 22
452 191 50 15
452 19 59 18
452 354 68 22
452 7 69 14
452 484 69 16
451 324 75 20
451 75 88 21
451 117 40 11
451 8 4 1
450 60 8 2
450 137 10 3
450 409 46 11
449 320 43 15
449 329 11 4
449 265 29 7
449 403 34 8
449 453 58 15
448 73 72 23
448 96 38 12
448 226 83 20
448 404 83 21
448 444 63 16
448 255 74 16
448 147 107 25
448 171 99 25
448 122 115 24
448 277 102 24
447 21 70 17
447 231 79 16
447 194 19 6
447 412 39 14
447 367 57 13
447 338 40 10
446 50 92 22
446 240 92 26
446 334 81 19
446 477 36 11
446 323 37 8
446 75 46 13
445 152 47 14
445 76 75 18
445 287 37 11
445 32 14 4
445 493 72 16
445 296 58 18
444 182 51 14
444 96 55 13
444 173 54 14
444 491 40 11
444 448 54 15
444 255 47 16
443 483 29 11
443 173 39 12
443 393 25 7
443 491 38 10
443 84 17 5
442 186 72 19
442 418 67 19
442 169 54 15
442 336 60 14
442 471 44 13
442 111 74 21
442 276 31 8
442 9 46 12
441 392 51 11
441 342 83 24
441 220 6 2
441 198 84 22
441 11 60 16
441 87 20 6
440 404 30 9
440 251 43 9
440 322 23 6
440 301 39 8
440 277 11 3
440 147 9 3
439 410 75 18
439 483 26 6
439 195 224 60
439 393 11 3
439 108 38 9
439 425 91 24
438 307 91 17
438 422 78 25
438 456 52 15
438 153 26 6
438 107 74 20
438 5 9 2
437 361 82 22
437 360 20 7
437 385 11 3
436 167 66 21
436 233 63 17
436 6 34 9
436 352 28 7
436 488 17 4
436 163 22 6
435 304 59 15
435 360 86 20
435 492 25 8
435 424 65 14
435 262 42 9
435 53 41 9
434 280 54 13
434 221 88 23
434 467 37 12
434 297 30 9
434 243 85 21
434 110 50 12
434 112 25 6
434 470 11 3
433 149 83 20
433 415 67 17
433 247 64 19
433 187 46 11
433 23 35 7
433 293 40 10
433 71 38 10
432 343 90 22
432 178 79 25
432 385 52 10
432 158 18 6
432 395 12 3
432 358 51 14
431 228 38 10
431 484 60 17
431 74 58 14
431 19 63 15
431 347 18 4
431 498 68 16
431 61 84 17
430 243 78 18
430 382 58 14
430 290 37 9
430 376 39 11
430 12 36 8
430 33 74 21
430 201 60 14
430 478 61 13
429 53 58 11
429 262 43 14
429 254 33 8
429 460 79 19
429 55 71 16
429 397 48 9
429 476 68 14
428 130 485 171
428 94 225 62
428 174 54 14
428 161 37 10
428 141 221 49
428 76 87 20
428 152 81 20
427 395 31 7
427 158 34 8
427 358 38 9
427 128 55 19
427 248 38 12
427 424 38 12
427 304 39 11
426 58 38 7
426 487 26 8
426 231 34 9
426 21 3 1
425 439 89 19
425 108 44 15
425 132 24 5
425 195 147 35
425 154 26 6
425 258 78 19
424 427 44 11
424 304 8 2
424 248 16 4
424 420 28 6
424 435 70 15
424 53 37 11
423 409 113 25
423 399 67 15
423 95 2 1
423 178 41 12
423 134 66 13
422 230 69 18
422 49 36 11
422 335 9 2
422 307 76 19
422 438 83 23
422 204 43 9
422 5 89 20
421 102 56 14
421 138 69 21
421 59 48 14
421 392 83 23
421 41 63 15
421 54 71 18
421 77 53 14
420 424 33 8
420 248 16 5
420 53 21 6
420 254 34 9
419 52 36 13
419 200 33 8
419 298 88 19
419 202 97 22
419 282 28 7
419 203 32 10
418 186 36 11
418 32 30 8
418 372 91 24
418 442 64 18
418 9 40 10
417 413 370 88
417 33 58 13
417 312 45 9
417 375 17 5
417 133 43 11
417 405 24 5
416 111 13 4
416 413 76 20
416 267 9 3
416 334 43 12
415 244 51 12
415 499 44 11
415 149 54 13
415 247 19 5
415 433 81 17
414 30 22 5
414 163 59 13
414 270 34 7
414 88 118 29
414 28 50 12
413 303 311 91
413 471 137 29
413 111 79 24
413 416 64 20
413 221 40 8
413 405 422 75
413 273 31 9
413 267 70 21
413 243 209 48
413 417 346 98
413 33 232 69
412 39 39 11
412 194 46 11
412 447 43 10
412 367 68 21
412 291 38 10
412 135 51 12
411 455 45 10
411 378 34 7
411 355 27 9
411 93 63 14
411 465 120 26
411 359 58 16
411 327 59 15
410 407 54 11
410 195 283 67
410 439 68 17
410 22 37 9
410 97 43 11
410 483 46 11
409 195 203 67
409 27 85 17
409 60 45 12
409 450 34 11
409 137 35 10
409 275 368 121
409 134 136 40
409 399 47 10
409 423 107 26
408 185 14 4
408 345 7 2
408 167 48 15
408 233 36 9
407 130 129 36
407 410 38 11
407 464 15 3
407 22 36 9
407 463 28 7
407 124 105 31
407 172 132 33
406 118 9 2
406 34 31 9
406 460 43 11
406 239 72 19
406 344 25 8
405 303 764 197
405 413 387 76
405 309 65 13
405 133 29 5
405 417 17 6
405 179 91 16
405 379 115 34
405 143 277 65
405 109 213 63
404 251 27 7
404 226 28 7
404 448 81 21
404 147 32 8
404 440 35 10
403 320 70 17
403 126 68 17
403 307 58 14
403 449 36 7
403 453 62 13
403 107 55 13
403 456 26 5
403 153 40 12
402 208 102 30
402 245 20 6
402 130 156 37
402 350 45 11
402 222 35 11
401 499 27 8
401 244 11 3
401 202 71 15
401 184 10 3
400 265 78 19
400 453 51 16
400 66 55 13
400 7 110 23
400 354 31 8
399 79 60 14
399 137 42 12
399 409 40 11
399 101 73 19
399 423 58 15
399 95 79 20
399 289 91 28
399 468 42 12
398 208 62 19
398 458 35 10
398 222 45 11
398 357 57 18
398 374 59 14
397 55 50 17
397 429 41 12
397 125 50 10
397 341 15 4
397 476 35 9
396 138 72 21
396 168 64 13
396 294 27 8
396 54 36 11
396 103 16 4
395 432 9 3
395 358 42 10
395 158 15 4
395 427 33 8
394 170 72 25
394 23 28 6
394 83 69 20
394 1 51 14
394 293 83 20
394 292 61 21
394 140 63 18
393 483 35 8
393 439 14 4
393 108 25 6
393 443 24 8
393 84 26 6
392 59 82 22
392 486 80 18
392 421 80 18
392 342 82 26
392 441 43 14
392 41 80 23
392 11 63 19
391 274 66 14
391 281 42 9
391 473 23 8
391 162 13 4
391 308 45 12
391 469 44 13
390 106 33 6
390 384 31 8
390 383 53 12
390 268 54 15
390 213 31 6
390 454 39 9
389 35 36 9
389 351 17 4
389 458 72 21
389 298 28 9
389 106 95 21
388 18 75 19
388 215 48 16
388 317 38 7
388 85 96 25
388 356 56 17
388 56 20 5
387 328 53 10
387 235 44 13
387 175 33 9
387 274 32 7
387 369 64 13
387 83 64 15
386 98 86 23
386 184 99 24
386 363 75 22
386 373 15 4
386 499 87 22
386 278 78 15
386 313 40 11
385 343 89 20
385 361 67 20
385 437 10 3
385 432 36 12
385 158 34 9
385 360 33 7
385 304 44 11
384 458 100 23
384 106 20 5
384 357 54 17
384 268 36 9
384 390 29 8
383 298 77 23
383 106 58 16
383 390 48 13
383 213 52 14
383 202 21 7
383 149 82 20
382 496 79 22
382 243 48 12
382 297 29 7
382 110 38 10
382 49 90 21
382 204 69 22
382 430 77 14
382 290 82 19
381 161 30 11
381 65 76 22
381 216 22 7
381 145 38 9
380 369 64 13
380 1 46 14
380 362 20 5
380 308 32 10
380 281 45 9
379 179 53 10
379 405 103 37
379 109 132 25
379 249 27 6
379 495 18 5
378 201 21 5
378 120 46 10
378 455 28 7
378 359 75 15
378 411 30 8
377 275 64 17
377 344 72 18
377 239 52 12
377 481 50 11
377 250 39 10
377 62 27 7
376 290 5 1
376 430 33 9
376 12 22 8
376 204 35 8
376 69 22 6
375 312 26 8
375 494 44 12
375 120 56 10
375 417 15 5
375 133 40 9
374 222 39 12
374 398 51 14
374 350 26 9
374 357 69 16
374 81 31 7
373 386 15 4
373 363 62 14
373 57 30 8
373 229 42 12
373 313 53 16
372 296 28 7
372 32 67 22
372 418 71 19
372 283 23 6
372 363 40 10
372 224 21 6
372 50 38 9
372 9 77 22
371 331 40 12
371 263 22 7
371 316 29 8
371 74 46 12
371 228 28 8
370 15 48 13
370 326 27 8
370 144 27 9
370 4 32 7
370 51 37 10
370 279 33 10
369 387 61 14
369 83 35 10
369 281 47 13
369 274 33 11
369 1 55 13
369 380 52 15
368 105 51 14
368 63 51 12
368 13 26 6
368 146 68 12
368 181 87 16
367 447 50 11
367 264 23 6
367 338 23 5
367 48 20 4
367 412 88 16
367 291 131 31
367 272 49 17
366 301 61 16
366 339 20 8
366 31 16 5
366 328 69 19
366 175 36 9
365 236 48 10
365 326 45 11
365 144 39 12
365 195 104 22
365 348 79 16
365 489 38 8
365 497 31 6
364 41 62 13
364 127 37 8
364 11 38 9
364 210 19 5
364 37 30 8
363 82 63 16
363 99 43 11
363 283 39 11
363 372 43 12
363 98 56 19
363 50 43 9
363 224 38 10
363 386 72 16
363 373 52 18
363 57 53 13
362 1 49 12
362 380 23 5
362 308 44 13
362 140 42 12
362 311 54 11
362 183 54 17
362 321 50 13
361 310 30 7
361 165 65 15
361 343 28 8
361 330 93 30
361 360 68 24
361 437 66 23
361 385 87 24
360 361 80 25
360 330 90 18
360 437 25 6
360 385 26 8
360 304 51 14
360 435 65 18
360 492 84 17
359 120 65 14
359 378 78 15
359 133 59 15
359 309 38 12
359 411 73 19
359 327 4 2
358 178 109 22
358 432 50 14
358 395 41 11
358 159 66 13
358 427 33 9
358 128 42 9
357 398 60 14
357 374 54 15
357 81 72 21
357 458 74 22
357 268 49 13
357 384 45 13
357 166 45 12
357 46 95 17
356 85 90 20
356 388 72 15
356 56 51 15
356 462 52 17
356 55 66 21
356 2 57 12
356 346 35 9
355 69 56 14
355 455 49 12
355 411 38 10
355 93 46 12
354 26 46 14
354 349 7 2
354 265 51 17
354 452 65 17
354 400 25 7
354 7 103 27
353 476 49 14
353 125 21 7
353 160 40 11
353 315 43 13
353 250 57 18
353 2 113 27
353 340 159 40
352 6 14 3
352 436 26 7
352 163 33 9
352 457 35 8
352 44 36 12
352 314 29 8
351 285 37 11
351 141 38 12
351 389 17 4
351 35 37 10
351 52 71 20
351 298 44 11
350 402 43 13
350 245 38 11
350 222 36 8
350 374 23 8
350 81 36 8
350 266 57 15
350 251 75 18
349 490 32 7
349 100 24 6
349 452 78 16
349 26 35 11
349 354 9 3
348 195 121 25
348 365 62 16
348 489 50 14
348 217 91 20
348 27 92 19
348 482 39 11
348 206 34 9
347 431 14 5
347 316 68 14
347 228 35 10
347 190 70 21
347 498 69 19
346 462 67 17
346 356 27 7
346 271 35 11
346 86 16 3
346 2 29 7
345 185 18 6
345 68 48 9
345 89 38 10
345 408 10 2
345 25 23 5
345 233 41 10
344 34 44 10
344 406 28 8
344 275 32 8
344 239 84 20
344 377 90 18
343 155 28 6
343 310 20 6
343 468 115 30
343 178 129 35
343 432 94 19
343 361 24 6
343 385 102 23
342 486 48 15
342 121 40 10
342 260 13 4
342 215 52 16
342 317 38 12
342 392 82 30
342 441 105 28
342 198 81 17
341 397 15 4
341 125 32 9
341 476 24 7
340 353 124 30
340 2 41 13
340 271 18 6
340 250 151 41
340 62 273 58
340 16 100 30
340 291 290 55
339 366 26 6
339 277 75 20
339 301 63 18
339 122 74 14
339 31 18 4
339 305 84 20
338 231 71 18
338 10 51 15
338 447 32 10
338 367 17 5
338 48 30 8
337 267 53 13
337 273 55 18
337 104 82 21
337 334 48 13
337 196 67 15
336 214 21 6
336 186 77 16
336 169 9 3
336 442 59 13
335 204 41 8
335 422 10 3
335 49 29 10
334 111 50 12
334 276 61 17
334 240 59 14
334 446 84 22
334 323 97 22
334 267 51 11
334 416 56 15
334 337 63 14
334 196 96 24
333 234 42 9
333 25 30 10
333 466 41 10
333 90 39 11
333 231 68 14
333 233 62 18
333 10 96 24
332 7 1 1
332 246 14 3
332 138 101 28
332 102 51 14
331 480 53 12
331 219 40 10
331 474 63 20
331 17 47 10
331 74 60 19
331 371 50 9
331 263 55 13
330 165 148 32
330 190 58 12
330 72 46 14
330 218 28 7
330 361 96 24
330 360 84 17
330 492 83 21
330 121 93 32
330 300 124 25
329 26 32 10
329 449 11 4
329 265 23 6
329 286 72 23
329 320 57 13
328 46 137 24
328 301 112 31
328 319 29 8
328 366 58 15
328 175 64 14
328 387 52 11
328 235 7 2
327 465 136 36
327 309 41 8
327 411 67 18
327 359 4 2
327 179 47 12
327 495 86 18
326 475 46 14
326 252 71 17
326 15 77 16
326 236 42 11
326 365 43 13
326 370 27 8
326 144 19 7
325 308 49 11
325 189 21 6
325 212 10 2
325 238 55 18
325 3 73 17
325 211 78 18
324 313 12 4
324 229 54 16
324 278 46 13
324 75 60 16
324 117 67 21
324 451 61 19
323 334 93 23
323 446 35 11
323 196 50 16
323 75 32 10
323 177 35 12
322 81 47 13
322 46 41 13
322 251 26 8
322 301 38 11
322 440 30 8
321 311 42 9
321 479 20 6
321 269 60 13
321 183 28 8
321 362 46 12
320 232 106 22
320 123 71 19
320 126 9 3
320 403 71 18
320 449 60 13
320 286 91 21
320 329 46 11
319 46 140 28
319 166 56 17
319 328 35 9
319 235 23 6
319 170 54 18
319 83 57 17
318 144 36 10
318 4 34 9
318 497 23 5
318 279 45 14
318 217 39 14
318 489 26 7
317 342 50 14
317 215 49 12
317 388 38 10
317 198 34 7
317 56 32 10
316 371 26 9
316 164 72 17
316 263 5 2
316 190 77 18
316 72 62 22
316 347 63 15
316 228 40 11
315 160 23 6
315 353 39 11
315 239 19 5
315 250 31 7
315 481 15 3
314 233 51 13
314 6 23 6
314 352 28 7
314 44 23 7
314 10 63 14
313 386 39 10
313 373 66 17
313 229 56 17
313 324 16 4
313 278 47 11
312 33 19 5
312 478 36 7
312 494 29 9
312 417 45 10
312 375 29 8
311 140 6 2
311 321 38 9
311 362 45 14
311 479 39 9
311 292 24 6
310 165 54 12
310 155 19 4
310 361 32 7
310 343 21 6
309 133 36 9
309 405 66 18
309 359 44 10
309 179 21 6
309 327 32 8
308 391 47 12
308 362 50 12
308 281 43 11
308 380 30 11
308 469 57 15
308 212 51 11
308 325 52 13
308 211 63 23
308 183 71 22
307 422 73 17
307 227 60 17
307 230 24 6
307 126 59 11
307 438 91 17
307 456 45 10
307 403 62 16
306 303 74 22
306 461 21 5
306 142 35 9
306 214 52 15
306 186 72 17
305 339 78 20
305 31 64 18
305 175 63 15
305 115 38 7
305 122 60 19
305 473 62 18
305 225 59 15
304 385 39 13
304 158 42 8
304 360 63 15
304 435 75 17
304 424 9 2
304 427 34 12
303 306 76 24
303 142 101 28
303 405 630 182
303 461 98 22
303 94 18 5
303 413 272 77
303 471 223 40
302 205 86 23
302 225 102 29
302 189 83 21
302 217 71 16
302 238 59 20
302 151 34 10
302 299 41 10
301 322 40 11
301 440 32 8
301 46 60 14
301 366 69 13
301 328 121 28
301 277 34 9
301 339 54 15
300 190 79 24
300 498 107 27
300 330 110 23
300 121 10 3
300 486 82 22
300 260 34 7
299 217 78 24
299 302 45 12
299 151 40 11
299 482 139 29
299 237 79 20
299 253 70 18
299 257 78 21
298 351 39 12
298 52 56 18
298 389 33 9
298 106 69 22
298 383 89 17
298 419 93 23
298 202 84 21
297 470 25 8
297 434 30 11
297 496 65 16
297 382 31 8
297 110 23 6
296 493 48 14
296 445 63 19
296 32 57 17
296 99 46 9
296 372 30 6
296 283 13 4
295 11 52 12
295 220 36 8
295 87 19 5
295 105 29 7
295 64 54 11
294 396 28 10
294 168 52 13
294 234 70 20
294 90 20 4
294 103 31 6
294 80 21 7
293 23 53 14
293 433 35 10
293 71 5 1
293 394 63 22
293 292 90 20
293 256 91 17
292 394 73 21
292 293 108 23
292 140 20 6
292 311 20 6
292 479 41 9
292 139 63 18
292 256 121 28
291 62 442 102
291 135 33 7
291 412 43 12
291 367 106 24
291 340 218 62
291 13 43 11
291 28 256 63
291 272 182 43
291 181 135 31
291 16 129 46
290 382 62 20
290 430 29 8
290 204 33 10
290 376 4 1
289 101 51 13
289 399 106 21
289 459 31 7
289 472 67 22
289 468 96 28
289 165 71 19
289 155 33 11
288 232 43 13
288 286 36 10
288 43 27 8
288 191 47 10
288 100 56 18
287 461 52 14
287 186 23 7
287 76 59 20
287 32 48 12
287 445 42 10
286 232 29 8
286 288 41 9
286 100 65 19
286 320 79 24
286 329 90 22
286 26 54 16
286 490 70 16
285 141 16 4
285 351 34 9
285 35 34 8
285 208 84 23
284 61 33 9
284 59 67 15
284 102 73 20
284 498 11 4
284 70 50 12
283 296 11 4
283 99 28 9
283 372 23 5
283 363 48 12
282 145 44 14
282 200 47 15
282 98 41 13
282 82 50 10
282 419 28 6
282 203 32 7
281 369 35 11
281 274 36 9
281 391 36 10
281 308 49 10
281 380 35 10
280 221 66 18
280 434 50 13
280 467 9 3
280 104 5 1
279 370 32 11
279 51 16 4
279 4 32 8
279 318 46 13
279 205 22 6
279 217 56 14
278 499 52 13
278 247 75 16
278 386 80 15
278 313 55 11
278 187 62 17
278 324 50 13
278 117 78 23
277 147 12 4
277 440 11 4
277 122 89 26
277 448 101 23
277 301 36 9
277 339 80 23
276 240 16 5
276 9 39 8
276 442 39 11
276 111 67 18
276 334 72 18
275 409 450 121
275 134 245 66
275 159 220 44
275 34 69 17
275 344 30 9
275 377 59 17
275 62 72 19
274 387 33 7
274 175 75 14
274 473 72 20
274 369 41 8
274 391 48 14
274 281 36 9
273 267 49 15
273 413 33 10
273 337 51 16
273 221 26 7
273 104 97 21
272 38 26 8
272 264 31 9
272 44 32 11
272 92 81 18
272 367 55 17
272 28 103 23
272 291 158 45
271 462 117 28
271 346 49 10
271 86 35 10
271 64 98 34
271 2 41 12
271 16 84 21
271 340 23 7
270 167 86 27
270 488 38 12
270 20 34 8
270 30 21 6
270 163 37 10
270 414 31 8
269 321 56 12
269 479 62 13
269 139 62 21
269 183 32 10
269 188 25 8
269 47 50 15
269 474 47 11
268 357 43 10
268 384 42 9
268 166 13 3
268 390 60 13
268 170 70 18
268 454 61 12
267 334 49 15
267 416 9 2
267 337 67 14
267 273 67 13
267 413 58 21
266 245 29 6
266 130 131 25
266 226 45 12
266 350 46 13
266 251 39 11
265 329 20 6
265 449 26 6
265 26 24 5
265 354 66 12
265 400 54 20
265 453 51 14
264 38 16 5
264 48 10 2
264 367 27 6
264 272 30 8
263 17 62 18
263 223 56 18
263 331 42 14
263 371 23 7
263 164 71 19
263 316 6 2
262 435 39 10
262 492 64 14
262 85 37 13
262 55 50 14
262 429 57 16
262 53 40 10
261 238 42 12
261 151 42 14
261 257 63 17
261 207 61 14
261 45 39 9
260 300 34 8
260 486 48 10
260 342 14 4
260 121 31 10
259 216 9 3
259 145 24 6
259 82 58 16
259 99 77 15
259 493 52 14
258 425 75 21
258 154 67 13
258 157 44 11
258 24 19 5
258 500 31 8
258 195 73 18
257 299 83 23
257 151 80 23
257 261 51 12
257 253 38 9
257 472 30 8
257 207 93 21
257 164 77 17
257 165 59 11
256 293 75 20
256 71 82 23
256 117 95 24
256 292 130 22
256 139 117 21
256 197 75 22
256 232 86 16
255 444 53 15
255 448 67 17
255 491 81 15
255 67 49 14
255 171 78 18
255 252 82 15
254 248 57 11
254 128 96 18
254 420 39 9
254 53 38 11
254 193 79 20
254 460 85 20
254 429 27 8
253 299 63 15
253 237 84 19
253 459 59 14
253 257 40 8
253 472 33 9
252 67 58 17
252 157 43 11
252 255 84 15
252 24 48 14
252 475 25 7
252 171 81 20
252 15 92 25
252 326 68 19
251 226 43 12
251 404 26 7
251 266 39 10
251 350 54 16
251 81 58 13
251 322 25 6
251 440 36 11
250 315 28 8
250 353 67 19
250 481 25 6
250 377 53 12
250 340 204 42
250 62 52 15
249 109 85 21
249 495 26 7
249 379 24 6
249 167 156 40
249 209 71 25
249 192 117 23
248 427 49 12
248 424 12 4
248 128 94 19
248 420 23 5
248 254 50 11
247 499 48 11
247 278 87 21
247 415 17 5
247 433 69 13
247 187 28 7
246 7 14 3
246 332 15 3
246 102 36 12
246 61 60 13
245 402 21 5
245 130 161 34
245 350 44 10
245 266 33 8
244 202 49 16
244 401 10 3
244 149 77 21
244 415 51 11
244 499 28 8
243 413 157 38
243 221 170 42
243 434 72 19
243 110 21 7
243 382 52 13
243 33 97 26
243 430 92 25
242 93 124 40
242 465 11 3
242 168 101 24
242 68 68 17
242 185 49 13
242 89 33 10
241 78 49 17
241 107 69 15
241 66 24 6
241 138 75 18
241 168 63 19
240 9 28 9
240 276 16 5
240 50 105 29
240 334 69 19
240 446 85 26
239 406 74 22
239 344 87 18
239 460 80 19
239 160 20 5
239 377 37 14
239 315 18 4
239 481 25 7
238 189 64 17
238 325 61 13
238 302 72 16
238 151 39 9
238 261 52 11
238 45 88 19
238 3 90 23
237 482 94 17
237 299 93 25
237 119 49 12
237 101 23 5
237 253 73 23
237 459 32 9
236 475 37 9
236 500 50 15
236 195 93 25
236 326 44 11
236 365 56 10
235 319 23 7
235 328 6 2
235 83 67 15
235 387 39 12
234 68 22 6
234 168 54 15
234 294 78 16
234 25 37 9
234 333 34 12
234 90 63 18
233 25 42 15
233 345 42 9
233 408 44 10
233 167 57 13
233 333 77 16
233 10 78 18
233 436 78 18
233 314 59 16
233 6 47 13
232 117 145 25
232 123 156 29
232 197 70 19
232 256 87 21
232 43 57 12
232 320 100 23
232 288 44 12
232 286 34 8
231 466 52 12
231 58 46 13
231 333 59 16
231 426 35 10
231 21 40 9
231 447 61 19
231 10 42 11
231 338 73 16
230 49 72 20
230 422 67 17
230 307 27 7
230 227 49 10
229 57 48 12
229 373 45 10
229 313 50 16
229 477 12 3
229 75 62 15
229 324 53 15
228 371 26 6
228 74 47 12
228 431 38 12
228 347 35 11
228 316 36 8
227 91 63 18
227 148 77 23
227 123 37 8
227 126 52 12
227 49 110 27
227 307 45 12
227 230 41 11
226 130 72 19
226 266 44 16
226 73 46 12
226 251 46 11
226 448 90 20
226 404 29 9
225 115 74 18
225 305 77 15
225 473 19 6
225 162 31 7
225 205 108 27
225 302 97 22
225 189 42 9
225 469 32 8
224 372 24 6
224 50 17 5
224 363 36 8
223 17 43 11
223 207 18 4
223 263 58 13
223 164 17 5
222 208 74 20
222 402 42 9
222 350 39 8
222 398 42 12
222 374 52 12
221 413 45 9
221 273 27 6
221 104 66 23
221 280 79 23
221 243 163 34
221 434 102 24
220 198 72 21
220 441 5 2
220 36 71 19
220 64 71 18
220 295 36 9
220 87 23 5
219 3 49 11
219 211 52 13
219 188 18 7
219 480 45 12
219 331 35 11
219 474 35 12
218 190 31 9
218 330 36 9
218 72 25 6
217 279 42 11
217 318 50 13
217 205 36 10
217 489 64 19
217 348 107 29
217 482 125 23
217 302 65 17
217 299 93 18
216 161 51 12
216 381 26 6
216 145 31 9
216 259 11 2
216 493 75 15
216 152 80 23
215 121 42 11
215 342 64 19
215 18 21 5
215 317 54 12
215 388 59 16
214 142 35 7
214 306 69 14
214 169 34 7
214 336 18 5
214 186 62 14
213 383 49 14
213 149 43 11
213 485 20 6
213 390 32 9
213 454 24 5
212 469 14 3
212 308 39 12
212 325 10 3
212 189 11 4
211 308 80 17
211 183 48 12
211 3 21 5
211 325 70 15
211 219 60 14
211 188 55 18
210 127 52 13
210 364 22 4
210 37 9 3
210 63 31 9
210 176 77 22
209 109 12 3
209 249 94 23
209 192 35 9
208 141 85 27
208 130 226 65
208 402 114 33
208 222 85 19
208 285 84 23
208 35 66 19
208 398 74 17
208 458 53 15
207 261 59 16
207 45 25 5
207 17 50 9
207 257 86 19
207 223 18 4
207 164 35 8
206 348 44 9
206 27 60 13
206 482 10 2
206 131 43 10
205 51 25 6
205 115 84 17
205 279 26 5
205 217 37 11
205 225 83 21
205 302 68 17
204 49 57 16
204 335 35 9
204 382 72 23
204 422 31 11
204 290 34 10
204 5 82 20
204 376 31 9
204 93 77 21
204 69 44 14
203 419 31 8
203 282 31 9
203 202 84 22
203 98 25 7
203 184 78 18
202 298 85 23
202 419 81 22
202 203 77 21
202 383 20 5
202 149 81 22
202 244 51 16
202 184 56 17
202 401 64 17
201 12 39 12
201 430 47 16
201 478 45 16
201 494 46 11
201 455 17 4
201 378 23 6
201 120 34 9
200 52 27 8
200 65 38 8
200 419 32 11
200 145 50 9
200 282 53 11
199 180 70 20
199 104 70 16
199 467 46 13
199 112 41 12
199 148 83 21
199 496 35 7
199 49 69 15
198 342 83 20
198 317 35 9
198 56 20 6
198 220 71 18
198 441 65 20
198 36 17 4
198 462 28 8
197 256 76 25
197 232 61 16
197 139 60 15
197 43 14 5
197 42 35 7
197 113 28 7
196 334 73 26
196 337 47 17
196 104 91 17
196 180 14 5
196 323 59 15
196 177 36 9
195 410 233 77
195 439 234 63
195 425 110 29
195 258 59 19
195 500 42 11
195 236 96 25
195 409 205 59
195 27 162 33
195 365 79 23
195 348 116 32
194 40 74 22
194 487 90 23
194 21 68 18
194 176 16 4
194 39 13 4
194 447 21 6
194 412 50 11
193 159 102 25
193 128 23 6
193 34 46 12
193 129 43 14
193 460 72 17
193 254 82 21
192 109 37 9
192 249 91 27
192 209 45 10
192 20 47 13
192 167 148 36
192 143 56 15
192 88 61 17
191 42 53 13
191 113 49 11
191 43 61 15
191 288 51 12
191 47 80 25
191 100 49 15
191 452 47 13
191 19 90 30
190 316 83 19
190 72 27 9
190 347 65 22
190 218 25 7
190 330 53 15
190 300 97 25
190 498 105 25
189 225 47 9
189 469 9 3
189 302 79 20
189 238 63 16
189 325 18 6
189 212 13 3
188 183 59 12
188 269 23 7
188 211 73 16
188 474 28 7
188 219 21 6
187 247 22 6
187 433 43 11
187 71 53 12
187 117 141 26
187 278 74 21
186 461 72 16
186 287 23 6
186 306 73 16
186 32 41 9
186 418 37 13
186 214 73 19
186 336 66 18
186 442 95 23
185 242 57 15
185 465 70 15
185 89 21 6
185 345 22 6
185 167 61 13
185 408 18 4
184 203 73 22
184 98 82 19
184 202 77 15
184 401 11 3
184 386 76 18
184 499 29 8
183 308 70 21
183 362 73 15
183 321 38 7
183 211 53 13
183 269 31 9
183 188 56 12
182 172 38 14
182 136 37 7
182 14 38 8
182 173 41 14
182 96 51 13
182 444 64 17
181 64 53 14
181 146 56 15
181 368 77 22
181 13 80 27
181 291 147 33
181 16 33 9
180 196 19 5
180 177 18 5
180 148 61 13
180 199 88 17
180 104 83 25
179 405 90 20
179 309 19 6
179 379 50 12
179 495 48 13
179 327 49 11
178 95 37 10
178 423 51 10
178 468 62 16
178 343 129 31
178 134 21 6
178 159 68 15
178 432 96 26
178 358 95 25
177 196 34 7
177 75 64 18
177 323 44 9
177 180 21 5
177 148 38 12
176 40 82 21
176 127 71 18
176 210 85 17
176 194 12 4
176 63 59 17
176 39 3 1
175 366 32 10
175 328 72 16
175 31 32 8
175 305 57 14
175 387 40 11
175 473 80 24
175 274 60 15
174 94 183 41
174 428 57 20
174 461 99 28
174 76 59 15
173 22 51 14
173 463 57 16
173 14 30 9
173 182 48 14
173 483 50 17
173 443 48 14
173 444 58 17
173 491 46 16
172 124 9 2
172 407 120 27
172 463 96 20
172 14 57 16
172 182 43 12
172 136 31 11
172 156 25 5
171 448 104 28
171 255 78 18
171 252 67 18
171 122 49 14
171 15 28 6
170 166 75 20
170 268 66 15
170 454 36 12
170 149 60 14
170 485 43 13
170 319 72 16
170 83 57 15
170 394 96 20
170 23 82 19
169 142 64 13
169 214 27 7
169 471 50 11
169 442 54 13
169 336 12 3
168 107 130 37
168 241 67 21
168 93 199 42
168 138 101 25
168 396 65 12
168 242 136 35
168 68 70 20
168 234 50 13
168 294 73 19
167 465 71 24
167 495 104 28
167 185 53 14
167 249 155 28
167 408 59 17
167 233 75 19
167 436 71 15
167 270 87 24
167 488 79 17
167 20 121 27
167 192 137 33
166 268 11 4
166 319 54 14
166 170 63 15
166 357 38 9
166 46 87 30
165 472 30 8
165 257 59 15
165 164 105 21
165 289 89 18
165 155 61 14
165 310 50 12
165 361 63 14
165 330 118 31
165 72 115 32
164 207 28 9
164 223 15 4
164 257 84 22
164 165 89 21
164 72 75 20
164 263 64 18
164 316 65 20
163 352 35 10
163 436 30 8
163 488 19 4
163 457 25 6
163 92 28 8
163 28 41 8
163 270 38 14
163 414 60 15
162 391 12 4
162 473 18 5
162 469 31 11
162 225 31 8
161 141 174 54
161 428 37 9
161 65 99 23
161 381 36 10
161 152 89 25
161 216 48 12
160 476 42 10
160 460 70 18
160 239 19 5
160 353 52 11
160 315 24 6
159 134 66 13
159 178 64 17
159 275 189 41
159 358 56 14
159 34 122 36
159 128 72 18
159 193 102 18
158 432 17 5
158 385 30 9
158 395 14 4
158 304 35 12
158 427 33 7
157 154 29 7
157 67 27 7
157 258 39 12
157 252 42 11
157 24 24 7
156 124 19 5
156 130 27 7
156 73 42 14
156 136 27 8
156 172 23 6
155 289 43 10
155 165 48 17
155 468 112 29
155 310 15 5
155 343 24 6
154 132 45 8
154 116 54 12
154 425 21 6
154 258 65 14
154 67 38 10
154 157 26 8
153 438 25 5
153 107 62 14
153 456 40 9
153 403 48 13
152 161 92 27
152 428 76 20
152 76 32 7
152 445 63 12
152 493 33 9
152 216 72 17
151 238 42 11
151 302 33 9
151 299 53 11
151 257 92 17
151 261 61 12
150 103 48 14
150 80 51 12
150 487 13 5
150 77 41 13
150 40 13 3
149 383 56 14
149 213 38 10
149 202 87 19
149 244 83 22
149 170 54 12
149 485 27 8
149 23 67 22
149 433 78 20
149 415 54 14
148 75 83 21
148 177 46 13
148 180 63 16
148 114 67 17
148 29 54 14
148 91 43 13
148 227 86 23
148 199 71 25
148 49 113 25
147 404 30 8
147 448 84 27
147 277 11 3
147 440 9 3
146 105 16 5
146 64 32 9
146 368 70 15
146 181 62 16
145 381 37 11
145 65 67 14
145 216 37 10
145 282 46 10
145 200 48 13
145 259 24 7
145 82 66 15
144 326 20 6
144 370 37 10
144 365 39 9
144 497 29 8
144 4 23 5
144 318 33 9
143 405 258 82
143 109 41 10
143 88 23 9
143 192 56 19
142 303 104 22
142 306 40 11
142 214 32 10
142 471 92 22
142 169 47 16
141 130 356 100
141 208 87 23
141 285 20 4
141 161 190 51
141 428 182 55
141 351 46 13
141 52 103 22
141 65 81 22
140 1 36 10
140 394 75 15
140 292 25 6
140 311 7 2
140 362 59 14
139 292 87 22
139 256 111 23
139 479 57 16
139 269 58 22
139 197 55 13
139 47 76 15
139 42 41 10
138 332 112 24
138 7 81 26
138 66 50 13
138 241 55 15
138 102 84 22
138 421 86 19
138 54 49 14
138 396 85 16
138 168 93 25
137 450 11 3
137 60 14 3
137 79 28 7
137 399 35 11
137 409 40 10
136 172 34 10
136 156 31 7
136 182 27 7
136 73 49 14
136 96 43 9
135 39 54 14
135 63 35 10
135 13 12 4
135 291 27 8
135 412 59 13
134 409 168 39
134 423 46 16
134 178 21 6
134 159 63 14
134 275 242 57
133 120 65 14
133 375 39 9
133 309 40 10
133 359 58 12
133 417 44 9
133 405 23 5
132 84 40 10
132 116 33 7
132 108 33 7
132 154 39 11
132 425 21 5
131 206 34 12
131 482 30 8
131 27 59 15
131 60 29 9
131 119 23 5
131 79 32 9
130 407 138 43
130 428 589 122
130 141 295 74
130 124 26 9
130 208 296 59
130 156 26 6
130 73 65 17
130 402 132 42
130 245 151 31
130 266 119 25
130 226 102 27
129 193 56 12
129 34 11 4
129 460 40 11
129 118 23 5
128 358 40 11
128 427 56 19
128 248 93 21
128 159 79 15
128 254 81 25
128 193 18 7
127 77 34 10
127 40 29 9
127 364 37 9
127 41 33 9
127 176 97 17
127 210 52 10
126 227 50 14
126 123 54 17
126 320 10 3
126 403 57 17
126 307 61 14
125 397 37 13
125 341 30 9
125 55 85 18
125 476 48 11
125 2 82 27
125 353 20 6
124 130 26 10
124 156 19 4
124 172 8 2
124 407 114 29
123 117 123 22
123 29 52 13
123 91 35 8
123 232 149 29
123 227 34 8
123 126 65 18
123 320 64 17
122 448 105 32
122 277 89 27
122 339 77 18
122 171 48 12
122 15 45 15
122 305 74 20
122 115 72 19
121 330 124 28
121 300 11 2
121 492 118 29
121 18 65 14
121 215 39 12
121 342 45 12
121 260 40 8
120 494 20 6
120 378 46 9
120 201 38 8
120 359 68 17
120 133 54 14
120 375 54 12
119 482 39 11
119 131 19 6
119 79 25 6
119 237 46 12
119 101 40 8
118 129 22 5
118 460 31 10
118 406 9 3
118 34 28 7
117 187 143 25
117 278 78 21
117 324 73 15
117 71 108 37
117 232 122 28
117 256 95 22
117 123 92 25
117 29 81 21
117 114 56 15
117 451 42 11
117 8 48 13
116 84 25 8
116 491 23 5
116 132 28 7
116 67 48 12
116 154 56 13
115 305 28 8
115 122 54 13
115 15 56 19
115 51 68 17
115 225 88 17
115 205 84 21
114 75 85 18
114 148 58 16
114 29 23 6
114 117 65 15
114 8 13 4
113 197 31 8
113 43 27 10
113 191 47 14
113 42 13 3
112 467 19 6
112 199 55 13
112 496 50 12
112 434 26 7
112 470 18 5
111 442 85 22
111 471 77 16
111 413 83 18
111 416 13 4
111 334 45 13
111 276 80 18
110 434 54 14
110 243 19 7
110 382 27 9
110 297 26 7
109 379 129 25
109 405 217 50
109 249 97 29
109 143 49 11
109 192 37 10
109 209 11 3
108 393 20 7
108 84 24 6
108 439 28 8
108 132 28 7
108 425 61 15
107 403 65 15
107 153 60 14
107 438 69 16
107 5 89 20
107 453 26 9
107 78 16 4
107 241 65 15
107 93 90 31
107 168 106 29
106 389 85 23
106 298 93 18
106 384 22 6
106 458 95 21
106 383 82 21
106 390 25 8
105 295 27 8
105 64 48 11
105 11 64 14
105 37 65 21
105 146 15 4
105 368 65 16
105 63 73 16
104 337 70 18
104 196 65 19
104 273 83 24
104 221 76 22
104 180 87 21
104 199 61 13
104 280 4 2
104 467 16 4
103 54 36 10
103 396 18 5
103 77 53 20
103 150 52 12
103 294 31 6
103 80 38 9
102 61 64 19
102 246 50 11
102 332 52 14
102 284 74 20
102 59 41 13
102 421 63 15
102 138 67 24
101 119 42 10
101 237 18 5
101 79 24 5
101 399 79 16
101 459 41 12
101 289 58 13
100 288 52 14
100 286 60 15
100 490 22 6
100 191 55 16
100 452 63 17
100 349 22 8
99 259 66 21
99 493 60 11
99 296 45 9
99 82 34 8
99 283 38 8
99 363 43 12
98 282 39 12
98 82 51 13
98 203 30 8
98 184 84 23
98 386 101 26
98 363 77 15
97 22 4 2
97 483 19 5
97 410 35 10
96 136 37 9
96 73 53 18
96 182 37 10
96 448 36 11
96 444 59 14
95 399 57 15
95 468 22 7
95 178 39 14
95 423 2 1
94 174 155 37
94 428 226 52
94 303 19 5
94 461 97 28
93 204 84 20
93 69 66 16
93 5 41 11
93 107 109 27
93 465 128 31
93 242 156 29
93 168 153 50
93 355 33 10
93 411 59 21
92 163 31 8
92 44 71 14
92 457 14 3
92 28 25 5
92 272 76 22
91 148 54 11
91 227 61 14
91 29 18 5
91 123 37 9
90 234 55 17
90 294 17 5
90 80 13 5
90 466 20 6
90 333 38 11
89 242 38 9
89 185 29 6
89 68 30 9
89 345 33 10
88 20 97 24
88 143 26 7
88 192 79 19
88 30 109 24
88 28 173 43
88 414 127 23
87 441 20 5
87 11 43 9
87 295 15 5
87 220 17 5
86 346 12 4
86 271 32 10
86 2 17 4
85 492 64 21
85 18 64 14
85 262 51 11
85 55 37 9
85 356 93 21
85 388 96 17
84 393 23 7
84 443 19 4
84 108 19 6
84 132 42 10
84 491 27 10
84 116 28 8
83 319 69 17
83 235 53 14
83 170 66 18
83 387 55 15
83 369 46 12
83 1 71 19
83 394 58 21
82 145 53 15
82 259 61 14
82 282 41 12
82 98 50 10
82 99 31 9
82 363 57 17
81 350 30 9
81 374 29 7
81 251 69 16
81 357 79 23
81 46 13 4
81 322 49 15
80 90 16 4
80 150 47 14
80 466 18 6
80 58 14 4
80 487 56 13
80 103 35 10
80 294 24 6
79 131 35 9
79 119 32 7
79 60 35 8
79 137 24 8
79 101 23 7
79 399 54 18
78 107 15 4
78 241 65 18
78 453 23 6
78 66 67 14
77 103 54 18
77 41 18 4
77 421 51 14
77 54 53 11
77 127 44 9
77 150 48 12
77 40 54 11
76 174 45 15
76 428 87 17
76 152 26 8
76 461 89 25
76 445 76 22
76 287 59 17
75 477 58 12
75 229 55 12
75 446 43 11
75 324 83 17
75 451 66 17
75 8 66 22
75 114 72 18
75 148 83 20
75 323 30 9
75 177 67 15
74 474 82 24
74 331 74 17
74 47 69 18
74 371 45 13
74 228 37 12
74 431 55 13
74 19 55 12
73 156 55 11
73 130 55 15
73 136 48 10
73 96 50 15
73 448 92 24
73 226 47 11
72 164 86 20
72 316 85 19
72 190 39 10
72 165 135 31
72 330 55 11
72 218 23 7
71 187 46 12
71 293 4 1
71 433 33 8
71 256 72 23
71 117 143 33
70 498 42 11
70 284 39 10
70 59 52 11
70 486 39 11
69 376 27 7
69 204 39 10
69 93 81 18
69 12 14 3
69 455 44 9
69 355 58 16
68 234 19 5
68 168 79 20
68 242 55 18
68 25 39 10
68 89 34 9
68 345 42 10
67 116 45 14
67 491 55 13
67 255 56 14
67 154 32 8
67 252 50 17
67 157 32 8
66 400 60 13
66 453 68 19
66 78 73 18
66 7 130 31
66 138 48 15
66 241 27 7
65 161 113 28
65 141 103 26
65 52 53 11
65 381 86 17
65 145 71 16
65 200 35 12
64 36 77 20
64 220 73 15
64 295 56 14
64 105 35 12
64 462 80 18
64 16 62 18
64 271 101 27
64 181 71 17
64 146 35 9
63 37 29 7
63 210 40 9
63 105 62 17
63 368 47 10
63 176 67 13
63 39 56 15
63 135 37 9
63 13 36 10
62 275 58 18
62 377 22 6
62 250 69 13
62 340 276 65
62 291 551 129
61 484 45 9
61 431 74 20
61 498 54 13
61 284 34 8
61 7 63 16
61 102 82 21
61 246 59 14
60 27 74 14
60 131 32 9
60 409 47 9
60 450 7 2
60 79 32 8
60 137 12 5
59 284 78 20
59 102 55 11
59 70 45 14
59 486 68 19
59 421 59 17
59 392 63 19
58 466 13 4
58 80 20 5
58 487 46 10
58 231 46 11
58 426 38 10
57 50 26 7
57 373 31 8
57 363 49 10
57 477 47 12
57 229 59 11
56 317 34 9
56 198 25 6
56 388 18 5
56 462 27 6
56 356 57 16
55 262 47 16
55 85 36 9
55 429 87 20
55 397 68 17
55 125 81 20
55 356 77 20
55 2 85 28
54 138 50 13
54 396 43 10
54 103 37 12
54 421 49 16
54 77 44 12
53 424 46 10
53 435 30 10
53 420 19 5
53 254 33 9
53 429 51 11
53 262 34 11
52 141 84 28
52 65 40 12
52 200 25 8
52 351 70 23
52 419 37 12
52 298 53 17
51 15 70 19
51 115 57 16
51 370 37 9
51 205 26 6
51 279 20 5
50 372 37 10
50 9 90 27
50 363 45 11
50 224 16 4
50 57 20 6
50 240 99 23
50 446 85 19
50 477 67 16
49 148 98 26
49 199 66 15
49 496 36 9
49 227 77 27
49 230 60 18
49 382 78 22
49 204 63 15
49 422 31 10
49 335 37 9
48 10 49 12
48 38 22 7
48 264 10 3
48 367 18 5
48 338 29 8
47 269 51 12
47 139 64 17
47 42 46 12
47 474 27 7
47 74 99 20
47 191 107 25
47 19 87 21
46 81 13 4
46 322 45 11
46 301 65 13
46 328 124 32
46 319 105 25
46 357 95 17
46 166 115 23
45 238 85 21
45 3 72 16
45 480 52 11
45 261 45 10
45 17 34 8
45 207 28 6
44 352 50 12
44 10 71 17
44 314 23 6
44 38 35 10
44 272 31 11
44 92 69 15
44 457 60 15
43 232 55 12
43 197 16 5
43 113 29 9
43 191 60 14
43 288 36 9
42 197 26 8
42 139 45 13
42 47 46 12
42 191 56 17
42 113 11 3
41 421 53 18
41 77 15 5
41 392 99 21
41 11 85 23
41 364 49 16
41 127 41 10
40 77 42 11
40 150 13 4
40 127 27 9
40 176 90 22
40 487 20 6
40 194 81 21
39 194 16 4
39 63 63 17
39 176 3 1
39 135 55 14
39 412 41 9
38 44 37 8
38 48 28 7
38 10 50 10
38 272 28 7
38 264 22 5
37 364 25 8
37 210 11 3
37 63 31 7
37 11 36 9
37 105 83 18
36 220 66 19
36 198 18 5
36 64 67 16
36 462 25 5
35 285 44 8
35 208 65 20
35 458 54 17
35 389 35 9
35 351 28 9
34 159 146 30
34 193 56 14
34 275 86 17
34 344 41 11
34 129 10 4
34 118 27 6
34 406 33 7
33 413 225 69
33 243 97 25
33 417 66 12
33 312 17 6
33 478 35 8
33 430 67 19
32 287 42 13
32 186 43 12
32 445 12 3
32 296 69 17
32 418 37 8
32 372 87 23
31 366 18 4
31 339 19 5
31 175 27 8
31 305 66 20
30 20 20 6
30 270 19 5
30 88 100 27
30 414 22 4
29 117 82 21
29 114 22 7
29 148 49 16
29 91 22 5
29 123 60 14
28 163 43 9
28 92 18 5
28 291 283 68
28 272 82 21
28 88 145 36
28 414 44 12
27 195 153 31
27 348 82 23
27 206 49 14
27 409 70 16
27 131 64 14
27 60 56 18
26 329 40 8
26 286 70 15
26 490 19 4
26 265 23 6
26 354 39 13
26 349 48 10
25 234 29 10
25 68 31 9
25 333 30 7
25 345 25 5
25 233 54 12
24 157 21 6
24 258 19 5
24 252 53 13
24 475 37 9
24 500 54 11
23 149 80 23
23 170 77 16
23 394 27 7
23 293 50 14
23 433 33 8
22 407 32 7
22 410 41 9
22 464 25 7
22 463 42 11
22 97 6 2
22 173 48 15
22 483 23 7
21 426 4 1
21 487 31 7
21 194 68 21
21 231 35 8
21 447 74 21
20 167 128 30
20 192 46 13
20 270 27 9
20 88 90 23
20 30 19 5
19 47 91 22
19 191 111 28
19 452 59 16
19 484 15 4
19 431 53 16
19 74 37 13
18 121 48 15
18 492 74 20
18 85 58 13
18 388 63 15
18 215 21 6
17 480 23 6
17 45 44 10
17 207 48 12
17 331 44 10
17 263 66 19
17 223 60 12
16 64 70 19
16 271 87 22
16 340 91 25
16 181 23 7
16 291 178 36
15 171 25 6
15 122 58 15
15 252 76 22
15 326 77 20
15 370 61 11
15 115 73 18
15 51 80 16
14 172 64 17
14 463 54 14
14 182 36 8
14 173 27 6
13 368 28 7
13 63 36 13
13 135 10 3
13 291 33 9
13 181 78 20
12 376 29 6
12 430 34 12
12 201 43 12
12 69 10 4
12 455 36 10
11 392 73 17
11 41 72 21
11 364 28 8
11 441 59 12
11 87 44 10
11 295 37 13
11 37 37 11
11 105 67 19
10 333 94 20
10 233 87 21
10 231 44 9
10 338 64 11
10 44 53 14
10 314 48 16
10 48 58 13
10 38 38 12
9 418 39 9
9 372 96 20
9 50 78 26
9 240 35 8
9 276 38 9
9 442 55 14
8 75 62 22
8 114 13 4
8 117 57 14
8 451 5 2
7 452 76 14
7 484 75 21
7 400 107 22
7 354 99 27
7 61 52 15
7 332 1 1
7 246 10 3
7 138 107 27
7 66 102 25
6 436 29 8
6 352 12 3
6 314 26 6
6 233 53 15
5 422 79 28
5 204 80 20
5 438 8 3
5 93 44 10
5 107 73 20
4 370 24 9
4 144 20 6
4 279 25 6
4 318 34 9
3 325 67 21
3 211 21 5
3 238 82 20
3 219 45 13
3 45 58 17
3 480 26 10
2 55 100 25
2 125 117 25
2 356 52 12
2 346 25 7
2 86 17 4
2 353 115 30
2 271 36 9
2 340 37 12
1 83 83 19
1 394 52 13
1 369 54 14
1 380 59 13
1 140 37 11
1 362 42 10
