nnodes narcs source target drone_limit type
100 570 22 29 146 drone_routing_pli_project1
nodename posx posy
100 255.477 332.502
99 776.305 358.752
98 909.14 241.839
97 559.8 461.545
96 518.156 222.922
95 347.003 532.489
94 403.712 789.385
93 986.365 854.204
92 62.8703 271.533
91 584.878 990.01
90 359.005 92.2879
89 368.305 746.23
88 278.473 759.682
87 455.532 721.218
86 351.526 802.401
85 390.017 797.101
84 606.628 289.605
83 615.735 528.146
82 119.61 170.094
81 288.444 647.412
80 938.849 541.415
79 224.244 351.946
78 318.297 78.5905
77 676.791 621.591
76 721.849 286.201
75 444.447 297.17
74 222.31 417.029
73 403.485 694.523
72 500.06 865.633
71 479.247 100.126
70 241.247 495.344
69 761.917 4.53379
68 980.596 701.042
67 577.264 539.081
66 264.393 415.976
65 886.978 430.523
64 906.179 716.219
63 141.76 253.816
62 349.674 998.072
61 288.697 705.141
60 65.4426 848.23
59 859.893 630.505
58 112.047 999.277
57 181.251 208.749
56 657.765 79.2935
55 649.732 815.114
54 351.224 998.363
53 567.419 980.514
52 961.193 650.371
51 196.136 544.511
50 986.934 388.857
49 934.031 593.341
48 827.234 313.347
47 913.949 329.182
46 242.004 489.496
45 903.235 368.426
44 945.25 643.744
43 338.136 584.941
42 229.342 801.76
41 267.4 953.097
40 81.8416 569.725
39 195.334 593.232
38 658.511 937.884
37 512.247 552.193
36 607.099 375.62
35 759.929 670.62
34 280.868 704.665
33 203.298 88.5762
32 569.775 509.565
31 540.184 647.78
30 939.328 259.061
29 474.992 272.491
28 377.366 564.835
27 876.027 696.759
26 679.633 150.975
25 319.815 982.327
24 774.809 813.267
23 660.036 702.546
22 314.577 436.784
21 426.58 500.941
20 296.934 646.692
19 116.756 750.923
18 110.957 884.096
17 962.459 12.0538
16 694.994 228.603
15 392.896 899.323
14 891.081 593.873
13 932.664 340.327
12 6.57788 573.299
11 622.059 210.893
10 806.502 140.473
9 584.649 216.588
8 950.854 153.56
7 132.554 64.1665
6 351.209 573.345
5 750.497 366.274
4 187.59 990.434
3 565.489 1.76691
2 834.817 335.986
1 41.6303 454.492
tail head car_cost drone_cost
100 75 214 52
100 90 272 72
100 22 103 30
100 79 30 9
100 66 72 24
100 57 170 37
100 63 163 35
99 2 71 17
99 48 70 20
99 65 129 37
99 76 97 22
99 5 32 8
98 8 90 27
98 30 29 9
98 47 72 23
98 10 121 42
98 48 92 32
97 83 85 22
97 36 102 21
97 32 52 14
97 37 98 25
97 75 184 41
97 21 157 29
96 84 132 25
96 9 76 16
96 71 121 31
96 29 65 17
95 28 45 10
95 21 102 25
95 6 39 11
95 43 60 16
95 70 130 33
95 46 116 24
95 22 120 27
94 72 133 37
94 87 81 22
94 15 114 24
94 89 65 12
94 85 13 5
93 50 479 109
93 91 453 116
93 38 329 71
93 24 210 59
93 64 138 37
93 68 123 37
92 7 183 59
92 82 105 34
92 63 67 21
92 79 176 51
92 12 344 84
92 1 212 42
91 93 422 91
91 38 88 21
91 53 19 5
91 54 239 51
90 71 122 25
90 3 261 57
90 29 230 56
90 75 203 49
90 100 237 70
90 78 43 11
90 57 195 56
89 94 65 12
89 87 81 26
89 73 69 17
89 85 60 15
89 86 53 13
89 61 100 20
89 88 93 26
88 89 84 25
88 61 57 14
88 34 57 14
88 42 61 18
88 86 100 18
87 55 198 57
87 31 127 23
87 72 140 31
87 94 96 21
87 73 64 13
87 89 108 25
86 85 37 11
86 89 64 18
86 15 97 26
86 41 206 50
86 88 90 25
86 42 135 26
85 94 14 4
85 15 98 28
85 89 47 15
85 86 33 9
84 76 110 25
84 16 114 23
84 11 91 20
84 36 98 20
84 29 126 27
84 96 96 27
84 9 63 23
83 5 181 47
83 32 59 13
83 36 144 37
83 97 89 26
83 67 45 11
83 77 113 30
82 57 83 17
82 33 122 34
82 7 86 29
82 92 102 24
82 63 72 22
81 20 8 3
81 43 69 21
81 61 64 18
81 39 103 29
81 34 69 15
80 50 131 39
80 52 95 26
80 49 45 13
80 65 140 36
80 14 70 16
79 100 34 10
79 66 69 23
79 74 63 18
79 1 221 57
79 63 124 39
79 92 184 43
78 3 286 64
78 7 192 50
78 90 38 10
78 33 94 31
78 57 207 47
77 14 217 53
77 59 204 47
77 65 233 85
77 5 293 65
77 35 81 20
77 23 73 21
77 31 159 30
77 67 112 31
77 83 124 27
76 48 103 23
76 99 107 20
76 10 198 44
76 84 108 25
76 16 64 19
76 36 143 31
76 5 86 25
75 97 213 42
75 36 165 52
75 29 44 11
75 21 173 54
75 22 217 55
75 90 259 65
75 100 175 51
74 66 38 11
74 79 53 15
74 46 84 21
74 1 190 47
74 51 123 30
73 31 163 36
73 37 203 40
73 87 65 17
73 89 58 19
73 28 111 37
73 61 114 32
73 20 115 26
73 43 139 27
72 38 172 49
72 55 130 33
72 53 121 32
72 15 107 23
72 87 152 33
72 94 133 30
71 9 180 44
71 56 179 40
71 3 144 33
71 96 129 36
71 90 131 27
71 29 142 43
70 95 107 31
70 46 7 2
70 51 79 15
70 43 159 29
69 17 203 59
69 3 214 40
69 56 125 39
69 10 128 33
68 50 312 77
68 52 59 13
68 64 62 20
68 93 145 35
67 77 117 28
67 83 38 9
67 31 104 32
67 32 32 7
67 37 74 15
66 74 47 12
66 46 77 19
66 22 62 13
66 100 95 21
66 79 66 17
65 80 106 33
65 50 116 25
65 45 53 18
65 14 144 38
65 2 93 29
65 99 151 28
65 5 127 44
65 77 273 59
64 52 73 25
64 44 95 20
64 93 135 48
64 68 66 16
64 27 29 8
64 24 181 45
63 100 122 38
63 57 53 17
63 82 90 23
63 92 72 24
63 79 130 37
62 15 94 30
62 54 2 1
62 25 37 9
62 4 179 42
61 73 125 29
61 20 49 15
61 89 75 25
61 88 63 16
61 81 67 16
61 34 8 2
60 58 151 33
60 18 58 17
60 19 89 25
60 12 295 57
59 44 72 23
59 14 41 10
59 27 77 17
59 77 215 49
59 35 114 23
58 54 276 72
58 4 87 21
58 18 104 35
58 60 156 40
57 90 180 44
57 78 194 50
57 33 124 29
57 82 59 20
57 100 174 35
57 63 70 13
56 69 123 35
56 10 155 38
56 11 115 34
56 26 77 22
56 9 183 41
56 3 122 33
56 71 174 51
55 24 116 32
55 23 100 25
55 38 120 37
55 72 166 48
55 31 189 50
55 87 218 47
54 91 252 67
54 53 176 57
54 15 94 29
54 58 222 49
54 62 2 1
54 4 150 46
53 38 97 22
53 91 18 4
53 54 216 59
53 72 113 28
53 15 208 53
52 68 63 15
52 50 292 74
52 64 91 21
52 44 15 5
52 80 97 23
52 49 61 13
51 43 175 39
51 70 55 20
51 46 80 15
51 74 150 28
51 39 42 12
51 40 101 28
51 1 148 42
50 93 400 119
50 68 355 74
50 52 300 78
50 17 368 100
50 80 138 39
50 8 211 72
50 30 156 32
50 65 123 26
50 45 89 25
50 13 69 22
49 52 67 16
49 80 53 12
49 14 49 11
49 44 61 13
48 47 77 21
48 98 106 27
48 10 196 40
48 76 95 25
48 99 70 18
48 2 28 7
47 30 74 20
47 2 89 22
47 45 47 11
47 13 25 7
47 98 99 24
47 48 98 27
46 95 96 28
46 22 87 24
46 66 70 23
46 70 8 2
46 74 65 21
46 51 79 20
45 47 43 9
45 50 97 21
45 13 40 12
45 2 77 17
45 65 70 16
44 52 18 4
44 64 79 18
44 27 97 22
44 59 103 19
44 14 66 18
44 49 61 13
43 95 48 15
43 28 39 14
43 6 18 4
43 20 63 21
43 73 139 35
43 81 90 23
43 39 123 37
43 51 137 31
43 70 148 35
42 88 69 17
42 86 126 26
42 34 94 26
42 41 126 45
42 19 126 27
42 18 163 35
41 15 112 38
41 25 63 16
41 86 190 41
41 4 93 26
41 42 173 46
41 18 170 45
40 39 96 24
40 51 139 27
40 19 206 53
40 1 146 34
40 12 86 16
39 81 100 28
39 43 119 35
39 51 56 12
39 34 169 31
39 40 128 34
39 19 154 36
38 93 383 84
38 24 179 40
38 91 78 21
38 53 114 24
38 55 101 29
38 72 188 51
37 67 56 15
37 32 65 16
37 97 113 26
37 31 110 22
37 73 163 48
37 21 85 30
37 28 149 31
36 5 170 40
36 76 142 32
36 83 145 41
36 97 92 23
36 84 79 26
36 75 184 39
36 29 186 48
35 27 132 25
35 59 126 33
35 77 78 26
35 23 84 28
35 24 167 30
34 61 10 2
34 81 65 16
34 88 57 14
34 42 127 33
34 39 168 40
34 19 157 44
33 78 116 35
33 57 126 31
33 7 89 20
33 82 113 29
32 83 52 14
32 67 28 8
32 97 45 15
32 37 82 16
31 23 113 40
31 77 137 36
31 67 125 31
31 55 167 45
31 87 121 33
31 37 87 26
31 73 130 41
30 8 100 29
30 50 155 31
30 13 87 18
30 98 28 8
30 47 70 20
29 84 159 30
29 96 70 14
29 71 191 46
29 90 254 47
29 75 35 9
29 36 144 47
28 37 119 40
28 21 75 21
28 73 115 28
28 95 50 10
28 43 53 13
28 6 30 8
27 44 90 18
27 64 38 10
27 24 150 45
27 59 62 17
27 35 123 25
26 10 130 31
26 56 75 17
26 11 100 22
26 16 87 20
25 15 98 24
25 62 33 9
25 41 71 15
25 4 142 28
24 93 176 50
24 64 166 34
24 27 154 45
24 38 199 38
24 55 111 35
24 23 130 44
24 35 128 42
23 77 79 18
23 24 185 32
23 35 117 27
23 31 142 31
23 55 123 25
22 21 139 33
22 75 225 41
22 100 115 27
22 95 83 21
22 46 76 25
22 66 54 15
21 97 134 41
21 75 220 54
21 37 94 23
21 28 96 23
21 22 128 37
21 95 85 23
20 73 128 27
20 43 81 17
20 81 11 2
20 61 60 17
19 34 196 40
19 39 147 46
19 42 126 37
19 18 156 38
19 60 126 27
19 40 159 42
19 12 250 58
18 41 154 42
18 4 111 32
18 42 137 32
18 19 112 40
18 58 95 34
18 60 49 17
17 50 369 101
17 8 158 36
17 69 186 53
17 10 189 43
16 10 154 36
16 76 71 18
16 84 118 23
16 11 70 21
16 26 73 17
15 53 196 49
15 72 118 23
15 94 115 27
15 54 125 27
15 85 85 21
15 25 102 27
15 62 108 29
15 86 115 22
15 41 134 41
14 80 73 19
14 44 63 16
14 49 46 10
14 59 55 14
14 65 150 45
14 77 240 46
13 30 71 21
13 47 22 5
13 45 41 9
13 50 87 18
12 60 239 58
12 19 219 60
12 40 87 17
12 92 275 88
12 1 114 34
11 56 141 32
11 9 45 10
11 84 83 19
11 16 66 18
11 26 75 24
10 8 162 39
10 17 242 48
10 98 158 34
10 48 164 42
10 76 164 42
10 16 149 30
10 26 141 33
10 69 125 36
10 56 149 39
9 11 36 12
9 56 147 43
9 71 146 36
9 96 73 17
9 84 63 18
8 17 142 33
8 30 107 23
8 50 201 61
8 10 139 40
8 98 89 24
7 3 405 129
7 78 155 40
7 33 71 20
7 92 262 53
7 82 112 24
6 95 48 10
6 43 17 5
6 28 24 6
5 99 28 7
5 65 138 46
5 77 284 72
5 83 199 64
5 36 165 40
5 76 98 21
4 54 152 35
4 62 137 43
4 25 135 30
4 41 91 24
4 18 149 36
4 58 73 22
3 69 236 49
3 56 119 28
3 71 153 39
3 7 382 121
3 78 235 73
3 90 195 57
2 47 89 21
2 45 62 17
2 65 124 30
2 99 67 14
2 48 20 6
1 74 206 41
1 51 209 51
1 79 240 58
1 40 105 27
1 92 220 50
1 12 135 34
