nnodes narcs source target drone_limit type
100 570 10 7 76 drone_routing_pli_project1
nodename posx posy
100 313.375 356.919
99 138.576 324.542
98 887.267 935.736
97 361.04 294.129
96 982.654 424.799
95 692.16 348.364
94 267.614 195.956
93 108.475 633.977
92 381.095 584.712
91 582.319 744.311
90 629.947 509.687
89 309.98 909.89
88 521.718 187.516
87 342.245 998.376
86 918.715 107.21
85 647.838 117.397
84 370.014 842.703
83 984.627 211.654
82 370.323 876.152
81 156.929 313.467
80 14.4179 480.073
79 648.407 544.528
78 666.445 825.523
77 509.378 561.413
76 795.101 917.522
75 187.364 608.134
74 285.441 138.46
73 584.459 389.7
72 119.919 145.332
71 540.938 549.906
70 915.983 516.798
69 639.268 47.1202
68 52.8214 889.941
67 326.361 330.965
66 950.31 732.464
65 916.203 72.1121
64 960.209 341.43
63 783.527 662.861
62 571.614 981.366
61 637.536 648.123
60 544.681 219.022
59 990.181 259.641
58 790.872 784.875
57 45.3586 889.761
56 483.298 607.65
55 144.873 468.435
54 973.003 802.14
53 446.978 596.072
52 618.948 226.235
51 688.768 967.755
50 920.574 3.40011
49 121.3 117.664
48 228.58 984.55
47 104.79 67.3954
46 455.309 210.132
45 431.035 813.444
44 311.024 850.63
43 393.687 207.332
42 653.518 32.2673
41 568.537 120.65
40 99.8224 184.451
39 481.517 535.211
38 451.108 725.892
37 39.8762 528.416
36 112.917 796.155
35 161.674 943.032
34 237.152 456.745
33 262.222 730.469
32 1.2558 58.3692
31 616.942 663.315
30 302.097 885.499
29 513.893 936.681
28 252.313 442.23
27 103.227 463.561
26 597.471 890.237
25 934.435 746.014
24 442.228 855.491
23 6.47672 635
22 198.543 609.662
21 323.826 125.034
20 211.685 138.647
19 207.937 347.634
18 139.709 827.551
17 135.458 896.491
16 465.894 21.2827
15 510.284 538.285
14 914.442 24.5556
13 296.743 721.587
12 467.928 755.911
11 788.292 311.839
10 897.465 197.942
9 324.264 857.388
8 507.414 530.33
7 532.589 868.111
6 256.372 792.962
5 627.09 987.452
4 682.985 612.102
3 553.675 217.735
2 573.263 801.507
1 912.433 159.083
tail head car_cost drone_cost
100 39 231 68
100 67 33 7
100 92 269 50
100 19 123 31
100 28 117 25
99 19 66 22
99 81 24 5
99 55 144 35
99 27 157 33
99 40 162 33
99 80 213 59
98 54 158 47
98 5 215 70
98 51 206 56
98 58 187 48
98 76 101 28
97 73 221 58
97 46 119 29
97 43 96 25
97 94 137 30
97 39 324 68
97 67 57 15
96 59 180 35
96 54 450 103
96 66 319 77
96 64 72 24
96 70 107 33
95 70 271 69
95 11 98 24
95 79 180 60
95 90 165 52
95 52 126 42
95 73 129 28
94 97 113 38
94 43 143 36
94 21 93 21
94 74 62 15
94 67 139 42
94 19 187 43
94 81 189 39
94 20 68 24
94 40 174 47
93 55 179 37
93 75 89 24
93 33 168 43
93 36 157 49
93 37 107 28
93 23 105 21
92 39 100 31
92 38 163 37
92 53 57 19
92 13 148 40
92 100 198 62
92 22 186 52
92 34 193 53
92 28 206 57
91 31 90 24
91 78 135 32
91 2 53 13
91 12 132 28
91 56 158 45
91 38 146 35
90 95 181 37
90 79 47 9
90 71 90 27
90 8 137 37
90 73 131 32
89 82 82 16
89 87 113 28
89 9 47 15
89 30 31 6
89 48 119 26
88 3 51 13
88 41 86 21
88 60 39 12
88 16 181 50
88 46 68 17
87 5 339 65
87 62 267 48
87 29 208 47
87 82 130 26
87 89 81 25
87 48 110 25
86 83 144 34
86 1 53 14
86 65 40 10
86 85 249 60
85 86 299 81
85 65 248 64
85 1 306 63
85 10 288 77
85 42 84 24
85 11 283 55
85 69 74 17
85 41 79 19
85 52 105 27
84 24 65 19
84 45 76 14
84 9 42 11
84 82 34 7
84 13 160 33
84 44 59 14
83 59 51 11
83 50 178 57
83 65 184 35
83 86 142 26
83 1 82 27
83 10 72 26
82 29 173 38
82 24 84 19
82 87 102 36
82 89 68 21
82 84 35 10
82 9 60 14
81 94 139 40
81 19 59 13
81 40 157 31
81 99 21 6
80 27 73 20
80 99 204 51
80 37 47 14
80 40 296 83
80 32 352 123
80 23 143 36
79 70 221 69
79 95 190 54
79 4 70 17
79 61 104 28
79 90 38 10
79 71 93 30
78 76 162 34
78 58 151 37
78 63 204 41
78 51 142 36
78 26 104 21
78 31 168 36
78 61 212 52
78 91 111 26
78 2 100 26
77 15 27 7
77 71 33 9
77 56 56 15
77 39 39 11
77 53 83 21
76 98 101 27
76 51 104 30
76 58 147 32
76 78 165 32
75 34 179 39
75 22 12 3
75 55 151 32
75 93 93 17
75 33 172 42
74 20 82 16
74 94 60 13
74 21 37 9
73 95 126 29
73 52 165 50
73 90 147 34
73 8 144 39
73 3 142 45
73 97 271 51
73 39 175 48
73 46 264 65
73 60 207 38
72 49 30 6
72 20 84 26
72 32 164 37
72 40 37 10
71 61 130 35
71 79 107 28
71 90 88 29
71 8 40 10
71 31 131 35
71 15 36 10
71 77 28 10
71 56 98 19
70 96 128 26
70 64 203 44
70 63 197 43
70 66 252 52
70 79 285 65
70 4 279 70
70 95 231 80
70 11 273 73
69 42 21 6
69 85 79 19
69 16 200 38
69 41 111 25
68 17 88 18
68 35 125 31
68 18 102 29
68 36 116 33
68 57 7 3
67 100 30 8
67 39 235 53
67 97 55 14
67 94 129 36
67 19 142 25
66 96 271 82
66 54 81 16
66 25 22 6
66 70 186 49
66 63 158 37
65 83 175 42
65 50 66 21
65 86 30 10
65 85 249 67
65 42 318 79
65 14 55 13
64 59 104 23
64 96 85 18
64 70 151 53
64 10 136 46
64 11 150 48
63 25 197 40
63 70 227 49
63 66 186 46
63 58 133 29
63 78 213 49
63 4 135 33
63 61 165 38
62 5 61 12
62 26 86 23
62 29 66 18
62 87 225 64
61 63 119 37
61 4 61 13
61 79 100 27
61 71 153 30
61 31 29 6
61 78 206 40
60 3 11 3
60 88 42 11
60 46 97 19
60 73 180 44
59 54 503 133
59 96 173 46
59 64 75 18
59 83 49 11
59 10 105 30
58 54 206 54
58 25 129 36
58 98 148 46
58 76 145 34
58 63 99 27
58 78 126 30
57 48 204 51
57 35 141 30
57 68 8 3
57 36 109 28
57 23 273 56
56 31 157 35
56 71 68 25
56 77 64 13
56 91 192 35
56 53 35 10
56 38 123 37
55 34 87 22
55 19 134 33
55 75 151 42
55 93 151 45
55 99 119 37
55 27 44 12
55 37 128 25
54 59 459 114
54 96 343 110
54 98 138 46
54 66 66 15
54 25 72 16
54 58 191 44
53 77 83 21
53 56 32 12
53 39 58 20
53 92 76 18
53 38 152 32
52 11 174 38
52 85 94 24
52 95 157 43
52 73 160 49
52 3 77 15
52 41 105 28
51 98 219 48
51 76 141 33
51 5 57 20
51 78 124 34
51 26 119 31
50 83 233 51
50 14 25 5
50 65 58 15
50 16 382 124
50 42 281 74
49 20 88 21
49 72 32 8
49 47 46 16
49 32 147 36
48 87 104 34
48 89 100 24
48 30 112 28
48 35 66 19
48 57 204 48
47 16 356 99
47 21 258 64
47 20 130 37
47 32 87 22
47 49 62 12
46 88 73 17
46 16 221 57
46 73 210 47
46 60 102 24
46 43 71 19
46 97 149 33
45 7 111 31
45 12 82 15
45 38 97 27
45 24 36 10
45 13 163 45
45 84 77 16
44 84 62 17
44 9 15 5
44 30 42 11
44 13 149 34
44 6 76 17
43 16 234 59
43 46 73 14
43 97 94 20
43 21 103 28
43 94 126 38
42 50 269 80
42 65 263 59
42 14 299 62
42 85 77 21
42 16 208 39
42 69 22 5
41 69 107 31
41 85 82 23
41 3 100 23
41 52 118 26
41 16 118 37
41 88 86 18
40 94 140 39
40 81 140 42
40 20 129 31
40 72 36 11
40 99 162 34
40 32 191 44
40 80 271 64
39 8 28 7
39 15 33 8
39 73 201 51
39 77 37 11
39 53 69 17
39 92 91 32
39 100 210 62
39 97 234 54
39 67 242 53
38 91 142 29
38 56 138 27
38 12 32 8
38 45 82 27
38 13 169 35
38 92 178 33
38 53 150 38
37 93 119 37
37 27 105 22
37 55 135 31
37 80 45 14
37 23 103 33
36 6 117 30
36 33 154 35
36 18 34 10
36 68 133 32
36 93 164 45
36 23 164 52
36 57 131 24
35 30 137 38
35 48 77 22
35 57 111 28
35 17 58 15
35 68 114 28
34 92 203 57
34 28 25 5
34 22 147 39
34 19 124 33
34 55 85 21
34 75 189 43
33 13 30 8
33 6 57 13
33 36 144 47
33 22 128 39
33 75 152 33
33 93 178 42
32 16 488 116
32 72 161 39
32 47 116 30
32 49 110 33
32 40 132 36
32 80 395 96
32 23 617 123
31 78 196 35
31 61 28 6
31 91 100 19
31 71 148 40
31 56 125 31
30 9 39 10
30 89 24 6
30 44 31 11
30 48 112 28
30 35 174 38
30 6 103 23
30 17 186 47
29 62 75 22
29 26 94 29
29 7 58 17
29 87 205 39
29 24 129 25
29 82 141 43
28 100 93 25
28 19 101 29
28 34 26 5
28 92 218 42
27 99 127 37
27 80 97 25
27 37 86 28
27 55 39 10
26 51 103 32
26 78 113 20
26 5 86 27
26 62 109 26
26 2 89 22
26 7 60 17
26 29 114 28
25 66 21 7
25 54 81 20
25 63 171 37
25 58 168 36
24 7 90 23
24 29 119 25
24 82 67 19
24 45 41 10
24 84 76 15
23 93 111 30
23 36 157 44
23 57 235 65
23 37 113 26
23 80 141 37
23 32 578 143
22 13 120 44
22 92 162 40
22 34 139 39
22 75 11 3
22 33 144 36
21 16 165 36
21 43 98 23
21 47 207 57
21 20 110 31
21 94 93 24
21 74 45 9
20 74 70 18
20 21 100 26
20 94 68 24
20 47 152 34
20 49 104 25
20 72 102 20
20 40 136 34
19 100 116 23
19 67 125 35
19 28 107 25
19 94 190 35
19 34 109 32
19 55 148 38
19 81 55 14
19 99 87 16
18 6 101 32
18 17 65 18
18 36 38 10
18 68 99 32
17 30 145 40
17 6 163 46
17 18 70 15
17 68 71 21
17 35 49 14
16 50 380 97
16 42 159 46
16 69 195 44
16 41 163 43
16 88 199 40
16 46 200 56
16 32 508 101
16 47 368 75
16 21 150 42
16 43 220 49
15 71 29 8
15 77 22 7
15 8 9 3
15 39 28 8
14 50 25 5
14 42 231 55
14 65 46 15
13 38 151 44
13 45 189 41
13 92 170 34
13 84 137 40
13 44 109 33
13 6 85 19
13 22 158 42
13 33 32 9
12 2 132 35
12 91 111 33
12 7 113 31
12 38 30 9
12 45 78 17
11 10 156 38
11 64 205 40
11 95 102 31
11 70 239 49
11 52 209 44
11 85 241 71
10 59 132 31
10 83 83 18
10 1 36 10
10 85 260 60
10 11 176 40
10 64 186 47
9 84 44 10
9 82 55 15
9 89 63 17
9 44 13 4
9 30 41 8
8 90 112 29
8 73 172 43
8 71 33 12
8 39 31 8
8 15 10 3
7 26 77 17
7 2 66 16
7 29 70 19
7 24 100 23
7 12 130 33
7 45 105 30
6 44 83 19
6 13 91 20
6 33 63 16
6 30 89 29
6 36 159 34
6 18 141 28
6 17 190 48
5 98 258 58
5 51 73 19
5 87 259 63
5 26 109 23
5 62 48 16
4 70 260 72
4 63 124 25
4 79 75 17
4 61 53 12
3 52 70 18
3 41 103 21
3 88 36 10
3 60 10 3
3 73 180 45
2 78 90 24
2 91 50 17
2 26 104 22
2 12 138 31
2 7 90 22
1 86 60 16
1 83 102 23
1 85 217 65
1 10 40 11
