nnodes narcs source target drone_limit type
50 272 41 17 721 drone_routing_pli_project1
nodename posx posy
50 787.853 232.487
49 495.837 166.31
48 31.2712 326.957
47 486.474 543.821
46 881.918 651.403
45 486.633 703.48
44 42.5706 264.401
43 504.788 452.112
42 501.872 493.281
41 170.811 455.757
40 135.784 413.903
39 53.8838 419.17
38 36.3018 301.909
37 95.1354 480.862
36 124.553 637.224
35 965.165 487.856
34 149.719 960.906
33 380.069 14.2555
32 864.217 155.977
31 770.459 694.387
30 27.6361 138.377
29 591.696 265.061
28 2.20799 197.019
27 557.628 997.166
26 433.149 368.76
25 163.674 273.388
24 777.064 939.94
23 699.359 499.908
22 966.475 955.418
21 118.319 373.219
20 41.187 122.557
19 390.299 541.058
18 197.212 714.46
17 481.455 665.364
16 7.69238 606.643
15 745.059 816.21
14 961.165 885.922
13 24.9005 484.107
12 390.627 121.135
11 120.76 513.731
10 79.3911 312.879
9 803.492 138.988
8 620.534 283.871
7 332.658 476
6 66.6987 232.196
5 380.276 229.809
4 673.776 855.438
3 530.047 649.67
2 50.1539 732.548
1 654.037 568.264
tail head car_cost drone_cost
50 32 116 122
50 9 112 91
50 35 275 352
50 29 177 192
50 8 150 195
50 23 241 301
49 9 343 279
49 29 119 130
49 26 191 214
49 33 192 227
49 12 107 117
49 5 107 156
48 21 82 98
48 39 79 99
48 10 60 48
48 38 24 25
48 28 151 156
48 13 139 143
47 3 110 98
47 42 48 55
47 1 181 166
47 19 91 105
47 17 144 136
46 35 178 190
46 14 265 221
46 23 280 207
46 31 104 117
46 15 203 199
45 27 302 355
45 4 209 228
45 3 81 74
45 34 488 389
45 17 42 40
45 18 336 342
44 10 53 68
44 6 34 44
44 28 67 81
44 38 31 32
43 23 176 180
43 8 178 192
43 29 213 186
43 42 34 37
43 19 137 128
43 26 132 89
43 7 166 208
42 23 231 224
42 43 49 49
42 19 139 113
42 47 61 48
42 1 165 164
41 7 163 190
41 25 167 182
41 11 68 73
41 40 57 46
41 37 67 82
40 25 165 144
40 41 52 51
40 37 91 94
40 21 37 37
40 39 82 68
39 40 90 68
39 21 81 67
39 37 75 74
39 48 100 87
39 13 77 79
38 44 44 45
38 10 47 42
38 28 94 131
38 48 26 30
37 41 75 66
37 40 70 84
37 39 83 83
37 13 72 64
37 11 50 48
36 7 220 298
36 18 106 98
36 2 104 119
36 11 110 146
36 16 104 143
35 22 561 524
35 14 403 469
35 46 211 218
35 32 318 282
35 50 290 372
35 23 216 264
34 27 484 463
34 45 423 502
34 18 229 241
34 2 254 250
33 32 529 515
33 9 530 432
33 49 221 157
33 20 289 289
33 12 116 124
32 33 592 466
32 35 286 356
32 50 125 118
32 9 66 56
31 46 133 119
31 15 107 120
31 4 192 208
31 23 242 183
31 1 165 156
31 3 277 289
30 20 21 24
30 28 77 72
30 6 114 120
29 50 182 229
29 9 224 294
29 8 29 40
29 43 247 187
29 49 146 148
29 26 155 167
28 44 77 86
28 38 107 124
28 48 151 137
28 30 55 56
28 6 66 69
28 13 327 236
28 16 454 415
27 22 456 463
27 24 271 258
27 4 216 213
27 45 362 262
27 34 451 439
26 29 156 184
26 49 224 186
26 43 103 131
26 5 133 122
26 7 155 128
25 5 178 228
25 12 322 313
25 7 271 275
25 40 160 137
25 41 159 164
25 21 127 93
25 10 101 91
25 20 195 202
25 6 110 114
24 22 178 204
24 14 189 189
24 27 188 189
24 15 113 151
24 4 110 129
23 46 258 285
23 35 281 230
23 50 284 278
23 31 178 219
23 1 84 71
23 42 233 186
23 43 189 169
23 8 261 223
22 27 471 386
22 24 186 164
22 35 496 526
22 14 72 82
21 25 109 119
21 40 53 46
21 39 66 65
21 48 83 98
21 10 74 76
20 33 371 383
20 12 394 348
20 25 223 160
20 30 19 23
20 6 133 103
19 42 128 138
19 47 90 105
19 43 145 152
19 17 132 159
19 7 92 71
19 18 307 273
18 45 284 314
18 17 324 258
18 19 275 282
18 7 322 301
18 34 253 227
18 36 102 112
18 2 162 134
17 3 51 46
17 47 103 114
17 45 39 37
17 19 131 139
17 18 254 264
16 2 148 139
16 36 132 141
16 11 147 170
16 13 127 136
16 28 338 475
15 14 252 194
15 46 198 201
15 31 111 110
15 4 81 67
15 24 143 123
14 22 83 75
14 35 371 396
14 24 210 186
14 46 222 283
14 15 197 188
13 37 57 82
13 11 117 109
13 39 79 83
13 48 156 178
13 28 252 330
13 16 141 142
12 49 119 111
12 5 108 122
12 25 303 324
12 33 126 98
12 20 311 369
11 7 216 236
11 41 67 86
11 36 120 132
11 16 119 136
11 37 41 40
11 13 119 109
10 25 101 77
10 21 82 74
10 44 62 63
10 6 67 71
10 38 37 49
10 48 41 46
9 50 101 78
9 32 69 67
9 29 205 295
9 33 491 374
9 49 354 337
8 50 190 165
8 23 246 261
8 29 36 29
8 43 218 216
7 43 201 162
7 26 168 132
7 5 232 257
7 19 104 86
7 18 274 263
7 25 306 225
7 36 262 256
7 11 210 248
7 41 158 139
6 25 85 104
6 44 43 41
6 10 87 81
6 20 99 106
6 30 86 104
6 28 84 66
5 49 133 110
5 26 174 146
5 12 111 123
5 25 199 236
5 7 286 271
4 15 84 91
4 24 159 107
4 31 170 215
4 27 199 201
4 3 294 208
4 45 238 218
3 31 257 259
3 1 134 122
3 4 241 286
3 45 73 71
3 47 109 93
3 17 56 47
2 34 206 225
2 18 122 171
2 36 117 129
2 16 116 142
1 23 87 95
1 31 191 178
1 3 148 138
1 42 176 175
1 47 196 183
