nnodes narcs source target drone_limit type
50 276 26 21 51 drone_routing_pli_project1
nodename posx posy
50 920.574 3.40011
49 121.3 117.664
48 228.58 984.55
47 104.79 67.3954
46 455.309 210.132
45 431.035 813.444
44 311.024 850.63
43 393.687 207.332
42 653.518 32.2673
41 568.537 120.65
40 99.8224 184.451
39 481.517 535.211
38 451.108 725.892
37 39.8762 528.416
36 112.917 796.155
35 161.674 943.032
34 237.152 456.745
33 262.222 730.469
32 1.2558 58.3692
31 616.942 663.315
30 302.097 885.499
29 513.893 936.681
28 252.313 442.23
27 103.227 463.561
26 597.471 890.237
25 934.435 746.014
24 442.228 855.491
23 6.47672 635
22 198.543 609.662
21 323.826 125.034
20 211.685 138.647
19 207.937 347.634
18 139.709 827.551
17 135.458 896.491
16 465.894 21.2827
15 510.284 538.285
14 914.442 24.5556
13 296.743 721.587
12 467.928 755.911
11 788.292 311.839
10 897.465 197.942
9 324.264 857.388
8 507.414 530.33
7 532.589 868.111
6 256.372 792.962
5 627.09 987.452
4 682.985 612.102
3 553.675 217.735
2 573.263 801.507
1 912.433 159.083
tail head car_cost drone_cost
50 25 799 882
50 1 164 139
50 14 22 23
50 16 542 511
50 42 231 266
49 20 93 97
49 40 58 82
49 47 60 59
49 32 161 122
48 5 406 354
48 29 306 307
48 30 127 148
48 35 88 84
47 16 432 341
47 21 265 188
47 20 152 141
47 32 97 97
47 49 44 62
46 3 105 81
46 8 379 327
46 41 147 148
46 16 161 163
46 39 338 312
46 43 57 53
45 7 101 121
45 12 77 80
45 38 91 93
45 9 124 131
45 24 47 45
45 13 132 162
45 44 109 117
44 9 15 18
44 45 150 112
44 30 35 41
44 13 138 110
44 6 93 67
43 16 187 240
43 39 343 298
43 46 57 72
43 28 289 276
43 19 241 256
43 21 103 112
43 20 165 205
42 14 237 230
42 50 290 253
42 1 344 280
42 10 279 271
42 16 218 221
42 41 105 115
42 11 288 293
41 11 274 322
41 42 139 114
41 3 112 83
41 16 165 167
41 46 161 136
40 19 177 225
40 20 133 101
40 49 71 67
40 27 305 257
40 32 179 142
40 37 374 409
39 15 29 35
39 8 22 28
39 38 197 214
39 13 274 276
39 46 350 378
39 43 309 319
39 22 274 267
39 34 264 276
39 28 250 213
38 31 213 177
38 15 219 231
38 39 211 163
38 12 41 38
38 13 159 153
38 45 74 97
37 22 168 203
37 27 88 89
37 40 330 316
37 32 422 559
37 23 107 133
36 6 127 168
36 33 182 156
36 18 35 46
36 17 116 115
36 22 210 186
36 23 197 187
35 48 75 89
35 17 62 56
35 30 178 147
34 39 217 305
34 28 22 24
34 22 167 137
34 19 121 128
34 27 125 127
33 13 35 43
33 6 54 55
33 22 141 113
33 36 145 177
32 16 481 427
32 47 88 115
32 49 124 134
32 40 133 165
32 37 476 527
32 23 577 632
31 25 351 387
31 4 85 89
31 2 168 156
31 12 161 148
31 15 189 158
31 38 166 188
30 29 240 230
30 24 150 122
30 9 43 31
30 44 34 39
30 48 136 145
30 35 155 151
30 6 122 91
30 17 200 194
29 5 106 131
29 26 113 86
29 7 77 65
29 48 332 325
29 24 114 108
29 30 213 260
28 43 282 309
28 19 101 101
28 34 25 19
28 39 288 207
27 34 153 136
27 19 162 130
27 22 149 182
27 40 267 239
27 37 106 99
26 25 366 389
26 5 114 113
26 29 88 84
26 2 102 110
26 7 63 65
25 5 446 365
25 50 814 863
25 1 578 649
25 11 541 414
25 10 567 504
25 26 363 344
25 2 338 342
25 31 290 324
25 4 320 231
24 7 79 78
24 29 111 88
24 30 161 133
24 9 116 108
24 45 46 39
23 17 238 302
23 36 228 170
23 22 223 163
23 37 102 131
23 32 471 657
22 13 166 142
22 39 327 295
22 34 128 181
22 33 134 164
22 36 212 229
22 23 231 204
22 27 151 170
22 37 171 147
21 16 196 154
21 47 218 246
21 20 91 99
21 43 111 109
20 21 98 112
20 43 188 210
20 19 175 243
20 47 119 119
20 49 77 95
20 40 114 130
19 43 213 204
19 28 104 111
19 20 201 200
19 34 98 122
19 40 201 166
19 27 180 175
18 6 124 100
18 36 41 41
18 17 76 61
17 35 53 45
17 30 197 191
17 6 151 139
17 18 72 74
17 36 119 117
17 23 279 294
16 50 478 511
16 42 188 200
16 41 166 165
16 46 202 213
16 32 411 476
16 47 403 348
16 21 184 143
16 43 224 194
15 4 194 167
15 31 170 143
15 38 219 161
15 39 35 34
15 8 10 8
14 50 22 19
14 42 235 226
14 1 147 132
13 38 152 183
13 39 300 271
13 45 146 155
13 44 106 132
13 6 92 69
13 22 146 161
13 33 43 42
12 2 136 99
12 31 184 146
12 7 118 142
12 38 39 34
12 45 58 61
11 25 432 455
11 10 157 159
11 4 286 373
11 41 296 291
11 42 298 315
11 3 273 288
11 8 295 403
10 1 50 38
10 42 333 265
10 11 178 154
10 25 548 472
9 24 137 111
9 45 123 111
9 44 17 17
9 30 30 41
8 4 219 232
8 11 356 395
8 3 350 331
8 46 370 281
8 39 29 26
8 15 9 8
7 26 71 69
7 2 75 85
7 29 75 84
7 24 83 106
7 12 132 139
7 45 106 94
6 44 87 83
6 13 72 80
6 33 75 51
6 30 91 110
6 36 157 120
6 18 124 136
6 17 136 142
5 25 341 320
5 48 448 424
5 26 97 119
5 29 104 139
4 11 291 309
4 31 100 99
4 25 328 295
4 8 231 197
4 15 185 152
3 41 82 114
3 11 219 292
3 46 85 109
3 8 361 289
2 25 420 362
2 31 149 146
2 26 100 87
2 12 122 111
2 7 94 90
1 50 175 162
1 14 146 110
1 25 532 561
1 42 261 275
1 10 41 47
