nnodes narcs source target drone_limit type
30 160 10 23 44 drone_routing_pli_project1
nodename posx posy
30 664.867 511.938
29 552.795 600.871
28 127.261 319.624
27 330.428 230.363
26 515.31 629.498
25 549.054 509.701
24 109.646 897.715
23 352.918 567.454
22 82.5088 782.54
21 221.073 749.126
20 126.436 630.602
19 299.118 944.346
18 168.46 771.005
17 308.456 780.927
16 236.793 813.963
15 627.672 177.248
14 937.804 455.239
13 660.822 102.847
12 929.278 938.523
11 954.526 412.785
10 988.428 255.41
9 63.8778 498.188
8 63.9737 907.1
7 932.623 672.055
6 161.535 12.5789
5 503.683 608.631
4 178.38 233.77
3 541.861 433.702
2 311.708 267.028
1 783.235 863.673
tail head car_cost drone_cost
30 14 301 75
30 7 304 82
30 11 285 73
30 1 326 82
30 29 147 32
30 25 122 26
30 15 346 85
30 3 131 37
29 30 159 36
29 1 297 98
29 26 55 11
29 25 76 21
29 5 49 15
28 4 107 21
28 6 366 70
28 9 203 56
28 23 308 95
28 2 202 51
27 15 279 80
27 13 405 93
27 3 256 71
27 2 38 12
27 6 257 61
27 4 158 40
26 29 50 11
26 1 329 77
26 17 299 66
26 23 172 45
26 5 21 7
25 30 94 30
25 29 109 24
25 5 122 33
25 3 75 16
25 23 165 61
24 19 230 53
24 16 161 32
24 18 116 30
24 22 101 25
24 8 47 10
23 25 212 52
23 3 241 70
23 26 191 43
23 5 173 33
23 17 205 63
23 20 276 69
23 21 258 58
23 9 279 75
23 28 271 87
23 2 252 84
22 18 73 21
22 24 96 36
22 20 166 41
22 9 269 83
22 8 108 31
21 17 109 23
21 23 224 55
21 16 60 16
21 20 168 40
21 18 52 12
20 23 273 69
20 21 157 38
20 18 159 43
20 9 131 36
20 22 135 42
19 12 514 137
19 1 481 129
19 17 142 35
19 8 273 63
19 16 145 34
19 24 186 47
18 16 95 23
18 21 47 17
18 24 141 39
18 20 161 37
18 22 85 26
17 1 494 106
17 26 263 70
17 23 192 48
17 19 190 44
17 21 80 25
17 16 86 20
16 19 117 30
16 17 88 21
16 24 127 31
16 21 58 18
16 18 74 24
15 11 395 115
15 10 330 78
15 13 83 19
15 30 328 88
15 27 316 78
15 3 246 78
14 11 49 10
14 30 333 64
14 7 202 58
13 10 401 109
13 15 73 18
13 6 470 137
13 27 391 93
12 10 581 164
12 7 316 79
12 1 167 49
12 19 515 171
11 10 142 47
11 14 54 13
11 7 287 54
11 15 406 109
11 30 345 80
10 12 742 176
10 11 147 40
10 7 430 93
10 13 396 87
10 15 419 96
9 23 259 70
9 6 520 116
9 28 208 44
9 20 176 36
9 22 238 76
9 8 491 106
8 19 225 68
8 24 44 11
8 22 107 36
8 9 448 120
7 10 450 100
7 11 256 60
7 14 246 63
7 12 231 75
7 30 260 87
7 1 222 50
6 13 502 109
6 27 238 82
6 4 196 59
6 9 461 107
6 28 334 75
5 29 57 14
5 25 122 25
5 23 178 45
5 26 20 6
4 27 147 46
4 2 162 36
4 6 210 45
4 28 114 21
3 30 140 42
3 15 250 77
3 25 80 18
3 23 215 61
3 27 297 82
3 2 245 61
2 3 236 59
2 27 46 10
2 4 154 32
2 28 195 43
2 23 300 87
1 12 188 42
1 7 227 60
1 19 557 120
1 30 371 86
1 29 299 80
1 26 348 72
1 17 500 121
