nnodes narcs source target drone_limit type
30 152 18 2 345 drone_routing_pli_project1
nodename posx posy
30 939.328 259.061
29 474.992 272.491
28 377.366 564.835
27 876.027 696.759
26 679.633 150.975
25 319.815 982.327
24 774.809 813.267
23 660.036 702.546
22 314.577 436.784
21 426.58 500.941
20 296.934 646.692
19 116.756 750.923
18 110.957 884.096
17 962.459 12.0538
16 694.994 228.603
15 392.896 899.323
14 891.081 593.873
13 932.664 340.327
12 6.57788 573.299
11 622.059 210.893
10 806.502 140.473
9 584.649 216.588
8 950.854 153.56
7 132.554 64.1665
6 351.209 573.345
5 750.497 366.274
4 187.59 990.434
3 565.489 1.76691
2 834.817 335.986
1 41.6303 454.492
tail head car_cost drone_cost
30 8 108 113
30 13 84 82
30 10 157 149
30 2 119 141
29 5 322 311
29 9 129 117
29 3 287 292
29 21 249 275
29 7 352 416
29 22 192 237
28 23 286 372
28 21 72 91
28 15 314 347
28 22 169 151
28 6 32 27
28 20 103 115
27 13 421 337
27 14 118 97
27 23 254 225
27 24 185 148
26 10 112 130
26 16 94 84
26 11 86 100
26 3 177 226
26 9 123 130
25 24 517 404
25 15 97 98
25 18 195 277
25 4 152 140
24 27 128 176
24 25 445 526
24 23 150 192
24 15 336 353
23 27 252 235
23 14 295 249
23 5 316 337
23 24 165 162
23 15 396 359
23 21 341 248
23 28 282 314
22 21 129 109
22 28 143 164
22 29 221 248
22 6 126 137
22 20 206 194
22 7 452 380
22 1 293 287
21 5 326 292
21 29 208 220
21 23 363 314
21 22 119 137
21 28 69 71
20 28 121 117
20 6 96 84
20 22 202 236
20 15 255 303
20 19 205 227
20 1 292 353
20 12 284 329
19 15 296 263
19 20 216 249
19 12 173 190
19 18 160 153
18 25 222 258
18 4 124 133
18 15 285 252
18 19 137 132
18 12 382 295
17 8 158 134
17 3 359 371
17 10 225 217
16 2 184 194
16 10 122 140
16 26 65 74
16 5 127 163
16 11 89 77
15 24 460 389
15 23 372 340
15 25 113 130
15 28 326 375
15 18 300 267
15 20 320 313
15 19 287 335
14 13 208 259
14 27 86 107
14 23 214 294
14 2 222 302
14 5 262 262
13 8 195 155
13 30 86 88
13 27 344 347
13 2 90 79
13 14 289 208
12 7 624 456
12 19 236 192
12 18 308 313
12 20 294 304
12 1 125 109
11 26 99 97
11 16 71 77
11 5 227 241
11 9 44 44
10 8 148 120
10 17 239 212
10 30 193 211
10 2 187 197
10 3 286 240
10 26 148 103
10 16 115 151
9 26 119 108
9 5 239 245
9 11 37 32
9 29 120 135
9 3 187 197
8 17 114 137
8 13 157 202
8 10 131 169
8 30 88 106
7 3 427 493
7 29 448 438
7 22 477 376
7 12 522 447
7 1 388 359
6 28 27 25
6 22 145 124
6 20 92 74
5 2 104 90
5 14 288 278
5 23 319 303
5 21 318 372
5 29 292 274
5 16 137 155
5 11 234 167
5 9 198 255
4 25 145 141
4 18 141 138
3 17 358 338
3 10 311 238
3 26 193 213
3 7 403 467
3 29 289 278
3 9 220 215
2 13 91 108
2 30 154 111
2 10 181 208
2 16 200 143
2 5 83 73
2 14 295 254
1 22 300 231
1 7 475 434
1 20 303 361
1 12 135 147
