nnodes narcs source target drone_limit type
100 570 22 29 585 drone_routing_pli_project1
nodename posx posy
100 255.477 332.502
99 776.305 358.752
98 909.14 241.839
97 559.8 461.545
96 518.156 222.922
95 347.003 532.489
94 403.712 789.385
93 986.365 854.204
92 62.8703 271.533
91 584.878 990.01
90 359.005 92.2879
89 368.305 746.23
88 278.473 759.682
87 455.532 721.218
86 351.526 802.401
85 390.017 797.101
84 606.628 289.605
83 615.735 528.146
82 119.61 170.094
81 288.444 647.412
80 938.849 541.415
79 224.244 351.946
78 318.297 78.5905
77 676.791 621.591
76 721.849 286.201
75 444.447 297.17
74 222.31 417.029
73 403.485 694.523
72 500.06 865.633
71 479.247 100.126
70 241.247 495.344
69 761.917 4.53379
68 980.596 701.042
67 577.264 539.081
66 264.393 415.976
65 886.978 430.523
64 906.179 716.219
63 141.76 253.816
62 349.674 998.072
61 288.697 705.141
60 65.4426 848.23
59 859.893 630.505
58 112.047 999.277
57 181.251 208.749
56 657.765 79.2935
55 649.732 815.114
54 351.224 998.363
53 567.419 980.514
52 961.193 650.371
51 196.136 544.511
50 986.934 388.857
49 934.031 593.341
48 827.234 313.347
47 913.949 329.182
46 242.004 489.496
45 903.235 368.426
44 945.25 643.744
43 338.136 584.941
42 229.342 801.76
41 267.4 953.097
40 81.8416 569.725
39 195.334 593.232
38 658.511 937.884
37 512.247 552.193
36 607.099 375.62
35 759.929 670.62
34 280.868 704.665
33 203.298 88.5762
32 569.775 509.565
31 540.184 647.78
30 939.328 259.061
29 474.992 272.491
28 377.366 564.835
27 876.027 696.759
26 679.633 150.975
25 319.815 982.327
24 774.809 813.267
23 660.036 702.546
22 314.577 436.784
21 426.58 500.941
20 296.934 646.692
19 116.756 750.923
18 110.957 884.096
17 962.459 12.0538
16 694.994 228.603
15 392.896 899.323
14 891.081 593.873
13 932.664 340.327
12 6.57788 573.299
11 622.059 210.893
10 806.502 140.473
9 584.649 216.588
8 950.854 153.56
7 132.554 64.1665
6 351.209 573.345
5 750.497 366.274
4 187.59 990.434
3 565.489 1.76691
2 834.817 335.986
1 41.6303 454.492
tail head car_cost drone_cost
100 75 214 207
100 90 272 287
100 22 103 118
100 79 30 35
100 66 72 93
100 57 170 148
100 63 163 138
99 2 71 65
99 48 70 80
99 65 129 148
99 76 97 86
99 5 32 32
98 8 90 105
98 30 29 35
98 47 72 90
98 10 121 166
98 48 92 125
97 83 85 85
97 36 102 81
97 32 52 53
97 37 98 99
97 75 184 162
97 21 157 113
96 84 132 97
96 9 76 62
96 71 121 123
96 29 65 67
95 28 45 39
95 21 102 100
95 6 39 42
95 43 60 64
95 70 130 130
95 46 116 94
95 22 120 106
94 72 133 146
94 87 81 85
94 15 114 96
94 89 65 45
94 85 13 17
93 50 479 435
93 91 453 463
93 38 329 284
93 24 210 236
93 64 138 146
93 68 123 147
92 7 183 236
92 82 105 136
92 63 67 81
92 79 176 204
92 12 344 336
92 1 212 167
91 93 422 361
91 38 88 81
91 53 19 18
91 54 239 204
90 71 122 97
90 3 261 226
90 29 230 223
90 75 203 194
90 100 237 277
90 78 43 41
90 57 195 222
89 94 65 47
89 87 81 104
89 73 69 67
89 85 60 58
89 86 53 50
89 61 100 77
89 88 93 103
88 89 84 97
88 61 57 55
88 34 57 55
88 42 61 72
88 86 100 72
87 55 198 227
87 31 127 91
87 72 140 122
87 94 96 83
87 73 64 50
87 89 108 99
86 85 37 44
86 89 64 70
86 15 97 102
86 41 206 199
86 88 90 97
86 42 135 102
85 94 14 13
85 15 98 109
85 89 47 60
85 86 33 34
84 76 110 98
84 16 114 91
84 11 91 78
84 36 98 77
84 29 126 107
84 96 96 108
84 9 63 91
83 5 181 187
83 32 59 52
83 36 144 145
83 97 89 102
83 67 45 44
83 77 113 119
82 57 83 67
82 33 122 135
82 7 86 115
82 92 102 95
82 63 72 87
81 20 8 9
81 43 69 82
81 61 64 69
81 39 103 114
81 34 69 57
80 50 131 155
80 52 95 103
80 49 45 51
80 65 140 141
80 14 70 63
79 100 34 37
79 66 69 91
79 74 63 70
79 1 221 228
79 63 124 154
79 92 184 169
78 3 286 254
78 7 192 197
78 90 38 38
78 33 94 123
78 57 207 186
77 14 217 210
77 59 204 185
77 65 233 340
77 5 293 258
77 35 81 78
77 23 73 83
77 31 159 120
77 67 112 122
77 83 124 107
76 48 103 90
76 99 107 79
76 10 198 176
76 84 108 98
76 16 64 76
76 36 143 124
76 5 86 98
75 97 213 168
75 36 165 208
75 29 44 41
75 21 173 214
75 22 217 220
75 90 259 257
75 100 175 201
74 66 38 41
74 79 53 59
74 46 84 83
74 1 190 187
74 51 123 119
73 31 163 142
73 37 203 160
73 87 65 65
73 89 58 74
73 28 111 145
73 61 114 125
73 20 115 103
73 43 139 105
72 38 172 193
72 55 130 130
72 53 121 128
72 15 107 92
72 87 152 130
72 94 133 119
71 9 180 173
71 56 179 160
71 3 144 130
71 96 129 143
71 90 131 106
71 29 142 172
70 95 107 121
70 46 7 7
70 51 79 59
70 43 159 116
69 17 203 235
69 3 214 158
69 56 125 153
69 10 128 129
68 50 312 308
68 52 59 52
68 64 62 77
68 93 145 137
67 77 117 110
67 83 38 33
67 31 104 128
67 32 32 27
67 37 74 58
66 74 47 47
66 46 77 76
66 22 62 52
66 100 95 81
66 79 66 65
65 80 106 129
65 50 116 100
65 45 53 72
65 14 144 152
65 2 93 114
65 99 151 112
65 5 127 173
65 77 273 236
64 52 73 97
64 44 95 79
64 93 135 189
64 68 66 62
64 27 29 29
64 24 181 177
63 100 122 150
63 57 53 65
63 82 90 91
63 92 72 94
63 79 130 145
62 15 94 119
62 54 2 2
62 25 37 34
62 4 179 165
61 73 125 113
61 20 49 58
61 89 75 98
61 88 63 61
61 81 67 63
61 34 8 8
60 58 151 132
60 18 58 65
60 19 89 98
60 12 295 228
59 44 72 92
59 14 41 40
59 27 77 67
59 77 215 195
59 35 114 91
58 54 276 285
58 4 87 81
58 18 104 137
58 60 156 160
57 90 180 176
57 78 194 199
57 33 124 113
57 82 59 80
57 100 174 140
57 63 70 50
56 69 123 140
56 10 155 149
56 11 115 133
56 26 77 88
56 9 183 162
56 3 122 130
56 71 174 202
55 24 116 125
55 23 100 99
55 38 120 145
55 72 166 190
55 31 189 199
55 87 218 187
54 91 252 265
54 53 176 227
54 15 94 116
54 58 222 193
54 62 2 2
54 4 150 184
53 38 97 88
53 91 18 16
53 54 216 236
53 72 113 112
53 15 208 212
52 68 63 60
52 50 292 296
52 64 91 84
52 44 15 17
52 80 97 91
52 49 61 52
51 43 175 154
51 70 55 79
51 46 80 59
51 74 150 109
51 39 42 48
51 40 101 110
51 1 148 168
50 93 400 476
50 68 355 296
50 52 300 311
50 17 368 399
50 80 138 154
50 8 211 285
50 30 156 125
50 65 123 102
50 45 89 98
50 13 69 87
49 52 67 61
49 80 53 48
49 14 49 43
49 44 61 49
48 47 77 83
48 98 106 106
48 10 196 157
48 76 95 97
48 99 70 70
48 2 28 28
47 30 74 79
47 2 89 87
47 45 47 43
47 13 25 25
47 98 99 94
47 48 98 106
46 95 96 110
46 22 87 96
46 66 70 90
46 70 8 7
46 74 65 83
46 51 79 77
45 47 43 35
45 50 97 83
45 13 40 48
45 2 77 66
45 65 70 64
44 52 18 16
44 64 79 72
44 27 97 87
44 59 103 76
44 14 66 71
44 49 61 50
43 95 48 60
43 28 39 53
43 6 18 16
43 20 63 82
43 73 139 138
43 81 90 91
43 39 123 145
43 51 137 122
43 70 148 139
42 88 69 66
42 86 126 103
42 34 94 101
42 41 126 180
42 19 126 105
42 18 163 139
41 15 112 152
41 25 63 64
41 86 190 164
41 4 93 104
41 42 173 181
41 18 170 178
40 39 96 95
40 51 139 108
40 19 206 211
40 1 146 134
40 12 86 64
39 81 100 109
39 43 119 140
39 51 56 48
39 34 169 122
39 40 128 136
39 19 154 143
38 93 383 334
38 24 179 159
38 91 78 83
38 53 114 96
38 55 101 116
38 72 188 202
37 67 56 58
37 32 65 63
37 97 113 101
37 31 110 88
37 73 163 189
37 21 85 118
37 28 149 124
36 5 170 160
36 76 142 128
36 83 145 161
36 97 92 90
36 84 79 101
36 75 184 156
36 29 186 190
35 27 132 100
35 59 126 129
35 77 78 102
35 23 84 112
35 24 167 117
34 61 10 7
34 81 65 64
34 88 57 53
34 42 127 129
34 39 168 157
34 19 157 175
33 78 116 138
33 57 126 124
33 7 89 78
33 82 113 113
32 83 52 54
32 67 28 31
32 97 45 57
32 37 82 61
31 23 113 158
31 77 137 141
31 67 125 121
31 55 167 178
31 87 121 130
31 37 87 101
31 73 130 164
30 8 100 113
30 50 155 124
30 13 87 69
30 98 28 32
30 47 70 77
29 84 159 119
29 96 70 56
29 71 191 181
29 90 254 188
29 75 35 36
29 36 144 188
28 37 119 157
28 21 75 84
28 73 115 112
28 95 50 38
28 43 53 50
28 6 30 32
27 44 90 71
27 64 38 39
27 24 150 179
27 59 62 68
27 35 123 98
26 10 130 121
26 56 75 66
26 11 100 85
26 16 87 77
25 15 98 94
25 62 33 36
25 41 71 60
25 4 142 111
24 93 176 198
24 64 166 135
24 27 154 178
24 38 199 152
24 55 111 138
24 23 130 175
24 35 128 166
23 77 79 72
23 24 185 128
23 35 117 107
23 31 142 123
23 55 123 99
22 21 139 129
22 75 225 161
22 100 115 105
22 95 83 83
22 46 76 98
22 66 54 58
21 97 134 163
21 75 220 215
21 37 94 90
21 28 96 92
21 22 128 145
21 95 85 91
20 73 128 106
20 43 81 67
20 81 11 8
20 61 60 68
19 34 196 160
19 39 147 184
19 42 126 146
19 18 156 149
19 60 126 106
19 40 159 165
19 12 250 231
18 41 154 168
18 4 111 128
18 42 137 128
18 19 112 159
18 58 95 134
18 60 49 68
17 50 369 402
17 8 158 144
17 69 186 209
17 10 189 169
16 10 154 141
16 76 71 69
16 84 118 89
16 11 70 83
16 26 73 65
15 53 196 193
15 72 118 92
15 94 115 106
15 54 125 107
15 85 85 84
15 25 102 107
15 62 108 114
15 86 115 86
15 41 134 162
14 80 73 73
14 44 63 62
14 49 46 40
14 59 55 53
14 65 150 179
14 77 240 184
13 30 71 84
13 47 22 20
13 45 41 35
13 50 87 69
12 60 239 231
12 19 219 240
12 40 87 65
12 92 275 349
12 1 114 136
11 56 141 128
11 9 45 38
11 84 83 73
11 16 66 71
11 26 75 94
10 8 162 156
10 17 242 190
10 98 158 135
10 48 164 168
10 76 164 167
10 16 149 117
10 26 141 132
10 69 125 143
10 56 149 155
9 11 36 46
9 56 147 171
9 71 146 141
9 96 73 68
9 84 63 72
8 17 142 129
8 30 107 91
8 50 201 243
8 10 139 158
8 98 89 93
7 3 405 516
7 78 155 157
7 33 71 79
7 92 262 210
7 82 112 95
6 95 48 40
6 43 17 18
6 28 24 24
5 99 28 26
5 65 138 181
5 77 284 285
5 83 199 253
5 36 165 157
5 76 98 84
4 54 152 137
4 62 137 170
4 25 135 118
4 41 91 96
4 18 149 144
4 58 73 87
3 69 236 193
3 56 119 112
3 71 153 156
3 7 382 481
3 78 235 290
3 90 195 228
2 47 89 84
2 45 62 65
2 65 124 118
2 99 67 56
2 48 20 21
1 74 206 163
1 51 209 203
1 79 240 230
1 40 105 107
1 92 220 200
1 12 135 133
