nnodes narcs source target drone_limit type
100 570 10 7 300 drone_routing_pli_project1
nodename posx posy
100 313.375 356.919
99 138.576 324.542
98 887.267 935.736
97 361.04 294.129
96 982.654 424.799
95 692.16 348.364
94 267.614 195.956
93 108.475 633.977
92 381.095 584.712
91 582.319 744.311
90 629.947 509.687
89 309.98 909.89
88 521.718 187.516
87 342.245 998.376
86 918.715 107.21
85 647.838 117.397
84 370.014 842.703
83 984.627 211.654
82 370.323 876.152
81 156.929 313.467
80 14.4179 480.073
79 648.407 544.528
78 666.445 825.523
77 509.378 561.413
76 795.101 917.522
75 187.364 608.134
74 285.441 138.46
73 584.459 389.7
72 119.919 145.332
71 540.938 549.906
70 915.983 516.798
69 639.268 47.1202
68 52.8214 889.941
67 326.361 330.965
66 950.31 732.464
65 916.203 72.1121
64 960.209 341.43
63 783.527 662.861
62 571.614 981.366
61 637.536 648.123
60 544.681 219.022
59 990.181 259.641
58 790.872 784.875
57 45.3586 889.761
56 483.298 607.65
55 144.873 468.435
54 973.003 802.14
53 446.978 596.072
52 618.948 226.235
51 688.768 967.755
50 920.574 3.40011
49 121.3 117.664
48 228.58 984.55
47 104.79 67.3954
46 455.309 210.132
45 431.035 813.444
44 311.024 850.63
43 393.687 207.332
42 653.518 32.2673
41 568.537 120.65
40 99.8224 184.451
39 481.517 535.211
38 451.108 725.892
37 39.8762 528.416
36 112.917 796.155
35 161.674 943.032
34 237.152 456.745
33 262.222 730.469
32 1.2558 58.3692
31 616.942 663.315
30 302.097 885.499
29 513.893 936.681
28 252.313 442.23
27 103.227 463.561
26 597.471 890.237
25 934.435 746.014
24 442.228 855.491
23 6.47672 635
22 198.543 609.662
21 323.826 125.034
20 211.685 138.647
19 207.937 347.634
18 139.709 827.551
17 135.458 896.491
16 465.894 21.2827
15 510.284 538.285
14 914.442 24.5556
13 296.743 721.587
12 467.928 755.911
11 788.292 311.839
10 897.465 197.942
9 324.264 857.388
8 507.414 530.33
7 532.589 868.111
6 256.372 792.962
5 627.09 987.452
4 682.985 612.102
3 553.675 217.735
2 573.263 801.507
1 912.433 159.083
tail head car_cost drone_cost
100 39 231 271
100 67 33 27
100 92 269 199
100 19 123 124
100 28 117 99
99 19 66 85
99 81 24 18
99 55 144 137
99 27 157 132
99 40 162 129
99 80 213 233
98 54 158 188
98 5 215 277
98 51 206 223
98 58 187 189
98 76 101 109
97 73 221 229
97 46 119 115
97 43 96 100
97 94 137 117
97 39 324 269
97 67 57 60
96 59 180 139
96 54 450 412
96 66 319 306
96 64 72 93
96 70 107 130
95 70 271 274
95 11 98 94
95 79 180 238
95 90 165 206
95 52 126 166
95 73 129 110
94 97 113 149
94 43 143 142
94 21 93 82
94 74 62 59
94 67 139 166
94 19 187 170
94 81 189 156
94 20 68 96
94 40 174 185
93 55 179 147
93 75 89 94
93 33 168 172
93 36 157 194
93 37 107 110
93 23 105 84
92 39 100 121
92 38 163 145
92 53 57 74
92 13 148 160
92 100 198 245
92 22 186 206
92 34 193 212
92 28 206 227
91 31 90 94
91 78 135 126
91 2 53 49
91 12 132 110
91 56 158 179
91 38 146 140
90 95 181 147
90 79 47 34
90 71 90 106
90 8 137 146
90 73 131 128
89 82 82 61
89 87 113 110
89 9 47 58
89 30 31 23
89 48 119 101
88 3 51 50
88 41 86 81
88 60 39 47
88 16 181 198
88 46 68 68
87 5 339 258
87 62 267 192
87 29 208 185
87 82 130 104
87 89 81 98
87 48 110 98
86 83 144 134
86 1 53 56
86 65 40 39
86 85 249 237
85 86 299 323
85 65 248 256
85 1 306 250
85 10 288 305
85 42 84 95
85 11 283 217
85 69 74 65
85 41 79 75
85 52 105 106
84 24 65 73
84 45 76 55
84 9 42 41
84 82 34 28
84 13 160 132
84 44 59 55
83 59 51 43
83 50 178 226
83 65 184 137
83 86 142 104
83 1 82 105
83 10 72 101
82 29 173 149
82 24 84 76
82 87 102 144
82 89 68 83
82 84 35 38
82 9 60 53
81 94 139 158
81 19 59 51
81 40 157 124
81 99 21 24
80 27 73 80
80 99 204 201
80 37 47 54
80 40 296 331
80 32 352 489
80 23 143 143
79 70 221 274
79 95 190 215
79 4 70 67
79 61 104 110
79 90 38 38
79 71 93 117
78 76 162 135
78 58 151 147
78 63 204 164
78 51 142 141
78 26 104 83
78 31 168 141
78 61 212 206
78 91 111 102
78 2 100 103
77 15 27 27
77 71 33 34
77 56 56 60
77 39 39 41
77 53 83 83
76 98 101 106
76 51 104 120
76 58 147 127
76 78 165 128
75 34 179 155
75 22 12 10
75 55 151 127
75 93 93 68
75 33 172 165
74 20 82 63
74 94 60 52
74 21 37 36
73 95 126 113
73 52 165 198
73 90 147 133
73 8 144 153
73 3 142 178
73 97 271 203
73 39 175 192
73 46 264 258
73 60 207 151
72 49 30 23
72 20 84 101
72 32 164 145
72 40 37 40
71 61 130 137
71 79 107 109
71 90 88 115
71 8 40 39
71 31 131 139
71 15 36 38
71 77 28 38
71 56 98 73
70 96 128 103
70 64 203 176
70 63 197 170
70 66 252 205
70 79 285 257
70 4 279 277
70 95 231 318
70 11 273 289
69 42 21 23
69 85 79 75
69 16 200 152
69 41 111 100
68 17 88 71
68 35 125 122
68 18 102 116
68 36 116 132
68 57 7 9
67 100 30 32
67 39 235 209
67 97 55 53
67 94 129 143
67 19 142 98
66 96 271 328
66 54 81 62
66 25 22 24
66 70 186 194
66 63 158 148
65 83 175 166
65 50 66 81
65 86 30 40
65 85 249 265
65 42 318 313
65 14 55 50
64 59 104 89
64 96 85 70
64 70 151 210
64 10 136 181
64 11 150 192
63 25 197 158
63 70 227 196
63 66 186 182
63 58 133 116
63 78 213 194
63 4 135 130
63 61 165 152
62 5 61 46
62 26 86 91
62 29 66 70
62 87 225 256
61 63 119 147
61 4 61 52
61 79 100 105
61 71 153 117
61 31 29 21
61 78 206 157
60 3 11 10
60 88 42 43
60 46 97 73
60 73 180 173
59 54 503 529
59 96 173 183
59 64 75 70
59 83 49 43
59 10 105 118
58 54 206 214
58 25 129 141
58 98 148 181
58 76 145 136
58 63 99 107
58 78 126 118
57 48 204 204
57 35 141 120
57 68 8 9
57 36 109 112
57 23 273 221
56 31 157 140
56 71 68 98
56 77 64 51
56 91 192 137
56 53 35 38
56 38 123 146
55 34 87 88
55 19 134 130
55 75 151 166
55 93 151 177
55 99 119 147
55 27 44 48
55 37 128 99
54 59 459 455
54 96 343 439
54 98 138 181
54 66 66 60
54 25 72 64
54 58 191 174
53 77 83 83
53 56 32 46
53 39 58 80
53 92 76 69
53 38 152 125
52 11 174 152
52 85 94 95
52 95 157 170
52 73 160 194
52 3 77 57
52 41 105 109
51 98 219 191
51 76 141 129
51 5 57 78
51 78 124 135
51 26 119 121
50 83 233 203
50 14 25 19
50 65 58 60
50 16 382 496
50 42 281 295
49 20 88 83
49 72 32 32
49 47 46 62
49 32 147 142
48 87 104 135
48 89 100 93
48 30 112 110
48 35 66 76
48 57 204 190
47 16 356 393
47 21 258 254
47 20 130 147
47 32 87 88
47 49 62 46
46 88 73 67
46 16 221 225
46 73 210 188
46 60 102 96
46 43 71 74
46 97 149 131
45 7 111 121
45 12 82 58
45 38 97 107
45 24 36 38
45 13 163 180
45 84 77 63
44 84 62 66
44 9 15 17
44 30 42 41
44 13 149 136
44 6 76 68
43 16 234 235
43 46 73 53
43 97 94 77
43 21 103 112
43 94 126 150
42 50 269 317
42 65 263 235
42 14 299 247
42 85 77 83
42 16 208 154
42 69 22 17
41 69 107 122
41 85 82 90
41 3 100 91
41 52 118 101
41 16 118 145
41 88 86 71
40 94 140 153
40 81 140 168
40 20 129 121
40 72 36 43
40 99 162 135
40 32 191 173
40 80 271 254
39 8 28 25
39 15 33 29
39 73 201 203
39 77 37 41
39 53 69 65
39 92 91 128
39 100 210 247
39 97 234 216
39 67 242 210
38 91 142 116
38 56 138 105
38 12 32 32
38 45 82 106
38 13 169 139
38 92 178 131
38 53 150 151
37 93 119 145
37 27 105 85
37 55 135 124
37 80 45 55
37 23 103 132
36 6 117 117
36 33 154 139
36 18 34 39
36 68 133 125
36 93 164 179
36 23 164 205
36 57 131 95
35 30 137 151
35 48 77 86
35 57 111 109
35 17 58 59
35 68 114 111
34 92 203 228
34 28 25 18
34 22 147 153
34 19 124 130
34 55 85 81
34 75 189 172
33 13 30 30
33 6 57 51
33 36 144 185
33 22 128 155
33 75 152 132
33 93 178 166
32 16 488 462
32 72 161 155
32 47 116 117
32 49 110 129
32 40 132 143
32 80 395 384
32 23 617 490
31 78 196 137
31 61 28 21
31 91 100 74
31 71 148 160
31 56 125 121
30 9 39 38
30 89 24 24
30 44 31 42
30 48 112 109
30 35 174 151
30 6 103 89
30 17 186 186
29 62 75 85
29 26 94 115
29 7 58 65
29 87 205 154
29 24 129 97
29 82 141 171
28 100 93 100
28 19 101 113
28 34 26 19
28 92 218 166
27 99 127 145
27 80 97 98
27 37 86 109
27 55 39 37
26 51 103 125
26 78 113 79
26 5 86 105
26 62 109 104
26 2 89 88
26 7 60 68
26 29 114 109
25 66 21 25
25 54 81 78
25 63 171 145
25 58 168 143
24 7 90 92
24 29 119 100
24 82 67 76
24 45 41 37
24 84 76 59
23 93 111 118
23 36 157 175
23 57 235 257
23 37 113 104
23 80 141 146
23 32 578 571
22 13 120 176
22 92 162 159
22 34 139 153
22 75 11 12
22 33 144 143
21 16 165 143
21 43 98 89
21 47 207 225
21 20 110 121
21 94 93 93
21 74 45 36
20 74 70 72
20 21 100 104
20 94 68 94
20 47 152 133
20 49 104 100
20 72 102 80
20 40 136 133
19 100 116 89
19 67 125 140
19 28 107 98
19 94 190 140
19 34 109 128
19 55 148 152
19 81 55 54
19 99 87 64
18 6 101 127
18 17 65 72
18 36 38 37
18 68 99 127
17 30 145 158
17 6 163 182
17 18 70 59
17 68 71 83
17 35 49 56
16 50 380 387
16 42 159 184
16 69 195 174
16 41 163 171
16 88 199 160
16 46 200 222
16 32 508 402
16 47 368 297
16 21 150 166
16 43 220 195
15 71 29 32
15 77 22 28
15 8 9 9
15 39 28 29
14 50 25 19
14 42 231 217
14 65 46 57
13 38 151 176
13 45 189 164
13 92 170 135
13 84 137 159
13 44 109 131
13 6 85 76
13 22 158 165
13 33 32 36
12 2 132 138
12 91 111 130
12 7 113 121
12 38 30 34
12 45 78 68
11 10 156 151
11 64 205 157
11 95 102 121
11 70 239 195
11 52 209 175
11 85 241 282
10 59 132 124
10 83 83 71
10 1 36 37
10 85 260 240
10 11 176 159
10 64 186 188
9 84 44 39
9 82 55 58
9 89 63 65
9 44 13 14
9 30 41 32
8 90 112 114
8 73 172 172
8 71 33 46
8 39 31 31
8 15 10 11
7 26 77 67
7 2 66 64
7 29 70 73
7 24 100 89
7 12 130 132
7 45 105 119
6 44 83 76
6 13 91 80
6 33 63 64
6 30 89 116
6 36 159 134
6 18 141 110
6 17 190 190
5 98 258 232
5 51 73 76
5 87 259 252
5 26 109 90
5 62 48 62
4 70 260 288
4 63 124 98
4 79 75 65
4 61 53 48
3 52 70 72
3 41 103 84
3 88 36 40
3 60 10 11
3 73 180 178
2 78 90 94
2 91 50 66
2 26 104 85
2 12 138 123
2 7 90 88
1 86 60 61
1 83 102 92
1 85 217 260
1 10 40 44
