nnodes narcs source target drone_limit type
500 2962 462 492 331 drone_routing_pli_project1
nodename posx posy
500 167.027 455.929
499 297.154 502.088
498 798.731 723.16
497 463.999 220.576
496 262.626 8.53808
495 397.667 203.567
494 676.138 270.665
493 545.822 100.197
492 125.024 520.356
491 11.8773 229.3
490 479.189 663.943
489 861.895 935.833
488 449.999 282.307
487 658.056 58.6722
486 375.355 534.779
485 59.5693 651.9
484 199.462 374.267
483 256.885 731.31
482 414.369 366.006
481 749.987 859.565
480 81.4783 844.781
479 520.168 463.16
478 981.636 11.1248
477 872.398 2.41396
476 27.3116 52.2816
475 209.712 336.937
474 181.793 34.2301
473 231.05 672.408
472 687.281 311.801
471 681.016 403.558
470 622.003 569.399
469 906.902 530.916
468 948.721 468.75
467 350.046 407.193
466 842.88 735.67
465 391.915 629.954
464 304.481 467.586
463 38.7544 441.276
462 766.996 449.368
461 32.9048 7.8685
460 569.4 398.263
459 566.129 156.282
458 0.771307 749.954
457 704.996 231.557
456 954.827 887.124
455 456.458 672.324
454 635.09 498.75
453 561.425 73.9096
452 867.753 51.4461
451 235.097 100.602
450 343.326 521.796
449 226.99 750.519
448 1.29481 558.136
447 474.452 547.427
446 72.5143 948.756
445 916.672 93.8
444 327.208 617.114
443 538.977 663.074
442 464.25 649.219
441 668.979 715.511
440 488.825 998.703
439 857.909 204.901
438 326.435 285.886
437 185.31 600.279
436 824.231 391.898
435 528.062 710.153
434 5.33721 591.07
433 662.152 683.071
432 824.721 616.657
431 116.424 218.635
430 379.49 28.5703
429 492.185 792.666
428 252.481 368.42
427 693.375 48.855
426 412.778 27.4344
425 793.355 891.024
424 404.183 306.822
423 382.303 913.511
422 763.624 467.248
421 401.763 805.058
420 113.58 403.128
419 59.9496 161.158
418 850.518 56.5321
417 234.708 632.664
416 36.4287 532.207
415 284.266 650.609
414 21.2031 676.483
413 794.474 708.958
412 554.964 334.869
411 62.6429 703.108
410 63.6264 661.698
409 41.4875 441.542
408 276.894 385.239
407 703.295 734.55
406 231.382 357.707
405 917.188 465.187
404 585.289 675.302
403 716.196 545.975
402 234.641 132.034
401 442.504 426.715
400 20.9597 375.129
399 547.341 845.312
398 269.676 321.181
397 557.049 289.921
396 447.852 742.244
395 841.266 386.815
394 125.872 370.334
393 697.19 348.275
392 964.686 937.47
391 931.608 146.862
390 718.727 665.773
389 537.875 149.687
388 382.506 357.043
387 358.146 205.764
386 50.6166 271.86
385 343.624 273.033
384 788.02 912.156
383 401.137 474.954
382 598.217 965.149
381 988.352 350.182
380 256.527 477.065
379 909.889 97.4181
378 466.262 607.59
377 911.69 900.175
376 165.948 485.719
375 82.4047 256.429
374 331.902 18.9539
373 81.2292 433.738
372 794.913 384.405
371 326.561 253.649
370 232.248 95.4987
369 425.623 896.749
368 963.05 344.175
367 900.658 62.3739
366 619.744 977.607
365 192.751 850.287
364 390.572 301.891
363 692.337 125.181
362 825.852 593.492
361 270.125 832.824
360 216.945 32.4727
359 249.701 947.461
358 133.089 899.268
357 681.524 116.67
356 724.88 557.505
355 27.1599 39.2915
354 58.7672 597.574
353 244.293 556.157
352 766.073 766.644
351 750.854 977.84
350 200.889 47.6051
349 736.059 429.134
348 679.067 668.281
347 844.679 800.966
346 87.4408 478.847
345 877.574 96.2245
344 627.306 194.742
343 987.803 599.897
342 904.905 488.923
341 990.189 943.853
340 266.905 964.808
339 98.1929 54.8599
338 760.149 142.932
337 331.954 437.454
336 478.831 852.666
335 354.066 752.249
334 251.887 797.276
333 855.59 190.328
332 569.168 627.403
331 276.309 435.407
330 593.768 45.413
329 464.617 751.498
328 853.801 310.968
327 399.777 873.306
326 340.681 926.138
325 770.628 332.5
324 900.329 255.067
323 660.042 782.415
322 923.211 746.886
321 875.279 928.398
320 900.196 258.725
319 314.523 206.737
318 692.241 555.237
317 814.739 242.427
316 687.966 338.308
315 3.06843 949.5
314 16.5085 441.219
313 12.4252 496.487
312 812.391 20.5835
311 432.951 57.2044
310 160.516 471.136
309 387.569 601.367
308 795.341 256.925
307 146.857 982.697
306 198.489 140.611
305 662.658 270.86
304 289.868 253.066
303 899.85 898.69
302 92.1709 790.161
301 902.096 493.104
300 267.627 673.854
299 332.395 696.591
298 276.039 451.041
297 397.387 320.27
296 628.569 816.224
295 881.449 487.768
294 653.122 82.2772
293 690.941 204.372
292 732.252 446.165
291 220.223 925.319
290 807.9 121.704
289 801.077 92.2892
288 300.346 66.7461
287 959.623 384.167
286 489.846 704.487
285 575.097 197.212
284 933.814 424.293
283 880.505 975.773
282 11.9882 802.035
281 555.26 786.573
280 125.972 68.6029
279 595.755 530.96
278 143.441 902.364
277 794.292 468.11
276 134.063 760.626
275 264.852 60.3665
274 353.182 689.893
273 702.547 316.083
272 397.192 467.33
271 800.945 796.729
270 884.396 488.303
269 248.2 758.756
268 357.389 598.504
267 921.605 736.689
266 104.571 4.52917
265 664.854 446.097
264 553.281 24.0381
263 399.307 632.056
262 886.05 155.09
261 247.727 333.276
260 712.307 262.766
259 966.317 631.407
258 425.115 467.904
257 840.048 950.865
256 267.567 55.2473
255 521.058 242.667
254 904.702 733.375
253 225.589 286.768
252 269.397 322.893
251 569.135 975.746
250 746.698 227.969
249 851.253 877.743
248 49.4036 274.637
247 212.125 931.586
246 884.341 951.653
245 105.387 599.998
244 226.172 149.888
243 470.81 729.901
242 513.529 907.489
241 773.014 258.662
240 717.049 782.805
239 296.987 512.645
238 153.97 507.335
237 278.422 405.092
236 339.335 837.943
235 289.048 323.724
234 566.874 712.018
233 908.557 858.753
232 346.929 201.136
231 881.469 947.674
230 135.487 507.518
229 387.448 177.073
228 854.91 612.019
227 626.931 291.02
226 718.082 780.602
225 942.346 802
224 554.738 195.857
223 132.212 609.746
222 730.09 588.026
221 366.594 816.079
220 416.694 92.419
219 245.11 324.805
218 302.869 212.818
217 542.168 163.745
216 213.873 888.399
215 219.529 824.786
214 801.189 269.343
213 436.665 835.114
212 683.52 37.4445
211 809.51 530.872
210 759.834 455.738
209 734.958 869.894
208 966.636 898.128
207 560.374 593.921
206 421.77 358.003
205 5.04665 118.175
204 635.787 435.238
203 976.242 906.996
202 526.179 984.405
201 630.592 492.668
200 133.703 13.569
199 748.141 648.886
198 804.204 452.057
197 669.435 963.591
196 801.722 65.9025
195 825.464 325.137
194 793.589 459.427
193 317.851 782.748
192 877.311 738.194
191 806.008 242.85
190 80.4526 859.191
189 774.597 377.429
188 883.862 904.985
187 905.888 543.969
186 917.261 795.276
185 6.78814 27.6491
184 723.638 206.879
183 650.545 328.998
182 350.649 486.096
181 221.399 831.798
180 516.201 989.431
179 401.676 29.0986
178 521.026 822.881
177 741.719 576.169
176 799.844 219.122
175 902.314 29.2058
174 668.015 507.694
173 477.305 952.904
172 132.49 617.089
171 183.414 608.296
170 591.555 480.12
169 259.036 118.761
168 391.238 385.114
167 430.164 545.172
166 878.093 874.79
165 987.574 853.704
164 176.144 0.872175
163 754.915 239.094
162 104.606 713.798
161 814.092 563.672
160 674.053 630.761
159 265.955 914.323
158 480.25 968.77
157 436.369 75.9848
156 132.236 748.659
155 357.54 416.101
154 976.282 526.702
153 51.3441 598.684
152 729.27 557.739
151 776.42 262.859
150 929.431 961.916
149 557.008 356.73
148 112.045 790.035
147 743.781 995.361
146 382.268 853.331
145 242.002 278.308
144 193.002 404.696
143 228.885 458.275
142 46.1281 691.953
141 440.553 683.606
140 970.614 620.969
139 381.805 463.113
138 738.026 197.899
137 463.381 226.28
136 148.856 605.672
135 137.576 313.693
134 452.531 109.4
133 541.982 354.419
132 187.807 987.51
131 102.686 926.294
130 882.898 218.195
129 544.185 293.185
128 117.79 191.849
127 27.2113 746.362
126 202.836 606.338
125 833.145 5.37841
124 993.318 379.607
123 452.055 352.122
122 261.102 688.899
121 849.944 759.073
120 250.899 532.717
119 500.619 542.67
118 25.67 785.175
117 801.729 823.019
116 466.11 956.145
115 257.859 834.109
114 142.583 527.951
113 232.813 420.9
112 80.6191 162.746
111 747.086 631.994
110 846.607 476.014
109 245.45 404.619
108 588.741 772.276
107 175.976 911.849
106 176.69 819.554
105 719.96 154.634
104 435.802 689.662
103 878.162 21.7504
102 508.747 61.2016
101 60.6903 981.966
100 487.068 430.172
99 225.39 221.913
98 821.646 17.4299
97 764.758 791.882
96 376.149 30.4311
95 727.632 795.988
94 859.32 415.666
93 474.805 973.298
92 335.768 524.249
91 574.644 7.21638
90 442.773 761.886
89 135.006 400.871
88 251.452 471.019
87 2.38575 829.85
86 620.283 21.6354
85 421.304 78.2843
84 660.17 501.997
83 91.3012 262.176
82 122.463 994.324
81 762.385 311.632
80 241.126 296.047
79 920.894 122.273
78 710.89 66.3188
77 7.13974 380.877
76 14.8563 811.484
75 416.116 541.027
74 474.833 302.753
73 127.379 475.23
72 979.495 984.428
71 726.01 899.247
70 940.191 581.16
69 271.32 174.879
68 269.496 456.638
67 573.65 706.617
66 8.06031 681.926
65 3.87955 996.879
64 122.3 217.063
63 708.827 889.995
62 237.434 931.247
61 684.053 477.071
60 982.395 331.397
59 381.046 147.048
58 827.346 141.671
57 637.682 932.797
56 959.896 192.72
55 630.293 428.399
54 838.342 213.472
53 85.6546 442.747
52 592.216 953.826
51 166.665 237.487
50 721.493 847.03
49 683.106 690.632
48 432.617 998.16
47 677.315 282.034
46 95.2227 372.039
45 14.4322 148.498
44 408.344 471.286
43 560.338 74.5028
42 926.049 723.788
41 471.948 623.31
40 153.765 28.6283
39 340.067 361.149
38 828.899 89.9173
37 622.765 457.085
36 630.371 57.7588
35 366.91 760.268
34 106.003 712.986
33 438.992 656.149
32 295.697 704.781
31 847.217 709.923
30 390.405 764.816
29 630.597 929.251
28 877.155 74.4134
27 784.828 763.968
26 350.988 108.022
25 778.294 37.0751
24 444.482 982.164
23 45.8001 432.362
22 850.44 128.297
21 15.5657 997.311
20 955.938 614.512
19 481.48 137.769
18 225.964 657.914
17 654.453 549.801
16 778.592 399.323
15 862.447 455.172
14 984.527 316.605
13 388.979 865.367
12 851.977 303.747
11 286.993 614.677
10 170.354 370.348
9 543.106 779.788
8 177.094 660.641
7 732.693 279.944
6 971.862 451.813
5 256.869 850.988
4 169.171 477.105
3 518.233 865.638
2 788.599 198.069
1 524.84 272.854
tail head car_cost drone_cost
500 143 65 15
500 144 47 16
500 4 24 7
500 310 14 5
500 73 36 14
500 89 56 15
499 92 38 13
499 182 48 15
499 464 34 8
499 239 9 4
499 120 47 14
499 380 45 11
498 31 50 11
498 466 42 12
498 27 45 12
498 352 53 14
498 413 15 4
497 224 111 27
497 217 83 24
497 19 92 22
497 255 60 14
497 495 78 18
497 137 7 2
496 91 321 88
496 374 80 16
496 164 98 26
496 360 46 12
496 256 52 11
495 497 82 16
495 137 73 20
495 19 105 29
495 488 85 19
495 364 104 27
495 385 74 26
495 387 46 9
495 229 25 8
494 260 33 11
494 457 50 13
494 305 12 4
494 47 13 3
493 453 27 9
493 43 26 9
493 459 48 16
493 389 49 15
493 19 81 20
493 102 65 14
492 230 20 4
492 73 54 11
492 245 97 19
492 114 20 5
492 354 116 25
492 346 51 13
492 416 104 20
491 375 87 19
491 386 48 12
491 419 89 25
491 45 78 23
491 248 62 15
491 205 91 31
491 77 159 36
490 443 56 18
490 286 50 13
490 41 44 9
490 455 24 7
490 442 26 5
489 321 15 4
489 231 25 6
489 188 40 8
489 249 52 17
489 257 29 8
488 1 65 21
488 74 33 8
488 255 91 17
488 137 68 15
488 123 62 19
488 424 61 11
488 495 111 28
488 364 60 18
487 212 31 9
487 294 21 6
487 427 36 10
487 86 60 12
487 36 25 7
486 75 41 11
486 383 59 19
486 309 75 17
486 268 66 14
486 182 61 14
486 92 37 9
486 450 40 8
485 172 86 18
485 245 70 20
485 410 11 3
485 354 60 12
485 414 40 12
485 434 97 21
485 153 44 14
484 475 36 9
484 10 33 9
484 144 31 7
484 109 47 14
484 406 33 10
483 122 38 13
483 193 76 24
483 32 55 10
483 269 32 8
483 473 59 16
483 449 39 9
482 123 45 9
482 206 13 3
482 401 80 15
482 388 36 8
482 168 28 8
481 117 52 17
481 97 70 19
481 209 22 4
481 425 60 12
481 95 81 17
481 50 32 9
480 358 77 22
480 106 93 29
480 148 59 17
480 302 49 16
480 190 17 5
480 118 67 24
480 87 96 23
480 76 69 18
479 460 75 19
479 279 113 22
479 170 72 20
479 119 78 18
479 447 86 25
479 258 107 24
479 100 41 11
478 124 442 88
478 477 105 25
478 56 207 38
478 14 258 63
478 391 131 42
478 79 149 35
478 445 91 23
478 367 95 26
478 175 68 17
477 478 114 25
477 175 33 10
477 103 17 6
477 125 37 11
477 164 770 173
477 91 353 84
476 339 71 16
476 205 83 19
476 185 38 10
476 355 12 4
475 261 46 9
475 219 36 10
475 80 47 13
475 253 63 15
475 406 32 7
475 484 40 10
475 135 62 20
475 10 46 15
474 360 39 9
474 164 35 10
474 350 21 7
474 280 69 14
474 40 31 8
473 122 38 9
473 483 75 18
473 300 32 10
473 449 75 20
473 8 51 13
473 18 17 5
472 273 16 5
472 316 23 6
472 183 43 9
472 47 35 7
471 349 55 17
471 393 54 15
471 316 64 17
471 292 71 19
471 265 50 10
471 183 96 24
471 204 55 15
471 55 51 12
470 17 43 10
470 160 66 21
470 332 69 22
470 207 59 14
470 279 49 11
469 154 77 19
469 187 13 3
469 342 50 12
469 301 45 9
469 270 58 11
469 295 49 11
469 211 105 29
468 6 33 8
468 154 53 20
468 342 42 11
468 284 50 14
468 405 34 7
467 168 51 11
467 155 10 3
467 337 33 11
467 237 71 17
467 39 51 13
467 408 64 17
466 192 42 8
466 31 23 8
466 121 30 7
466 498 42 10
466 27 71 17
465 263 9 2
465 274 73 20
465 309 24 9
465 268 51 12
465 444 61 16
464 499 40 11
464 182 49 12
464 337 45 12
464 331 40 12
464 380 42 12
464 298 30 8
464 68 34 8
463 23 11 3
463 409 4 1
463 314 26 6
463 313 69 18
462 198 38 11
462 16 50 11
462 194 30 7
462 422 20 6
462 349 41 9
462 210 9 3
461 164 162 31
461 266 62 18
461 339 93 18
461 185 34 10
461 355 34 10
460 183 128 30
460 55 76 16
460 37 79 24
460 170 99 23
460 149 36 11
460 479 73 22
460 100 97 18
460 133 43 15
459 294 108 31
459 344 61 19
459 285 38 10
459 224 35 11
459 217 28 7
459 453 70 25
459 493 65 18
459 389 32 7
458 118 36 12
458 127 22 8
458 66 57 19
458 282 47 11
458 315 189 58
458 87 84 17
458 434 145 43
458 448 210 49
457 250 45 12
457 184 34 7
457 494 40 11
457 260 34 7
457 305 49 13
457 293 34 9
456 165 54 13
456 208 15 4
456 233 50 12
456 377 54 14
455 490 30 5
455 442 29 6
455 286 55 11
455 33 27 6
455 141 20 6
454 84 25 6
454 17 58 12
454 279 53 14
454 201 7 2
453 294 86 27
453 36 68 17
453 330 37 10
453 264 56 15
453 459 91 19
453 493 27 8
453 43 2 1
452 367 34 8
452 175 45 10
452 103 26 7
452 418 21 5
452 28 25 6
451 275 45 13
451 169 34 8
451 402 31 9
451 370 7 2
451 306 61 13
450 182 38 10
450 92 9 2
450 486 31 8
449 483 37 8
449 473 86 17
449 334 52 14
449 269 27 6
449 215 73 19
449 8 85 23
449 106 98 18
449 156 91 22
449 276 107 25
448 153 72 15
448 416 47 11
448 313 73 17
448 205 368 121
448 77 166 53
448 434 37 8
448 458 225 51
447 479 111 29
447 119 23 8
447 378 72 17
447 258 98 27
447 167 45 10
446 82 75 18
446 131 36 9
446 190 79 21
446 315 77 17
446 101 29 11
445 478 104 27
445 367 37 9
445 79 26 9
445 379 9 3
444 465 64 16
444 274 74 19
444 268 36 10
444 92 80 27
444 299 92 21
444 11 38 11
444 415 64 14
443 67 49 13
443 404 51 11
443 332 52 10
443 207 75 18
443 435 46 13
443 234 54 15
443 286 57 14
443 41 66 20
443 490 50 14
442 41 32 8
442 33 29 7
442 455 27 6
442 490 21 6
441 49 28 8
441 407 34 10
441 323 69 16
441 108 101 25
441 67 104 22
441 433 38 10
440 147 239 72
440 366 150 31
440 180 27 9
440 21 525 129
440 48 63 14
440 158 37 9
440 93 34 9
440 24 50 14
439 130 29 6
439 333 13 4
439 54 22 5
438 364 66 17
438 385 24 5
438 371 34 8
438 304 47 14
438 235 45 14
438 39 67 22
437 353 84 18
437 171 9 3
437 126 20 5
437 136 40 10
437 114 96 24
436 195 70 19
436 198 59 13
436 94 39 10
436 395 17 5
436 372 37 8
436 16 42 11
435 234 47 11
435 443 44 12
435 9 70 20
435 243 72 17
435 286 42 9
434 485 67 23
434 153 48 10
434 414 76 23
434 66 77 20
434 448 37 9
434 458 139 44
433 49 24 7
433 348 23 6
433 160 53 16
433 441 29 10
433 67 91 27
433 404 66 18
432 228 34 9
432 362 25 7
432 31 90 26
432 413 110 20
432 111 84 18
432 199 83 21
431 128 23 7
431 64 6 2
431 83 58 12
431 112 62 16
431 375 45 11
430 426 34 10
430 374 58 10
430 96 4 1
430 179 22 7
429 9 63 12
429 178 46 11
429 336 56 17
429 243 77 17
429 213 63 15
429 90 62 15
429 329 42 15
428 235 63 16
428 252 47 12
428 408 33 8
428 109 30 10
428 261 34 10
428 406 21 7
427 25 72 19
427 212 17 4
427 78 30 7
427 487 37 10
427 294 43 12
426 264 135 37
426 91 154 43
426 102 103 24
426 179 11 4
426 311 31 9
426 374 84 22
426 430 32 10
425 249 51 16
425 117 70 20
425 384 24 5
425 71 80 16
425 481 45 13
425 209 67 18
424 123 75 16
424 488 48 15
424 364 15 5
424 297 14 4
424 206 57 13
423 24 105 28
423 369 48 10
423 327 46 11
423 13 46 12
423 326 45 12
423 48 101 24
422 462 17 5
422 194 36 10
422 277 37 8
422 211 67 18
422 152 85 29
422 403 77 21
422 61 91 17
422 210 13 4
422 292 35 9
421 90 59 15
421 213 54 11
421 146 61 11
421 221 41 12
421 30 49 10
420 89 22 6
420 394 33 9
420 73 75 21
420 53 45 11
420 373 46 9
420 46 43 10
419 339 110 34
419 375 91 22
419 112 22 6
419 491 77 19
419 45 49 12
419 205 62 15
418 103 40 10
418 452 21 5
418 28 26 7
418 125 48 13
418 38 44 10
418 98 53 12
418 196 56 15
418 312 46 14
417 415 57 11
417 11 57 15
417 353 73 23
417 300 43 15
417 126 42 11
417 18 32 8
416 492 89 25
416 346 67 21
416 354 56 17
416 153 79 17
416 448 45 10
416 313 37 13
415 299 77 20
415 444 59 13
415 11 32 10
415 417 47 13
415 300 26 9
415 32 63 15
414 485 49 13
414 410 41 13
414 434 98 25
414 142 32 7
414 66 12 4
413 31 47 15
413 432 100 23
413 498 16 5
413 352 52 18
413 407 81 23
413 390 99 20
413 199 67 23
412 183 108 28
412 227 92 25
412 397 49 10
412 129 45 12
412 133 21 6
412 149 22 7
411 162 40 11
411 34 44 12
411 410 45 10
411 302 108 20
411 127 55 12
411 142 23 6
410 172 75 24
410 34 60 14
410 411 47 9
410 485 11 3
410 142 36 10
410 414 45 13
409 346 69 16
409 53 36 10
409 463 4 1
409 313 60 16
409 373 40 12
409 23 12 3
408 467 73 18
408 39 66 15
408 235 51 14
408 237 20 5
408 428 31 8
408 109 33 11
407 352 74 18
407 413 90 25
407 390 59 20
407 226 57 11
407 323 65 15
407 49 52 12
407 441 42 9
406 428 21 5
406 261 28 9
406 475 35 8
406 109 59 12
406 484 36 9
405 342 30 7
405 468 38 8
405 284 38 10
405 270 41 12
405 94 81 21
405 15 45 13
404 160 116 26
404 67 28 9
404 433 73 22
404 332 52 12
404 443 51 14
403 422 103 21
403 152 20 4
403 356 14 4
403 318 27 8
403 174 74 16
403 61 91 16
402 451 27 9
402 169 24 7
402 69 59 15
402 244 22 5
402 306 36 10
401 123 73 17
401 100 54 13
401 258 44 12
401 482 70 19
401 168 55 19
401 272 60 14
400 46 63 20
400 248 122 24
400 77 17 4
400 23 59 16
399 29 104 27
399 296 74 21
399 281 71 17
399 52 107 32
399 178 37 9
399 3 38 9
399 242 85 17
398 304 71 20
398 235 18 5
398 252 2 1
398 219 23 7
398 80 36 11
398 145 42 11
397 285 94 29
397 227 64 21
397 412 45 13
397 129 12 4
397 255 62 18
397 1 37 11
396 243 32 6
396 90 18 5
396 329 20 5
396 30 71 15
396 104 64 13
395 287 102 27
395 368 155 33
395 328 77 18
395 195 60 16
395 436 19 6
395 94 40 10
394 10 52 11
394 135 58 16
394 89 31 8
394 46 26 7
394 420 35 10
393 189 77 21
393 325 67 21
393 273 35 8
393 349 91 22
393 471 50 16
393 316 13 4
392 72 48 11
392 341 24 8
392 203 29 8
392 208 34 9
392 377 70 14
392 150 46 10
391 478 147 41
391 56 47 15
391 130 72 19
391 262 52 10
391 79 30 9
390 111 36 11
390 413 75 24
390 199 35 8
390 407 57 21
390 160 51 17
390 348 45 12
390 49 45 13
389 459 31 8
389 493 54 12
389 19 67 16
389 217 13 4
388 482 29 9
388 206 41 11
388 297 32 9
388 39 49 13
388 168 26 8
387 495 48 12
387 229 40 10
387 385 80 18
387 232 13 3
387 371 65 14
386 491 48 17
386 248 3 1
386 83 47 11
386 375 29 8
385 495 103 21
385 387 68 17
385 364 58 14
385 371 24 6
385 438 21 5
384 249 76 21
384 425 23 6
384 257 58 15
384 71 59 15
384 351 64 23
383 75 59 21
383 44 9 2
383 486 61 18
383 272 9 3
383 139 25 6
383 182 45 14
382 366 22 8
382 29 56 10
382 52 15 4
382 251 26 7
381 14 40 10
381 124 32 7
381 287 42 10
381 60 21 5
381 368 28 8
380 499 45 14
380 464 55 13
380 68 29 6
380 88 9 3
380 120 67 12
379 445 9 2
379 79 24 6
379 345 27 9
379 28 38 10
379 367 44 10
378 207 99 27
378 119 60 16
378 447 63 14
378 41 18 4
378 33 64 14
378 263 69 16
378 309 80 17
378 167 83 16
377 392 67 18
377 208 52 16
377 456 52 12
377 150 69 18
377 233 41 13
377 246 56 15
377 231 67 17
377 321 54 11
377 303 15 4
376 120 81 23
376 310 17 4
376 238 29 6
376 73 35 11
376 143 80 20
376 4 11 3
375 431 61 11
375 419 91 22
375 112 94 23
375 491 86 22
375 83 12 3
375 386 38 9
374 426 81 17
374 91 247 56
374 430 56 13
374 288 68 14
374 96 40 12
374 496 83 20
374 256 78 16
373 420 46 13
373 46 62 19
373 53 11 3
373 23 32 10
373 409 42 10
372 195 66 19
372 436 36 8
372 16 27 6
372 325 68 15
372 189 24 5
371 387 69 13
371 385 30 7
371 232 59 13
371 438 35 9
371 304 42 11
371 319 40 11
371 218 52 12
370 275 41 11
370 451 8 2
370 306 49 14
370 350 62 14
370 360 70 14
369 242 78 20
369 173 65 21
369 116 77 16
369 336 65 18
369 213 60 15
369 24 72 18
369 327 38 11
369 423 38 11
368 14 36 8
368 287 48 9
368 381 22 6
368 60 26 6
368 320 113 27
368 395 117 31
368 328 136 33
367 445 38 10
367 478 106 28
367 175 29 10
367 452 34 8
367 28 31 8
367 379 40 9
366 147 114 27
366 197 46 16
366 57 54 11
366 29 41 14
366 440 137 30
366 382 22 6
366 251 46 13
366 180 108 29
365 181 32 8
365 215 41 9
365 216 37 11
365 107 73 19
365 278 75 20
365 358 93 23
365 106 32 9
364 424 16 4
364 488 69 14
364 495 94 21
364 297 20 5
364 39 73 22
364 385 61 16
364 438 66 15
363 338 60 17
363 78 53 14
363 105 42 11
363 293 65 23
363 357 15 5
363 344 89 25
362 187 98 22
362 228 29 8
362 432 21 6
362 161 36 9
362 177 93 19
362 111 73 23
361 193 75 21
361 236 70 21
361 334 42 10
361 115 15 4
361 5 19 5
360 275 56 16
360 496 48 13
360 256 56 12
360 350 24 7
360 370 72 15
360 164 43 11
360 474 43 11
359 340 21 7
359 159 42 11
359 132 70 17
359 62 24 6
359 247 44 9
358 365 69 20
358 106 93 23
358 278 13 3
358 131 48 11
358 480 89 17
358 190 55 16
357 78 56 16
357 363 12 3
357 294 42 11
357 344 78 21
356 152 5 1
356 222 30 8
356 403 15 4
356 318 30 9
355 461 27 9
355 339 65 17
355 185 28 6
355 476 14 4
354 492 113 27
354 245 44 10
354 485 48 14
354 416 71 16
354 153 8 3
353 11 80 16
353 239 58 15
353 120 20 6
353 417 79 19
353 126 65 15
353 437 71 16
353 114 123 31
353 238 102 23
352 498 55 12
352 27 20 5
352 413 67 18
352 97 22 6
352 95 52 12
352 226 59 14
352 407 82 22
351 257 95 20
351 384 71 17
351 147 19 5
351 71 92 22
351 197 77 18
350 370 53 14
350 360 19 5
350 306 94 24
350 474 26 6
350 280 77 23
349 16 48 13
349 189 78 16
349 462 30 9
349 292 21 5
349 210 43 11
349 471 58 18
349 393 103 26
348 390 38 9
348 49 21 5
348 160 31 11
348 433 23 7
347 233 97 22
347 186 87 20
347 166 79 20
347 121 42 10
347 271 46 12
347 117 45 13
347 249 65 21
346 73 43 12
346 492 60 15
346 416 61 20
346 313 65 24
346 409 63 17
346 53 38 11
345 79 42 14
345 379 35 8
345 262 69 14
345 22 48 12
345 38 48 12
345 28 22 5
344 363 93 26
344 293 70 20
344 357 81 28
344 294 137 29
344 305 83 25
344 227 85 23
344 285 61 13
344 459 76 21
343 341 397 75
343 124 204 64
343 165 236 52
343 154 79 19
343 140 27 8
343 259 36 11
343 70 48 15
343 20 41 8
342 405 32 7
342 154 97 23
342 468 40 11
342 469 34 9
342 270 25 6
342 301 5 2
341 124 657 134
341 72 48 12
341 343 365 75
341 165 108 27
341 203 42 9
341 392 29 8
340 48 175 47
340 326 83 18
340 132 69 17
340 159 45 15
340 359 24 6
339 200 62 11
339 266 56 15
339 280 27 7
339 112 98 23
339 419 107 30
339 461 85 18
339 355 83 22
339 476 73 17
339 205 134 29
338 58 73 20
338 290 55 12
338 289 55 19
338 2 68 15
338 138 58 16
338 105 50 12
338 78 99 24
338 363 59 20
337 139 64 16
337 155 40 10
337 467 31 10
337 182 45 16
337 464 36 10
337 331 56 17
337 237 67 13
336 3 50 10
336 178 55 16
336 429 71 17
336 242 75 15
336 213 49 14
336 369 81 20
335 35 14 4
335 193 55 14
335 274 61 13
335 299 66 17
335 32 88 19
334 193 66 18
334 361 47 12
334 115 43 9
334 215 49 10
334 269 42 11
334 449 56 13
333 130 33 9
333 262 55 14
333 439 18 4
333 54 30 7
333 22 58 18
333 2 67 14
333 58 60 15
332 160 111 31
332 470 69 18
332 404 47 13
332 207 30 9
332 443 50 14
331 464 45 12
331 337 58 14
331 237 30 7
331 298 15 4
331 68 19 6
331 113 52 11
331 109 39 12
330 86 40 10
330 91 49 10
330 264 44 12
330 453 44 11
330 36 46 9
329 243 20 7
329 429 45 11
329 90 22 5
329 396 22 6
328 320 75 15
328 368 109 28
328 395 87 21
328 195 38 8
328 12 8 2
327 369 39 11
327 213 49 15
327 13 13 4
327 423 49 13
326 423 51 11
326 48 106 30
326 13 93 18
326 340 97 24
326 236 91 21
326 159 73 22
325 195 62 12
325 372 48 17
325 189 54 10
325 393 63 21
325 273 64 16
325 81 25 6
324 14 98 31
324 56 73 26
324 320 5 1
324 130 40 9
324 317 82 22
323 240 46 16
323 95 61 15
323 226 54 15
323 407 69 20
323 441 57 17
323 50 78 20
323 108 67 22
323 296 38 12
322 42 21 5
322 225 47 12
322 186 56 14
322 267 9 3
322 192 54 12
322 254 28 7
321 377 44 13
321 303 45 11
321 188 23 6
321 489 18 5
321 231 22 5
320 14 90 22
320 324 5 1
320 368 125 24
320 328 82 19
320 317 92 24
320 12 69 16
319 26 110 27
319 232 34 9
319 69 59 13
319 371 47 13
319 218 12 4
318 222 53 14
318 356 35 9
318 403 31 7
318 160 91 17
318 174 43 13
318 17 42 10
317 320 87 23
317 324 80 20
317 130 64 19
317 54 36 11
317 176 32 8
317 191 10 3
317 12 69 16
317 214 26 9
316 273 32 7
316 393 14 4
316 471 72 20
316 183 41 10
316 472 29 7
315 446 58 18
315 101 72 16
315 190 113 34
315 21 42 15
315 65 39 11
315 87 130 33
315 458 202 46
314 23 32 10
314 463 25 7
314 77 56 15
314 313 56 13
313 346 81 20
313 409 52 16
313 463 61 16
313 314 48 12
313 416 52 11
313 77 138 31
313 448 64 14
312 125 24 6
312 98 10 3
312 212 105 34
312 25 34 11
312 196 48 12
312 418 63 16
311 102 90 23
311 85 27 6
311 157 16 5
311 179 35 9
311 426 37 11
310 4 10 3
310 500 19 5
310 73 32 9
310 376 16 4
309 378 85 17
309 167 62 18
309 75 75 18
309 263 40 8
309 486 55 20
309 268 29 8
309 465 28 8
308 191 19 4
308 176 31 10
308 241 23 7
308 214 16 4
308 151 23 5
307 132 44 11
307 107 75 16
307 82 24 7
307 278 73 21
307 131 62 17
306 451 55 14
306 402 45 11
306 244 31 7
306 370 47 15
306 350 106 24
306 99 71 23
306 51 88 25
306 128 85 22
306 280 85 26
305 457 61 17
305 293 73 16
305 494 16 4
305 47 17 6
305 344 99 24
305 227 47 12
304 438 47 14
304 371 31 11
304 218 39 12
304 235 74 21
304 99 72 21
304 145 48 14
304 398 66 16
303 233 35 11
303 166 38 10
303 377 15 3
303 188 16 4
303 321 44 11
302 276 50 15
302 156 61 14
302 162 85 17
302 148 21 6
302 480 53 15
302 118 77 20
302 127 88 21
302 411 85 25
301 342 5 2
301 270 20 5
301 469 34 11
300 415 32 7
300 122 19 5
300 32 40 11
300 417 54 15
300 473 36 9
300 18 52 10
299 274 22 7
299 335 50 18
299 32 38 9
299 444 65 19
299 415 68 18
298 331 16 4
298 464 31 10
298 68 9 2
297 424 18 5
297 206 43 13
297 388 42 10
297 364 17 5
297 39 83 15
296 50 97 25
296 323 55 12
296 63 124 28
296 29 122 32
296 399 96 19
296 108 67 13
296 281 70 21
295 270 3 1
295 15 37 11
295 469 54 11
295 211 101 18
295 110 40 11
294 78 68 14
294 487 20 7
294 427 44 16
294 357 51 10
294 344 135 31
294 459 136 34
294 36 35 7
294 453 86 20
293 184 32 10
293 105 50 17
293 363 91 23
293 457 36 9
293 344 63 14
293 305 77 18
292 349 21 4
292 422 42 12
292 210 25 9
292 61 61 13
292 265 60 19
292 471 62 16
291 62 19 5
291 216 41 10
291 247 10 3
290 22 40 13
290 38 38 9
290 58 27 8
290 289 34 7
290 338 58 13
289 38 29 7
289 196 28 7
289 290 26 7
289 338 63 15
289 25 67 15
289 78 86 20
288 374 51 14
288 96 87 20
288 26 59 14
288 169 60 17
288 256 37 7
288 275 33 10
287 124 34 8
287 381 41 11
287 368 43 10
287 6 71 19
287 284 39 11
287 94 103 24
287 395 121 28
286 443 55 16
286 490 40 13
286 243 29 9
286 435 42 9
286 455 47 11
286 141 62 13
285 344 61 13
285 227 88 25
285 397 97 29
285 459 46 10
285 255 62 21
285 224 19 5
284 6 43 14
284 287 49 10
284 94 77 19
284 468 41 12
284 405 49 14
283 72 99 28
283 150 47 12
283 246 29 6
283 231 30 8
283 257 54 12
283 147 146 40
282 118 18 7
282 76 11 3
282 458 57 16
282 87 34 8
281 108 42 10
281 296 80 24
281 399 54 17
281 178 59 11
281 9 15 4
280 306 86 29
280 350 69 22
280 200 48 14
280 474 67 16
280 40 53 15
280 128 128 27
280 339 30 9
280 112 91 24
279 17 53 19
279 454 45 11
279 201 43 11
279 470 54 13
279 207 75 19
279 119 86 21
279 479 110 29
279 170 54 15
278 365 59 16
278 107 30 8
278 307 77 19
278 358 9 3
278 131 51 11
277 198 17 6
277 110 47 16
277 194 10 2
277 422 28 9
277 211 71 19
276 449 105 27
276 106 79 20
276 156 14 3
276 302 59 15
276 148 37 10
275 360 50 13
275 169 57 17
275 288 39 10
275 256 7 2
275 370 52 11
275 451 52 13
274 104 96 22
274 263 86 18
274 30 90 21
274 465 77 16
274 35 83 16
274 444 77 18
274 299 18 6
274 335 70 19
273 325 80 16
273 260 57 15
273 81 56 17
273 7 41 10
273 393 27 9
273 316 23 8
273 47 49 10
273 472 14 5
272 258 25 8
272 44 14 3
272 401 71 16
272 168 67 18
272 139 18 4
272 383 10 3
271 347 50 12
271 121 61 13
271 117 29 6
271 97 43 11
271 27 34 9
270 342 19 6
270 405 40 12
270 15 42 11
270 301 21 5
270 469 52 12
270 295 4 1
269 193 88 22
269 483 27 9
269 334 40 11
269 449 26 6
268 486 75 17
268 309 29 8
268 465 49 12
268 92 78 21
268 444 32 10
267 42 13 4
267 254 14 4
267 322 11 3
266 164 81 22
266 461 71 21
266 339 51 11
266 200 37 8
265 292 61 15
265 471 40 13
265 61 40 9
265 84 64 13
265 201 68 13
265 204 32 7
265 37 50 9
264 330 53 13
264 91 32 7
264 453 60 13
264 43 46 12
264 426 132 37
264 102 50 17
263 33 43 12
263 378 77 20
263 104 62 19
263 309 33 8
263 465 9 3
263 274 75 20
262 391 48 14
262 79 40 12
262 130 58 14
262 345 55 18
262 22 47 9
262 333 53 12
261 252 26 5
261 428 33 9
261 406 29 7
261 475 45 10
261 219 10 2
260 163 41 11
260 250 46 14
260 47 39 9
260 273 57 14
260 7 25 6
260 494 43 11
260 457 30 8
259 343 40 11
259 140 14 3
259 165 232 45
259 42 82 22
259 228 108 30
259 20 22 6
258 479 110 27
258 447 106 19
258 100 75 20
258 401 44 13
258 272 23 6
258 44 20 4
258 75 85 21
258 167 91 18
257 283 54 14
257 231 45 12
257 489 22 6
257 249 80 17
257 147 119 27
257 384 64 19
257 351 76 26
256 374 67 21
256 288 31 9
256 275 7 2
256 496 39 12
256 360 60 16
255 285 63 18
255 397 54 13
255 224 48 17
255 1 30 9
255 497 71 17
255 137 52 15
255 488 80 23
254 267 15 5
254 42 21 6
254 31 57 13
254 192 25 7
254 322 23 7
253 145 21 6
253 80 15 5
253 99 68 14
253 475 55 14
253 51 65 17
253 135 87 20
252 398 2 1
252 235 18 5
252 428 51 11
252 219 30 7
252 261 21 7
251 382 30 7
251 52 34 7
251 366 53 15
251 180 60 16
251 242 73 23
251 202 51 11
250 2 58 15
250 163 15 5
250 138 37 10
250 260 58 13
250 457 48 12
250 184 36 7
249 166 31 6
249 188 51 13
249 489 63 17
249 257 78 19
249 425 62 14
249 384 59 21
249 347 82 19
249 117 67 22
248 46 104 29
248 386 4 1
248 135 115 23
248 83 50 12
248 400 86 27
248 491 60 14
248 77 114 29
247 359 36 13
247 62 25 8
247 291 12 3
247 216 45 10
247 107 36 10
247 132 62 13
246 150 47 10
246 377 68 17
246 231 6 2
246 283 22 7
245 136 36 9
245 492 84 23
245 114 83 22
245 223 26 6
245 172 37 8
245 354 39 11
245 485 59 15
244 69 48 15
244 402 19 5
244 306 29 8
244 99 77 18
243 9 81 25
243 429 57 19
243 435 62 16
243 286 28 10
243 329 25 7
243 396 30 8
243 141 50 17
243 104 59 15
242 251 83 19
242 52 82 28
242 399 81 16
242 3 41 10
242 202 65 21
242 173 70 12
242 336 77 18
242 369 74 19
241 308 20 6
241 176 48 14
241 151 6 2
241 7 41 14
241 163 32 6
240 226 3 1
240 323 55 16
240 95 15 4
239 499 12 4
239 92 49 9
239 11 104 22
239 353 75 18
239 120 49 16
238 120 88 21
238 376 23 7
238 353 112 22
238 114 27 7
238 73 46 12
238 230 19 5
237 467 85 17
237 408 17 5
237 109 33 9
237 331 29 7
237 337 71 17
236 13 57 16
236 146 50 14
236 221 35 11
236 326 72 23
236 159 99 22
236 193 51 13
236 5 82 25
236 361 78 20
235 304 81 18
235 438 57 15
235 39 73 16
235 408 60 16
235 398 23 6
235 428 68 12
235 252 18 4
234 67 10 2
234 108 56 16
234 9 75 21
234 435 45 10
234 443 54 13
233 456 46 15
233 165 91 20
233 225 68 16
233 377 38 10
233 186 55 18
233 303 36 12
233 347 77 26
233 166 39 9
232 229 42 15
232 59 74 16
232 26 105 28
232 387 13 4
232 319 35 8
232 371 60 14
231 377 61 14
231 246 6 2
231 283 28 8
231 257 38 11
231 321 22 5
231 489 22 5
230 238 18 5
230 114 25 6
230 73 32 8
230 492 15 4
229 19 96 23
229 134 104 28
229 59 29 7
229 232 55 10
229 387 42 10
229 495 34 7
228 259 91 27
228 20 109 23
228 70 100 21
228 187 86 25
228 42 108 30
228 31 118 29
228 362 36 10
228 432 29 7
227 47 54 13
227 305 36 9
227 344 78 20
227 285 107 23
227 183 54 11
227 397 64 21
227 412 97 21
226 352 59 11
226 95 15 5
226 240 3 1
226 407 42 14
226 323 57 17
225 165 70 19
225 42 77 23
225 322 59 17
225 186 21 8
225 233 59 17
224 459 46 11
224 285 20 7
224 217 29 7
224 497 79 22
224 255 60 15
223 136 14 4
223 245 29 7
223 172 9 2
222 177 14 5
222 111 44 14
222 160 58 18
222 152 37 7
222 356 26 8
222 318 43 13
221 421 40 8
221 30 59 16
221 35 55 12
221 146 36 11
221 193 57 15
221 236 41 9
220 157 26 8
220 85 18 5
220 134 46 8
220 59 69 18
220 96 82 19
220 26 79 20
219 252 28 7
219 398 26 6
219 261 8 3
219 475 32 10
219 80 34 8
218 304 35 11
218 371 46 11
218 319 14 4
218 99 72 21
218 69 41 13
217 459 21 7
217 224 30 8
217 497 81 25
217 19 75 16
217 389 14 4
216 159 50 17
216 62 51 12
216 5 60 16
216 291 41 8
216 181 57 17
216 247 37 10
216 365 45 11
216 107 38 9
215 115 46 8
215 334 37 13
215 449 70 17
215 181 9 3
215 106 46 12
215 365 41 9
214 191 32 7
214 12 59 17
214 317 34 7
214 195 55 13
214 81 52 14
214 308 16 4
214 151 28 6
213 429 78 18
213 90 62 18
213 336 49 14
213 369 74 19
213 327 56 16
213 421 54 13
213 146 63 15
213 13 66 16
212 312 153 39
212 125 161 45
212 25 95 20
212 427 15 4
212 86 64 19
212 487 33 10
211 187 102 27
211 469 79 27
211 295 100 22
211 110 69 19
211 177 69 21
211 161 40 7
211 152 98 20
211 277 63 13
211 422 64 23
210 462 9 2
210 349 34 8
210 422 11 4
210 292 25 6
209 481 20 6
209 425 59 14
209 71 33 7
209 50 22 7
209 63 37 9
208 203 12 4
208 165 58 15
208 392 47 9
208 456 18 5
208 377 66 16
207 470 64 20
207 279 62 16
207 332 38 10
207 443 60 16
207 41 79 22
207 378 113 27
207 119 65 19
206 482 13 3
206 123 30 9
206 424 49 15
206 297 47 11
206 388 33 11
205 419 70 20
205 185 89 27
205 339 101 28
205 476 76 20
205 45 38 8
205 491 125 33
205 448 459 93
205 77 245 77
204 471 59 15
204 265 28 10
204 37 27 6
204 55 9 3
203 341 44 11
203 165 53 11
203 208 16 3
203 392 37 7
202 251 42 10
202 180 11 3
202 158 51 14
202 242 88 17
202 173 66 13
201 84 34 9
201 265 63 14
201 454 8 2
201 279 47 12
201 170 34 10
201 37 38 10
200 164 48 12
200 280 59 17
200 40 29 6
200 339 59 16
200 266 26 9
199 432 82 18
199 111 15 6
199 390 28 8
199 413 67 17
198 15 63 16
198 94 75 20
198 436 56 19
198 277 23 5
198 110 59 13
198 194 14 4
198 16 62 16
198 462 36 12
197 147 68 18
197 351 91 18
197 71 92 20
197 63 78 20
197 57 41 14
197 366 53 13
196 38 41 8
196 418 43 11
196 312 42 14
196 25 44 8
196 289 27 7
195 328 28 9
195 395 57 19
195 12 34 10
195 436 81 20
195 372 62 20
195 214 50 15
195 81 76 14
195 325 63 14
194 198 13 4
194 462 30 9
194 422 27 8
194 277 8 3
193 221 51 17
193 35 46 14
193 335 50 14
193 236 54 15
193 361 57 21
193 334 74 15
193 269 61 17
193 483 90 16
193 32 77 20
192 322 52 13
192 254 29 7
192 121 34 11
192 186 83 17
192 31 41 12
192 466 29 10
191 317 11 2
191 214 27 8
191 308 18 4
191 176 28 7
190 358 55 20
190 131 68 19
190 480 15 4
190 446 75 26
190 87 94 22
190 315 139 27
189 372 24 6
189 16 20 6
189 349 62 16
189 393 68 23
189 325 42 11
188 303 15 5
188 321 23 6
188 166 35 7
188 249 36 10
188 489 32 11
187 154 84 21
187 469 12 4
187 70 61 15
187 228 80 18
187 211 84 27
187 161 96 25
187 362 101 24
186 322 59 12
186 225 23 8
186 233 73 19
186 347 79 19
186 121 84 17
186 192 75 21
185 461 38 10
185 205 78 26
185 476 32 8
185 355 24 6
184 138 20 4
184 250 32 8
184 457 29 9
184 293 39 9
184 105 49 14
183 316 33 12
183 472 36 10
183 47 48 13
183 471 77 23
183 55 118 27
183 460 107 29
183 149 102 27
183 412 83 21
183 227 43 10
182 383 47 13
182 139 44 11
182 450 38 11
182 486 58 14
182 92 47 11
182 499 54 16
182 337 63 14
182 464 59 12
181 115 42 11
181 5 38 10
181 216 65 13
181 215 9 3
181 365 37 10
180 366 94 25
180 251 54 12
180 202 13 4
180 158 34 12
180 440 32 7
179 311 35 12
179 426 13 4
179 85 57 15
179 96 22 7
179 430 20 5
178 399 34 9
178 281 52 13
178 9 40 10
178 3 37 13
178 429 47 10
178 336 60 16
177 362 74 25
177 211 78 18
177 161 79 15
177 152 22 6
177 222 15 4
177 111 46 12
176 54 40 11
176 317 30 7
176 308 43 12
176 191 29 6
176 241 51 12
176 2 20 6
176 163 44 13
175 367 34 8
175 478 85 23
175 477 46 13
175 103 21 8
175 452 39 10
174 403 53 16
174 61 39 9
174 318 44 12
174 84 9 3
174 17 50 9
173 202 62 16
173 242 50 13
173 158 18 5
173 369 83 23
173 116 14 3
172 136 23 6
172 8 68 15
172 34 107 22
172 410 95 21
172 223 9 2
172 485 92 18
172 245 32 8
171 126 18 5
171 437 8 3
171 136 37 9
171 8 47 14
170 201 39 10
170 37 36 11
170 460 85 24
170 479 80 19
170 279 60 12
169 26 91 19
169 288 73 17
169 275 55 18
169 451 34 7
169 69 49 17
169 402 24 6
168 482 34 8
168 401 71 15
168 272 90 17
168 139 86 18
168 155 55 13
168 467 51 14
168 39 47 13
168 388 24 7
167 447 54 9
167 258 66 23
167 378 65 21
167 309 67 20
167 75 17 4
166 233 34 8
166 303 35 8
166 188 26 7
166 347 93 24
166 249 29 8
165 343 243 67
165 341 96 27
165 203 54 16
165 208 47 12
165 456 39 12
165 42 149 42
165 259 204 54
165 225 72 15
165 233 64 18
164 477 771 203
164 91 350 82
164 496 92 19
164 360 49 13
164 474 34 9
164 40 32 9
164 200 51 12
164 461 138 33
164 266 79 18
163 176 43 11
163 2 55 14
163 241 29 8
163 7 50 11
163 260 45 10
163 250 13 3
162 156 53 10
162 34 2 1
162 411 41 9
162 302 84 23
161 187 112 25
161 362 26 9
161 211 37 9
161 177 88 21
160 111 86 16
160 222 59 17
160 390 58 15
160 318 65 19
160 348 43 9
160 433 45 15
160 404 118 29
160 17 82 21
160 332 120 23
160 470 79 24
159 326 71 20
159 236 103 23
159 340 43 12
159 359 37 11
159 62 34 10
159 216 63 14
159 5 59 18
158 180 48 11
158 202 53 10
158 440 35 9
158 93 7 2
158 173 17 4
158 116 19 6
157 102 62 17
157 134 37 10
157 220 23 7
157 311 18 4
157 85 17 4
156 449 112 22
156 8 113 22
156 276 11 4
156 302 63 15
156 162 42 10
156 34 43 13
155 168 45 13
155 139 63 16
155 337 38 9
155 467 10 3
154 124 159 36
154 343 87 17
154 70 69 15
154 6 90 16
154 187 87 21
154 469 69 16
154 468 72 19
154 342 75 22
153 354 7 2
153 485 59 12
153 434 52 11
153 448 55 18
153 416 72 19
152 211 87 19
152 422 89 28
152 177 23 7
152 403 15 5
152 222 30 9
152 356 5 2
151 214 30 8
151 308 16 5
151 81 51 14
151 241 5 2
151 7 49 12
150 72 64 16
150 392 40 12
150 283 44 11
150 377 65 16
150 246 45 13
149 183 79 22
149 460 40 10
149 133 16 5
149 412 23 6
148 276 42 11
148 106 79 18
148 302 20 6
148 480 51 18
147 72 205 71
147 283 155 37
147 257 86 22
147 351 21 6
147 440 230 72
147 197 74 17
147 366 116 29
146 213 60 15
146 421 61 15
146 13 14 4
146 221 35 10
146 236 39 12
145 304 61 16
145 80 16 5
145 398 47 13
145 253 19 5
145 99 60 15
144 113 50 10
144 109 48 15
144 484 32 8
144 143 72 20
144 500 62 18
144 10 34 10
144 89 65 17
143 88 26 6
143 68 37 11
143 113 36 9
143 144 59 14
143 500 61 14
143 120 87 20
143 4 51 19
143 376 66 17
142 410 29 9
142 411 22 6
142 127 49 18
142 414 31 7
142 66 48 11
141 286 52 15
141 455 17 5
141 243 59 15
141 33 31 9
141 104 9 2
140 343 30 9
140 20 19 5
140 259 12 3
139 168 94 22
139 272 18 4
139 383 20 6
139 182 38 11
139 155 57 12
139 337 48 17
138 2 54 13
138 338 64 16
138 250 33 10
138 105 50 11
138 184 15 5
137 497 7 2
137 255 66 17
137 495 71 18
137 488 51 14
136 171 32 8
136 437 42 11
136 223 16 5
136 114 68 17
136 245 51 10
136 172 23 5
136 8 65 14
135 475 84 18
135 253 106 28
135 51 71 20
135 10 55 14
135 394 60 12
135 46 78 21
135 248 93 24
135 83 73 15
134 102 89 21
134 19 44 12
134 157 45 10
134 229 101 23
134 220 33 12
134 59 86 17
133 129 65 18
133 149 15 5
133 412 25 7
133 460 60 11
133 100 79 24
133 123 73 27
133 74 74 20
132 48 233 70
132 340 72 19
132 359 61 21
132 247 61 15
132 82 75 14
132 107 72 21
132 307 44 12
131 307 71 20
131 278 45 15
131 358 44 12
131 82 61 18
131 190 84 19
131 446 34 12
130 56 90 19
130 391 101 19
130 262 76 14
130 333 42 12
130 324 44 11
130 439 31 8
130 317 77 15
130 54 53 10
129 397 14 3
129 412 35 12
129 133 60 13
129 74 76 20
129 1 25 7
128 306 111 21
128 51 63 18
128 280 100 30
128 112 52 11
128 431 29 8
128 64 31 7
127 302 94 19
127 411 64 15
127 142 51 14
127 118 44 10
127 66 73 19
127 458 24 7
126 417 36 11
126 353 78 16
126 18 61 16
126 8 52 18
126 171 19 5
126 437 19 5
125 477 34 12
125 103 43 11
125 418 47 14
125 98 17 4
125 312 22 7
125 212 141 38
125 91 306 62
125 86 229 46
124 341 668 119
124 343 180 47
124 154 151 35
124 478 326 80
124 14 64 14
124 6 82 19
124 381 30 8
124 287 39 11
123 100 99 22
123 133 85 25
123 74 46 16
123 401 66 16
123 424 66 16
123 488 58 18
123 482 48 12
123 206 32 9
122 32 45 9
122 300 15 5
122 473 38 9
122 483 43 12
121 186 82 23
121 192 35 11
121 347 47 12
121 271 70 18
121 27 62 15
121 466 27 6
120 499 47 13
120 380 49 17
120 88 52 18
120 353 23 6
120 239 58 11
120 238 98 22
120 143 79 18
120 376 85 24
119 279 89 24
119 479 94 17
119 207 64 24
119 447 25 7
119 378 82 19
118 302 72 18
118 127 39 9
118 282 22 5
118 458 44 9
118 76 26 7
118 480 71 25
117 347 57 14
117 249 72 15
117 425 66 16
117 481 65 18
117 97 57 13
117 271 23 7
116 158 22 6
116 173 14 4
116 93 17 5
116 369 77 22
116 24 34 7
115 361 14 3
115 5 19 5
115 181 41 11
115 215 33 10
115 334 34 12
114 437 97 22
114 353 100 27
114 238 19 6
114 136 85 22
114 230 25 6
114 492 16 5
114 245 65 23
113 68 45 11
113 331 38 13
113 109 20 6
113 144 39 10
113 143 39 10
112 128 47 13
112 280 107 23
112 339 128 26
112 431 77 18
112 419 19 6
112 375 112 26
111 432 93 18
111 362 89 21
111 177 56 16
111 160 87 16
111 222 52 12
111 390 42 13
111 199 19 4
110 15 23 8
110 211 56 15
110 295 44 11
110 198 56 12
110 277 51 12
109 237 30 7
109 408 32 10
109 428 31 8
109 113 20 5
109 331 44 11
109 144 49 14
109 406 45 15
109 484 58 15
108 441 83 24
108 323 81 19
108 281 44 9
108 296 54 15
108 67 63 18
108 234 66 17
108 9 49 13
107 247 47 9
107 216 45 13
107 132 80 21
107 365 62 19
107 278 30 9
107 307 81 23
106 215 48 12
106 449 92 24
106 365 39 10
106 358 98 26
106 276 85 16
106 480 105 24
106 148 84 20
105 338 39 12
105 138 46 11
105 184 47 15
105 363 46 12
105 293 49 12
104 243 55 16
104 141 8 2
104 33 39 9
104 396 57 13
104 30 94 20
104 274 80 20
104 263 64 18
103 175 26 8
103 477 19 5
103 452 27 9
103 125 57 11
103 418 41 10
102 264 55 14
102 43 61 11
102 426 112 23
102 19 91 25
102 493 61 13
102 134 62 19
102 311 74 16
102 157 64 17
101 82 62 18
101 446 41 8
101 315 54 19
101 21 39 13
100 460 96 27
100 133 82 19
100 479 48 13
100 123 97 18
100 258 62 18
100 401 40 11
99 304 78 15
99 218 78 21
99 69 78 17
99 145 48 13
99 244 68 22
99 253 65 18
99 306 87 23
99 51 53 13
98 125 19 5
98 312 11 3
98 418 56 13
97 117 57 11
97 352 21 8
97 271 39 9
97 27 39 9
97 95 31 9
97 481 72 16
96 220 68 21
96 85 74 18
96 179 28 6
96 430 4 2
96 26 86 19
96 374 49 12
96 288 76 21
95 97 35 8
95 352 41 12
95 481 56 18
95 50 53 14
95 226 20 5
95 240 18 5
95 323 73 20
94 284 69 21
94 287 95 25
94 405 80 22
94 15 41 12
94 198 74 14
94 436 46 10
94 395 37 9
93 158 7 2
93 440 34 7
93 116 19 5
93 24 33 10
92 182 47 9
92 268 76 20
92 486 39 11
92 450 7 3
92 444 84 24
92 499 46 13
92 239 40 11
92 11 89 25
91 477 307 80
91 125 228 78
91 86 46 11
91 330 42 10
91 264 25 8
91 426 174 48
91 164 321 120
91 496 296 67
91 374 205 68
90 429 69 18
90 329 24 6
90 396 21 5
90 213 62 17
90 30 61 15
90 421 68 17
89 144 68 16
89 10 52 12
89 500 75 18
89 73 65 20
89 394 36 7
89 420 21 5
88 68 25 7
88 380 7 3
88 143 28 8
88 120 61 17
87 190 90 18
87 480 74 20
87 76 19 7
87 282 36 7
87 315 134 31
87 458 66 24
86 212 54 17
86 125 203 48
86 487 53 13
86 91 40 13
86 330 34 8
86 36 44 9
85 220 16 4
85 311 21 5
85 157 17 5
85 179 55 13
85 96 63 18
84 61 32 10
84 265 67 16
84 174 11 3
84 17 41 13
84 201 31 10
84 454 22 6
83 51 87 24
83 64 59 16
83 431 53 15
83 375 11 3
83 386 40 11
83 248 38 12
83 135 61 15
82 48 320 68
82 132 63 20
82 307 25 6
82 21 106 23
82 101 53 16
82 131 79 15
82 446 63 16
81 195 57 17
81 214 65 17
81 151 49 13
81 325 23 6
81 273 52 18
81 7 41 13
80 398 37 10
80 145 20 5
80 219 24 7
80 475 57 15
80 253 20 6
79 478 145 31
79 445 27 8
79 345 41 15
79 379 26 8
79 262 56 13
79 391 30 7
78 289 76 24
78 25 84 17
78 338 88 25
78 363 53 15
78 357 52 12
78 294 54 15
78 427 22 6
77 400 16 4
77 23 68 16
77 314 54 14
77 248 133 31
77 491 139 45
77 313 106 26
77 205 280 78
77 448 149 47
76 118 23 8
76 480 77 19
76 87 25 6
76 282 12 3
75 258 83 21
75 167 15 4
75 309 61 19
75 486 36 10
75 44 62 21
75 383 68 17
74 129 68 21
74 1 67 14
74 488 39 8
74 123 57 14
74 133 90 25
73 310 33 7
73 376 46 10
73 238 44 11
73 500 42 11
73 89 82 19
73 230 34 10
73 492 41 10
73 346 37 9
73 53 49 13
73 420 60 22
72 341 36 12
72 147 240 53
72 283 117 26
72 392 48 13
72 150 46 16
71 384 73 17
71 425 76 19
71 351 94 24
71 209 37 7
71 63 20 6
71 197 81 24
70 154 66 15
70 343 46 15
70 20 41 11
70 187 44 12
70 228 85 27
69 319 58 14
69 26 93 22
69 218 59 11
69 99 55 19
69 169 49 13
69 402 62 12
69 244 53 12
68 331 27 5
68 380 24 7
68 464 32 8
68 298 8 2
68 88 25 7
68 113 59 12
68 143 36 9
67 441 108 26
67 433 80 21
67 404 28 8
67 443 65 15
67 234 8 3
67 108 71 15
66 127 62 16
66 142 37 11
66 414 16 4
66 458 59 20
66 434 97 26
65 21 11 4
65 315 54 11
64 128 23 6
64 51 57 15
64 83 60 12
64 431 7 2
63 71 20 5
63 209 32 7
63 50 43 10
63 197 96 18
63 57 86 24
63 296 91 32
63 29 73 24
62 159 37 8
62 359 24 6
62 216 55 15
62 291 20 5
62 247 28 6
61 422 82 23
61 292 56 15
61 403 84 19
61 174 37 8
61 265 31 11
61 84 34 8
60 14 14 4
60 381 18 6
60 368 27 7
59 134 79 23
59 220 74 16
59 229 33 8
59 26 56 14
59 232 63 19
58 22 30 7
58 333 64 14
58 2 68 18
58 338 64 20
58 290 23 7
57 197 49 14
57 63 99 20
57 29 9 3
57 366 46 13
56 478 186 47
56 14 106 28
56 324 77 24
56 391 63 12
56 130 76 17
55 471 68 16
55 183 111 24
55 204 9 3
55 37 24 7
55 460 79 14
54 439 22 5
54 333 24 9
54 130 43 12
54 317 41 10
54 176 32 12
54 2 52 12
53 73 63 11
53 420 52 15
53 373 11 3
53 409 41 11
53 346 32 8
52 29 46 12
52 382 15 4
52 251 37 10
52 399 119 32
52 242 86 20
51 99 66 15
51 306 91 22
51 253 72 20
51 135 83 17
51 128 79 15
51 83 88 21
51 64 53 15
50 481 36 8
50 209 30 7
50 95 43 11
50 63 46 11
50 323 107 24
50 296 86 25
49 390 46 11
49 433 24 6
49 348 26 7
49 441 33 8
49 407 51 11
48 440 47 14
48 24 24 6
48 21 380 105
48 82 297 84
48 132 206 50
48 340 174 41
48 423 113 27
48 326 101 35
47 260 47 11
47 273 45 12
47 472 36 7
47 183 61 16
47 494 13 3
47 227 46 11
47 305 16 5
46 394 28 7
46 135 81 18
46 420 30 10
46 373 69 17
46 248 91 25
46 23 75 20
46 400 88 17
45 419 56 14
45 205 32 9
45 491 78 21
44 258 19 5
44 272 13 4
44 75 69 16
44 383 8 2
43 264 60 13
43 102 54 13
43 493 31 8
43 453 2 1
42 165 154 36
42 259 115 26
42 225 91 21
42 322 24 6
42 267 12 4
42 254 21 6
42 31 78 24
42 228 139 35
41 443 92 19
41 207 112 25
41 490 40 11
41 442 26 8
41 378 20 4
41 33 45 12
40 164 38 11
40 200 28 8
40 280 46 12
40 474 29 9
39 297 67 16
39 168 48 15
39 388 48 10
39 364 84 21
39 467 42 12
39 438 72 18
39 235 63 16
39 408 68 19
38 345 53 14
38 28 59 12
38 22 44 11
38 418 46 10
38 290 45 10
38 196 41 8
38 289 29 8
37 265 45 13
37 204 30 8
37 55 28 7
37 201 37 9
37 460 75 22
37 170 38 11
36 487 31 8
36 294 30 8
36 86 41 9
36 453 82 18
36 330 33 9
35 30 29 6
35 221 61 13
35 274 79 17
35 193 62 13
35 335 13 4
34 8 90 20
34 172 81 27
34 162 2 1
34 156 48 11
34 410 75 14
34 411 39 11
33 41 46 13
33 442 31 8
33 455 22 7
33 378 65 13
33 141 28 6
33 263 41 12
33 104 30 8
32 335 89 21
32 299 37 12
32 415 46 13
32 122 43 10
32 300 49 9
32 483 43 12
32 193 92 21
31 254 58 16
31 42 75 18
31 228 83 21
31 192 39 10
31 466 32 8
31 498 60 14
31 432 106 25
31 413 53 16
30 90 58 12
30 396 63 13
30 104 101 25
30 421 40 10
30 274 96 20
30 35 24 6
30 221 61 12
29 57 7 3
29 63 72 22
29 366 45 13
29 52 52 11
29 382 44 14
29 296 108 26
29 399 136 34
28 379 41 10
28 367 27 6
28 345 23 7
28 452 28 8
28 418 27 9
28 38 43 14
27 121 75 17
27 466 71 19
27 498 39 11
27 352 20 5
27 97 38 8
27 271 35 9
26 220 80 20
26 96 77 24
26 59 54 11
26 232 101 25
26 319 113 22
26 69 124 22
26 288 61 16
26 169 84 27
25 312 31 9
25 196 41 10
25 289 60 15
25 78 61 21
25 212 83 21
25 427 78 23
24 440 54 11
24 93 28 10
24 116 28 10
24 48 20 5
24 369 78 23
24 423 92 26
23 46 70 23
23 463 10 3
23 373 38 8
23 409 12 3
23 400 61 14
23 314 32 9
23 77 72 18
22 345 41 11
22 262 40 12
22 333 57 19
22 58 30 8
22 38 36 13
22 290 51 13
21 440 422 131
21 48 398 95
21 82 97 29
21 101 42 14
21 315 46 13
21 65 12 3
20 140 17 4
20 343 31 8
20 259 21 6
20 228 109 29
20 70 37 8
19 493 80 20
19 102 80 21
19 217 78 16
19 389 52 18
19 497 71 23
19 495 90 31
19 134 34 11
19 229 111 25
18 300 44 12
18 417 29 8
18 126 66 17
18 8 45 15
18 473 18 4
17 318 35 11
17 174 40 14
17 84 45 12
17 279 52 14
17 454 65 14
17 160 85 21
17 470 40 10
16 436 55 11
16 372 20 6
16 198 66 15
16 462 50 12
16 349 58 13
16 189 21 6
15 270 33 10
15 405 60 12
15 295 33 10
15 110 29 8
15 94 43 12
15 198 54 17
14 124 60 19
14 60 18 4
14 381 33 9
14 368 37 8
14 478 316 74
14 320 121 24
14 56 139 26
14 324 86 29
13 327 14 4
13 213 49 12
13 423 51 14
13 326 73 18
13 146 16 3
13 236 47 15
12 320 78 17
12 328 9 3
12 195 33 8
12 317 85 19
12 214 66 15
11 92 121 31
11 239 106 26
11 444 34 11
11 415 31 11
11 353 71 18
11 417 59 16
10 484 27 9
10 475 46 13
10 144 42 12
10 89 41 14
10 135 79 18
10 394 42 10
9 108 44 11
9 234 72 20
9 429 49 14
9 178 40 11
9 281 14 4
9 243 101 26
9 435 64 16
8 449 86 24
8 126 72 14
8 171 45 15
8 473 56 16
8 18 53 13
8 156 91 30
8 136 58 14
8 172 61 14
8 34 101 19
7 151 40 15
7 241 41 14
7 163 42 14
7 260 26 6
7 273 49 11
7 81 37 11
6 124 73 20
6 287 60 18
6 284 46 12
6 468 35 7
6 154 87 21
5 236 69 22
5 361 27 6
5 115 20 4
5 159 66 16
5 181 43 9
5 216 51 16
4 500 22 6
4 310 12 3
4 143 67 14
4 376 11 3
3 178 48 13
3 399 42 10
3 336 35 10
3 242 48 13
2 54 58 11
2 333 72 15
2 58 71 17
2 176 29 7
2 163 45 11
2 338 50 15
2 138 45 11
2 250 48 14
1 397 42 11
1 74 53 13
1 129 28 6
1 488 85 17
1 255 35 9
