nnodes narcs source target drone_limit type
30 160 10 23 171 drone_routing_pli_project1
nodename posx posy
30 664.867 511.938
29 552.795 600.871
28 127.261 319.624
27 330.428 230.363
26 515.31 629.498
25 549.054 509.701
24 109.646 897.715
23 352.918 567.454
22 82.5088 782.54
21 221.073 749.126
20 126.436 630.602
19 299.118 944.346
18 168.46 771.005
17 308.456 780.927
16 236.793 813.963
15 627.672 177.248
14 937.804 455.239
13 660.822 102.847
12 929.278 938.523
11 954.526 412.785
10 988.428 255.41
9 63.8778 498.188
8 63.9737 907.1
7 932.623 672.055
6 161.535 12.5789
5 503.683 608.631
4 178.38 233.77
3 541.861 433.702
2 311.708 267.028
1 783.235 863.673
tail head car_cost drone_cost
30 14 301 299
30 7 304 326
30 11 285 291
30 1 326 328
30 29 147 127
30 25 122 103
30 15 346 338
30 3 131 147
29 30 159 142
29 1 297 392
29 26 55 44
29 25 76 83
29 5 49 57
28 4 107 83
28 6 366 280
28 9 203 223
28 23 308 377
28 2 202 204
27 15 279 320
27 13 405 371
27 3 256 281
27 2 38 47
27 6 257 244
27 4 158 159
26 29 50 41
26 1 329 305
26 17 299 264
26 23 172 179
26 5 21 28
25 30 94 120
25 29 109 95
25 5 122 130
25 3 75 64
25 23 165 243
24 19 230 212
24 16 161 125
24 18 116 119
24 22 101 99
24 8 47 39
23 25 212 208
23 3 241 278
23 26 191 169
23 5 173 131
23 17 205 250
23 20 276 275
23 21 258 229
23 9 279 298
23 28 271 345
23 2 252 332
22 18 73 84
22 24 96 142
22 20 166 164
22 9 269 331
22 8 108 121
21 17 109 91
21 23 224 217
21 16 60 61
21 20 168 159
21 18 52 48
20 23 273 276
20 21 157 152
20 18 159 170
20 9 131 142
20 22 135 165
19 12 514 546
19 1 481 516
19 17 142 140
19 8 273 251
19 16 145 133
19 24 186 186
18 16 95 92
18 21 47 67
18 24 141 153
18 20 161 147
18 22 85 103
17 1 494 422
17 26 263 277
17 23 192 189
17 19 190 175
17 21 80 99
17 16 86 79
16 19 117 118
16 17 88 81
16 24 127 124
16 21 58 72
16 18 74 95
15 11 395 458
15 10 330 312
15 13 83 75
15 30 328 352
15 27 316 312
15 3 246 309
14 11 49 40
14 30 333 254
14 7 202 230
13 10 401 433
13 15 73 70
13 6 470 546
13 27 391 370
12 10 581 653
12 7 316 316
12 1 167 193
12 19 515 682
11 10 142 185
11 14 54 49
11 7 287 213
11 15 406 434
11 30 345 319
10 12 742 701
10 11 147 160
10 7 430 372
10 13 396 347
10 15 419 383
9 23 259 279
9 6 520 464
9 28 208 173
9 20 176 144
9 22 238 301
9 8 491 424
8 19 225 272
8 24 44 43
8 22 107 144
8 9 448 478
7 10 450 399
7 11 256 240
7 14 246 250
7 12 231 298
7 30 260 348
7 1 222 199
6 13 502 434
6 27 238 326
6 4 196 236
6 9 461 427
6 28 334 300
5 29 57 55
5 25 122 98
5 23 178 178
5 26 20 22
4 27 147 181
4 2 162 142
4 6 210 180
4 28 114 83
3 30 140 167
3 15 250 305
3 25 80 72
3 23 215 243
3 27 297 328
3 2 245 241
2 3 236 236
2 27 46 39
2 4 154 128
2 28 195 171
2 23 300 348
1 12 188 167
1 7 227 238
1 19 557 480
1 30 371 342
1 29 299 320
1 26 348 288
1 17 500 484
