nnodes narcs source target drone_limit type
30 154 23 5 329 drone_routing_pli_project1
nodename posx posy
30 27.6361 138.377
29 591.696 265.061
28 2.20799 197.019
27 557.628 997.166
26 433.149 368.76
25 163.674 273.388
24 777.064 939.94
23 699.359 499.908
22 966.475 955.418
21 118.319 373.219
20 41.187 122.557
19 390.299 541.058
18 197.212 714.46
17 481.455 665.364
16 7.69238 606.643
15 745.059 816.21
14 961.165 885.922
13 24.9005 484.107
12 390.627 121.135
11 120.76 513.731
10 79.3911 312.879
9 803.492 138.988
8 620.534 283.871
7 332.658 476
6 66.6987 232.196
5 380.276 229.809
4 673.776 855.438
3 530.047 649.67
2 50.1539 732.548
1 654.037 568.264
tail head car_cost drone_cost
30 28 71 69
30 6 117 88
30 20 20 17
29 9 212 292
29 8 41 35
29 26 161 200
29 12 208 246
29 5 175 198
28 10 115 135
28 30 55 62
28 6 64 73
28 13 289 288
28 16 411 402
27 22 336 373
27 24 226 246
27 4 212 195
27 2 570 583
27 17 277 317
27 18 458 397
26 23 331 266
26 8 221 232
26 29 223 181
26 1 263 337
26 19 158 172
26 5 127 166
26 7 126 157
25 5 246 200
25 12 235 258
25 7 238 266
25 21 110 130
25 10 87 95
25 20 157 230
25 6 88 105
24 22 158 198
24 14 229 181
24 27 211 215
24 15 145 150
24 4 118 122
23 9 360 321
23 14 423 478
23 15 341 314
23 1 78 89
23 26 350 331
23 8 222 238
22 27 440 367
22 14 83 61
22 24 166 186
21 7 225 221
21 25 110 129
21 10 63 68
21 13 168 154
21 11 162 129
20 12 381 361
20 25 226 230
20 30 19 23
20 6 93 123
19 3 150 181
19 17 124 126
19 1 233 238
19 26 155 167
19 7 90 79
19 18 210 230
18 27 432 402
18 17 346 232
18 19 248 310
18 7 320 311
18 2 176 176
18 11 245 200
18 16 250 197
17 27 331 328
17 4 270 315
17 3 47 51
17 19 136 147
17 18 299 242
16 2 111 136
16 18 251 219
16 11 139 135
16 13 144 147
16 28 340 334
15 14 227 187
15 24 140 106
15 4 83 69
15 23 320 318
15 1 276 241
15 3 295 301
14 22 81 82
14 24 202 179
14 15 194 268
14 9 771 893
14 23 437 387
13 10 161 192
13 21 161 161
13 11 102 92
13 28 345 326
13 16 103 140
12 9 412 381
12 29 211 242
12 5 97 129
12 20 301 413
12 25 328 306
11 7 218 254
11 18 246 255
11 16 135 119
11 21 131 168
11 13 82 100
10 25 110 106
10 21 72 85
10 13 164 173
10 6 84 82
10 28 146 142
9 8 280 229
9 23 435 307
9 14 620 619
9 12 444 476
9 29 290 228
8 9 193 240
8 23 264 251
8 29 36 31
8 26 229 204
7 19 75 84
7 26 150 163
7 5 293 221
7 18 263 248
7 11 244 254
7 25 254 302
7 21 284 268
6 25 118 124
6 10 75 94
6 28 67 88
6 30 85 118
6 20 135 102
5 29 228 231
5 12 90 96
5 26 145 162
5 25 215 248
5 7 284 257
4 24 114 117
4 15 73 76
4 27 208 150
4 3 279 254
4 17 300 305
3 15 325 309
3 1 175 173
3 4 301 218
3 19 195 190
3 17 42 50
2 27 603 501
2 18 139 176
2 16 119 109
1 23 87 72
1 15 213 273
1 3 175 170
1 26 305 310
1 19 296 252
