nnodes narcs source target drone_limit type
50 272 41 17 181 drone_routing_pli_project1
nodename posx posy
50 787.853 232.487
49 495.837 166.31
48 31.2712 326.957
47 486.474 543.821
46 881.918 651.403
45 486.633 703.48
44 42.5706 264.401
43 504.788 452.112
42 501.872 493.281
41 170.811 455.757
40 135.784 413.903
39 53.8838 419.17
38 36.3018 301.909
37 95.1354 480.862
36 124.553 637.224
35 965.165 487.856
34 149.719 960.906
33 380.069 14.2555
32 864.217 155.977
31 770.459 694.387
30 27.6361 138.377
29 591.696 265.061
28 2.20799 197.019
27 557.628 997.166
26 433.149 368.76
25 163.674 273.388
24 777.064 939.94
23 699.359 499.908
22 966.475 955.418
21 118.319 373.219
20 41.187 122.557
19 390.299 541.058
18 197.212 714.46
17 481.455 665.364
16 7.69238 606.643
15 745.059 816.21
14 961.165 885.922
13 24.9005 484.107
12 390.627 121.135
11 120.76 513.731
10 79.3911 312.879
9 803.492 138.988
8 620.534 283.871
7 332.658 476
6 66.6987 232.196
5 380.276 229.809
4 673.776 855.438
3 530.047 649.67
2 50.1539 732.548
1 654.037 568.264
tail head car_cost drone_cost
50 32 116 31
50 9 112 23
50 35 275 88
50 29 177 48
50 8 150 49
50 23 241 76
49 9 343 70
49 29 119 33
49 26 191 54
49 33 192 57
49 12 107 30
49 5 107 39
48 21 82 25
48 39 79 25
48 10 60 12
48 38 24 7
48 28 151 39
48 13 139 36
47 3 110 25
47 42 48 14
47 1 181 42
47 19 91 27
47 17 144 34
46 35 178 48
46 14 265 56
46 23 280 52
46 31 104 30
46 15 203 50
45 27 302 89
45 4 209 57
45 3 81 19
45 34 488 98
45 17 42 10
45 18 336 86
44 10 53 17
44 6 34 11
44 28 67 21
44 38 31 8
43 23 176 45
43 8 178 48
43 29 213 47
43 42 34 10
43 19 137 32
43 26 132 23
43 7 166 52
42 23 231 56
42 43 49 13
42 19 139 29
42 47 61 12
42 1 165 41
41 7 163 48
41 25 167 46
41 11 68 19
41 40 57 12
41 37 67 21
40 25 165 36
40 41 52 13
40 37 91 24
40 21 37 10
40 39 82 17
39 40 90 17
39 21 81 17
39 37 75 19
39 48 100 22
39 13 77 20
38 44 44 12
38 10 47 11
38 28 94 33
38 48 26 8
37 41 75 17
37 40 70 21
37 39 83 21
37 13 72 16
37 11 50 12
36 7 220 75
36 18 106 25
36 2 104 30
36 11 110 37
36 16 104 36
35 22 561 131
35 14 403 118
35 46 211 55
35 32 318 71
35 50 290 93
35 23 216 66
34 27 484 116
34 45 423 126
34 18 229 61
34 2 254 63
33 32 529 129
33 9 530 108
33 49 221 40
33 20 289 73
33 12 116 31
32 33 592 117
32 35 286 89
32 50 125 30
32 9 66 14
31 46 133 30
31 15 107 30
31 4 192 52
31 23 242 46
31 1 165 39
31 3 277 73
30 20 21 6
30 28 77 18
30 6 114 30
29 50 182 58
29 9 224 74
29 8 29 10
29 43 247 47
29 49 146 37
29 26 155 42
28 44 77 22
28 38 107 31
28 48 151 35
28 30 55 14
28 6 66 18
28 13 327 59
28 16 454 104
27 22 456 116
27 24 271 65
27 4 216 54
27 45 362 66
27 34 451 110
26 29 156 46
26 49 224 47
26 43 103 33
26 5 133 31
26 7 155 32
25 5 178 57
25 12 322 79
25 7 271 69
25 40 160 35
25 41 159 41
25 21 127 24
25 10 101 23
25 20 195 51
25 6 110 29
24 22 178 51
24 14 189 48
24 27 188 48
24 15 113 38
24 4 110 33
23 46 258 72
23 35 281 58
23 50 284 70
23 31 178 55
23 1 84 18
23 42 233 47
23 43 189 43
23 8 261 56
22 27 471 97
22 24 186 41
22 35 496 132
22 14 72 21
21 25 109 30
21 40 53 12
21 39 66 17
21 48 83 25
21 10 74 19
20 33 371 96
20 12 394 87
20 25 223 40
20 30 19 6
20 6 133 26
19 42 128 35
19 47 90 27
19 43 145 38
19 17 132 40
19 7 92 18
19 18 307 69
18 45 284 79
18 17 324 65
18 19 275 71
18 7 322 76
18 34 253 57
18 36 102 28
18 2 162 34
17 3 51 12
17 47 103 29
17 45 39 10
17 19 131 35
17 18 254 66
16 2 148 35
16 36 132 36
16 11 147 43
16 13 127 34
16 28 338 119
15 14 252 49
15 46 198 51
15 31 111 28
15 4 81 17
15 24 143 31
14 22 83 19
14 35 371 99
14 24 210 47
14 46 222 71
14 15 197 47
13 37 57 21
13 11 117 28
13 39 79 21
13 48 156 45
13 28 252 83
13 16 141 36
12 49 119 28
12 5 108 31
12 25 303 81
12 33 126 25
12 20 311 93
11 7 216 59
11 41 67 22
11 36 120 33
11 16 119 34
11 37 41 10
11 13 119 28
10 25 101 20
10 21 82 19
10 44 62 16
10 6 67 18
10 38 37 13
10 48 41 12
9 50 101 20
9 32 69 17
9 29 205 74
9 33 491 94
9 49 354 85
8 50 190 42
8 23 246 66
8 29 36 8
8 43 218 54
7 43 201 41
7 26 168 33
7 5 232 65
7 19 104 22
7 18 274 66
7 25 306 57
7 36 262 64
7 11 210 62
7 41 158 35
6 25 85 26
6 44 43 11
6 10 87 21
6 20 99 27
6 30 86 26
6 28 84 17
5 49 133 28
5 26 174 37
5 12 111 31
5 25 199 59
5 7 286 68
4 15 84 23
4 24 159 27
4 31 170 54
4 27 199 51
4 3 294 52
4 45 238 55
3 31 257 65
3 1 134 31
3 4 241 72
3 45 73 18
3 47 109 24
3 17 56 12
2 34 206 57
2 18 122 43
2 36 117 33
2 16 116 36
1 23 87 24
1 31 191 45
1 3 148 35
1 42 176 44
1 47 196 46
