nnodes narcs source target drone_limit type
500 2962 145 240 130 drone_routing_pli_project1
nodename posx posy
500 881.745 5.76656
499 671.203 123.172
498 337.625 271.516
497 54.5725 233.777
496 36.0386 407.812
495 784.514 813.755
494 723.545 619.292
493 614.746 475.935
492 450.744 278.484
491 635.535 296.136
490 337.068 832.341
489 195.588 828.523
488 268.472 7.79
487 85.6683 64.3738
486 951.799 692.924
485 262.311 163.859
484 730.239 867.706
483 314.988 420.08
482 864.472 64.0816
481 625.025 956.289
480 335.18 277.834
479 703.138 736.939
478 153.052 120.203
477 420.239 701.303
476 247.278 482.553
475 830.398 49.5932
474 114.975 647.876
473 514.934 754.923
472 970.909 783.674
471 13.5637 303.512
470 355.142 116.223
469 35.4759 28.1749
468 298.49 950.153
467 14.9065 478.487
466 771.517 552.816
465 869.079 331.764
464 358.667 872.7
463 879.881 893.07
462 808.335 66.9319
461 724.857 245.199
460 262.474 946.161
459 270.365 310.797
458 812.667 136.349
457 674.459 182.444
456 357.544 46.3534
455 165.105 1.21882
454 139.736 517.006
453 19.0639 842.804
452 456.928 320.545
451 397.678 659.785
450 805.617 846.793
449 850.015 471.071
448 609.264 332.089
447 194.657 60.3111
446 983.109 695.4
445 784.63 305.077
444 20.9815 389.744
443 662.796 502.266
442 477.312 961.552
441 66.731 261.656
440 628.921 151.003
439 53.9576 522.324
438 502.065 137.136
437 523.196 303.609
436 553.207 816.296
435 610.091 965.619
434 606.692 44.6355
433 763.349 40.6084
432 235.38 427.223
431 858.013 356.838
430 474.591 209.947
429 497.243 946.109
428 485.776 947.009
427 384.821 574.817
426 531.001 57.0747
425 931.929 120.154
424 926.804 935.152
423 379.691 116.456
422 856.885 604.359
421 881.528 794.589
420 425.231 730.8
419 576.414 736.827
418 809.143 303.815
417 497.46 762.52
416 56.7865 130.656
415 673.434 972.011
414 994.478 95.8037
413 389.426 618.001
412 940.333 587.264
411 844.273 989.712
410 835.05 650.7
409 365.743 114.724
408 916.541 962.305
407 581.098 369.91
406 898.59 137.359
405 73.411 94.1476
404 527.47 847.092
403 837.845 793.794
402 444.032 695.119
401 463.769 293.814
400 78.633 408.728
399 256.668 213.946
398 255.712 91.7154
397 248.886 925.714
396 734.078 635.414
395 172.648 892.21
394 805.077 823.934
393 346.81 212.414
392 607.715 738.224
391 96.537 723.934
390 88.3652 160.952
389 740.586 85.2712
388 670.554 319.168
387 473.991 518.209
386 142.064 342.262
385 196.435 984.389
384 993.731 736.668
383 712.091 373.504
382 235.018 322.725
381 900.766 154.09
380 391.124 889.599
379 750.102 976.531
378 76.872 106.711
377 283.681 0.517351
376 913.071 399.859
375 831.308 559.411
374 67.1206 831.455
373 98.4062 969.606
372 874.143 900.954
371 606.376 376.222
370 637.336 346.669
369 221.587 13.9664
368 173.125 836.358
367 266.093 904.679
366 111.232 93.1124
365 628.633 46.3874
364 582.283 836.5
363 62.4732 542.215
362 223.036 607.237
361 581.318 825.456
360 445.728 376.943
359 332.064 347.954
358 494.207 972.195
357 241.595 485.445
356 833.09 22.9358
355 983.979 383.023
354 71.8719 997.397
353 696.09 407.928
352 644.945 136.753
351 357.511 421.389
350 379.405 839.486
349 740 336.722
348 460.368 464.296
347 390.341 241.901
346 20.4076 177.006
345 727.125 560.573
344 54.6734 526.232
343 168.247 369.405
342 811.909 919.188
341 344.532 629.624
340 496.871 216.451
339 150.813 8.80652
338 600.94 766.225
337 315.839 432.063
336 561.538 456.952
335 685.073 10.6847
334 640.689 744.035
333 776.378 536.412
332 858.763 173.278
331 830.112 20.503
330 768.272 110.957
329 396.505 502.827
328 598.53 238.415
327 20.5602 495.734
326 435.724 776.963
325 256.069 383.32
324 262.31 385.623
323 695.521 26.1616
322 799.15 587.9
321 993.582 866.217
320 654.881 411.933
319 711.893 362.353
318 568.005 507.939
317 867.862 474.231
316 853.291 284.116
315 147.139 745.792
314 157.345 882.804
313 77.9545 898.403
312 457.616 17.6696
311 976.469 541.362
310 870.423 584.549
309 988.882 941.756
308 279.574 426.965
307 83.0156 798.855
306 367.332 925.531
305 806.281 656.852
304 180.279 40.941
303 126.985 214.933
302 547.491 784.925
301 732.242 90.5665
300 187.348 643.792
299 960.872 30.3923
298 189.548 415.506
297 717.686 597.218
296 284.279 33.8777
295 532.733 679.865
294 251.882 891.617
293 603.353 947.813
292 371.457 696.633
291 568.142 512.027
290 640.195 121.149
289 712 448.507
288 848.339 158.527
287 763.811 618.137
286 495.735 774.995
285 818.654 985.487
284 60.3267 829.176
283 762.038 745.173
282 648.552 386.902
281 883.78 336.339
280 491.511 147.499
279 804.974 427.108
278 814.714 244.778
277 985.976 229.551
276 65.9384 825.336
275 691.375 843.793
274 394.77 531.415
273 536.32 494.169
272 245.227 928.251
271 475.859 511.677
270 352.783 478.292
269 95.7525 220.71
268 779.32 448.269
267 261.855 724.057
266 621.114 70.5058
265 949.872 152.305
264 979.851 907.097
263 444.267 690.772
262 785.662 84.0334
261 22.3066 541.63
260 242.032 380.904
259 856.55 578.245
258 459.63 948.488
257 728.298 444.552
256 241.208 159.04
255 469.26 120.497
254 750.935 109.143
253 984.424 875.485
252 774.105 39.0986
251 573.277 160.226
250 569.19 211.444
249 798.37 422.358
248 602.558 19.525
247 760.768 386.287
246 202.786 549.389
245 664.434 810.644
244 888.908 878.51
243 490.619 659.871
242 624.898 806.054
241 385.941 516.273
240 887.468 824.197
239 592.426 666.413
238 359.316 170.237
237 935.022 856.37
236 475.407 66.2679
235 724.267 193.738
234 452.825 437.566
233 543.198 34.5795
232 869.079 792.766
231 554.374 119.179
230 160.428 697.619
229 392.984 384.354
228 478.296 638.552
227 285.444 189.37
226 353.026 670.502
225 51.2248 538.946
224 301.211 303.071
223 82.7219 896.16
222 404.233 686.977
221 149.144 460.93
220 556.448 515.165
219 3.10232 190.553
218 403.833 705.696
217 772.082 186.928
216 386.787 51.431
215 152.41 433.818
214 979.957 629.191
213 573.661 784.836
212 450.178 992.188
211 21.6188 860.88
210 790.366 517.259
209 774.637 381.177
208 39.0441 845.384
207 270.175 925.843
206 865.311 101.976
205 945.93 195.327
204 37.7719 583.827
203 635.716 212.956
202 450.253 283.053
201 808.353 315.191
200 541.001 24.9077
199 154.351 128.569
198 806.297 25.3424
197 208.311 465.527
196 311.753 334.526
195 474.319 340.605
194 579.515 292.288
193 949.253 255.461
192 458.642 758.207
191 738.21 901.793
190 847.412 329.717
189 272.895 345.826
188 755.357 972.458
187 295.065 181.395
186 791.586 763.818
185 492.292 649.838
184 913.298 708.175
183 383.573 137.359
182 130.232 595.316
181 580.526 72.1853
180 849.687 525.475
179 901.192 86.8574
178 972.444 258.736
177 414.342 401.992
176 568.69 815.605
175 441.411 977.835
174 628.331 471.363
173 861.3 804.201
172 692.006 270.611
171 942.525 227.719
170 124.813 620.865
169 982.006 901.779
168 938.094 195.266
167 546.136 477.641
166 736.503 933.751
165 295.768 707.745
164 955.647 138.249
163 612.267 111.502
162 744.409 628.735
161 328.507 651.378
160 867.113 390.921
159 280.329 108.956
158 882.278 689.731
157 526.041 647.055
156 672.012 942.015
155 501.33 739.831
154 521.199 792.64
153 73.8261 577.035
152 297.509 485.389
151 96.5974 764.767
150 577.669 288.235
149 216.038 701.092
148 565.109 55.5268
147 121.907 182.802
146 408.641 980.37
145 312.355 366.258
144 667.579 811.737
143 633.303 161.383
142 579.142 744.414
141 110.081 969.036
140 919.121 407.065
139 862.028 597.736
138 353.872 805.206
137 542.245 420.308
136 554.522 261.709
135 810.859 792.774
134 73.7673 737
133 789.065 379.734
132 209.455 913.271
131 382.784 969.682
130 231.818 959.79
129 360.695 261.829
128 414.293 437.471
127 345.329 839.067
126 59.5277 687.064
125 573.41 469.97
124 977.757 722.971
123 719.98 101.002
122 776.187 929.435
121 999.385 487.462
120 524.392 142.778
119 566.043 681.56
118 337.743 276.789
117 272.03 346.383
116 681.345 892.201
115 601.89 627.384
114 550.321 768.491
113 24.2752 605.28
112 485.064 959.644
111 673.945 926.57
110 785.586 216.831
109 726.528 295.889
108 497.543 361.555
107 744.881 87.6272
106 250.871 873.36
105 773.996 346.906
104 884.377 906.627
103 827.399 90.4882
102 826.663 320.871
101 349.826 759.441
100 313.375 356.919
99 138.576 324.542
98 887.267 935.736
97 361.04 294.129
96 982.654 424.799
95 692.16 348.364
94 267.614 195.956
93 108.475 633.977
92 381.095 584.712
91 582.319 744.311
90 629.947 509.687
89 309.98 909.89
88 521.718 187.516
87 342.245 998.376
86 918.715 107.21
85 647.838 117.397
84 370.014 842.703
83 984.627 211.654
82 370.323 876.152
81 156.929 313.467
80 14.4179 480.073
79 648.407 544.528
78 666.445 825.523
77 509.378 561.413
76 795.101 917.522
75 187.364 608.134
74 285.441 138.46
73 584.459 389.7
72 119.919 145.332
71 540.938 549.906
70 915.983 516.798
69 639.268 47.1202
68 52.8214 889.941
67 326.361 330.965
66 950.31 732.464
65 916.203 72.1121
64 960.209 341.43
63 783.527 662.861
62 571.614 981.366
61 637.536 648.123
60 544.681 219.022
59 990.181 259.641
58 790.872 784.875
57 45.3586 889.761
56 483.298 607.65
55 144.873 468.435
54 973.003 802.14
53 446.978 596.072
52 618.948 226.235
51 688.768 967.755
50 920.574 3.40011
49 121.3 117.664
48 228.58 984.55
47 104.79 67.3954
46 455.309 210.132
45 431.035 813.444
44 311.024 850.63
43 393.687 207.332
42 653.518 32.2673
41 568.537 120.65
40 99.8224 184.451
39 481.517 535.211
38 451.108 725.892
37 39.8762 528.416
36 112.917 796.155
35 161.674 943.032
34 237.152 456.745
33 262.222 730.469
32 1.2558 58.3692
31 616.942 663.315
30 302.097 885.499
29 513.893 936.681
28 252.313 442.23
27 103.227 463.561
26 597.471 890.237
25 934.435 746.014
24 442.228 855.491
23 6.47672 635
22 198.543 609.662
21 323.826 125.034
20 211.685 138.647
19 207.937 347.634
18 139.709 827.551
17 135.458 896.491
16 465.894 21.2827
15 510.284 538.285
14 914.442 24.5556
13 296.743 721.587
12 467.928 755.911
11 788.292 311.839
10 897.465 197.942
9 324.264 857.388
8 507.414 530.33
7 532.589 868.111
6 256.372 792.962
5 627.09 987.452
4 682.985 612.102
3 553.675 217.735
2 573.263 801.507
1 912.433 159.083
tail head car_cost drone_cost
500 50 42 8
500 356 59 11
500 335 214 58
500 331 47 12
500 482 66 16
500 14 35 9
499 235 75 26
499 123 49 12
499 69 95 21
499 85 25 6
499 352 33 9
499 457 61 18
498 129 25 8
498 393 49 14
498 480 8 2
498 118 7 2
498 224 44 14
498 227 86 24
498 399 96 27
497 269 52 10
497 40 76 15
497 441 27 8
497 346 71 18
497 219 64 21
497 471 74 18
496 27 76 23
496 400 51 9
496 444 20 7
496 467 85 21
495 135 33 8
495 58 26 8
495 450 47 12
495 394 23 7
495 484 91 22
495 275 97 21
495 283 82 18
494 162 23 6
494 287 45 10
494 297 21 6
494 396 19 5
494 4 43 9
493 174 16 5
493 336 46 13
493 73 84 23
493 125 42 10
493 318 52 14
493 90 38 10
492 340 63 23
492 430 64 16
492 46 60 17
492 347 64 19
492 202 5 2
492 401 19 5
491 172 57 13
491 388 39 11
491 52 70 20
491 448 46 12
491 370 56 12
491 194 54 14
491 150 52 14
491 328 59 20
490 138 38 9
490 127 12 3
490 9 32 7
490 6 101 25
490 44 35 7
489 6 74 21
489 106 73 17
489 395 79 15
489 315 93 27
489 368 26 7
488 377 15 4
488 369 57 11
488 296 26 8
487 339 81 23
487 47 18 5
487 469 58 19
487 366 34 10
487 405 33 10
486 446 32 7
486 214 60 18
486 124 37 11
486 66 34 9
486 184 36 11
486 412 118 27
486 158 80 21
485 227 40 8
485 187 40 11
485 74 38 8
485 256 22 5
485 94 28 8
484 450 87 20
484 495 66 19
484 275 42 14
484 116 54 15
484 191 33 9
483 351 47 9
483 145 48 12
483 324 61 19
483 337 12 4
483 308 42 10
482 65 56 11
482 500 59 18
482 14 54 16
482 179 45 10
482 206 41 11
482 103 41 12
482 475 43 12
482 356 50 15
481 156 43 12
481 415 45 13
481 111 66 15
481 5 31 8
481 435 21 4
481 26 71 21
481 293 24 5
480 498 8 2
480 97 31 9
480 118 4 1
480 224 40 9
480 67 47 12
479 63 108 25
479 396 118 27
479 283 71 18
479 144 76 17
479 61 121 32
479 334 72 19
479 245 71 20
478 20 70 14
478 447 66 17
478 304 90 23
478 366 42 15
478 49 37 10
478 199 10 3
477 402 28 6
477 38 34 9
477 263 26 7
477 222 24 6
477 218 17 5
477 420 28 8
476 28 43 10
476 34 31 7
476 152 50 13
476 357 6 2
475 482 41 9
475 356 32 7
475 103 49 13
475 198 34 8
475 462 32 9
474 300 66 16
474 170 31 7
474 230 57 19
474 391 81 23
474 126 75 15
474 93 15 4
473 419 58 14
473 114 40 11
473 295 81 17
473 154 31 9
473 286 29 8
473 417 20 5
473 155 19 5
472 384 45 15
472 66 63 13
472 54 23 5
472 25 60 15
472 421 103 27
471 400 141 32
471 99 103 31
471 441 65 18
471 497 73 24
471 444 103 25
471 219 105 33
471 80 150 40
470 183 36 9
470 409 13 3
470 456 77 17
470 21 35 10
470 238 55 17
469 455 115 30
469 339 102 30
469 487 74 18
469 32 52 10
469 405 90 22
468 87 61 14
468 306 84 20
468 89 41 12
468 48 89 20
468 207 31 11
468 460 35 9
467 27 105 20
467 496 73 19
467 444 80 21
467 80 2 1
467 327 18 5
466 375 71 15
466 333 16 5
466 322 48 11
466 345 53 13
466 287 56 14
465 281 19 4
465 431 28 7
465 316 60 11
465 190 23 6
464 82 11 4
464 84 37 8
464 306 59 14
464 89 54 15
464 127 38 10
464 9 34 11
464 30 65 15
463 244 17 4
463 104 15 4
463 450 98 22
463 372 11 3
462 475 32 9
462 198 49 10
462 252 41 10
462 103 37 9
462 262 30 7
461 445 83 21
461 110 56 16
461 109 51 11
461 235 59 15
461 172 43 12
461 457 84 19
460 468 32 9
460 207 23 6
460 48 43 14
460 130 38 10
460 272 23 7
460 397 22 6
459 196 46 11
459 224 36 9
459 189 41 8
459 117 42 9
459 399 112 22
459 382 31 10
458 206 58 13
458 103 43 11
458 217 66 20
458 288 36 12
458 330 59 16
458 262 64 16
457 461 86 22
457 235 49 11
457 172 77 23
457 203 44 14
457 499 71 16
457 143 41 12
457 352 53 12
456 312 94 22
456 216 26 9
456 409 57 21
456 470 77 19
456 21 93 18
456 377 74 24
456 296 61 17
456 159 93 26
455 377 128 36
455 369 59 17
455 469 140 38
455 339 15 5
455 304 49 12
454 197 82 23
454 55 46 10
454 246 83 15
454 182 90 23
454 153 84 27
454 363 93 17
454 27 57 18
454 439 99 26
453 284 42 13
453 134 116 28
453 208 20 6
453 211 22 5
453 23 250 59
453 126 173 42
452 401 23 8
452 195 25 7
452 360 53 14
452 229 93 20
452 97 88 25
452 202 40 11
451 228 92 19
451 263 65 13
451 53 76 21
451 222 32 7
451 292 45 10
451 226 45 11
451 413 48 12
451 341 70 18
450 244 99 20
450 463 86 21
450 372 77 20
450 240 84 23
450 173 77 21
450 342 68 16
450 76 63 19
450 484 69 18
450 191 77 21
450 394 25 7
450 495 34 11
449 317 18 6
449 160 96 24
449 180 54 13
449 210 86 21
449 268 67 19
449 279 58 16
448 370 33 8
448 491 43 10
448 371 39 13
448 194 41 13
448 407 44 13
447 369 61 14
447 398 61 16
447 20 69 21
447 478 77 19
447 304 21 6
446 124 30 7
446 384 51 12
446 214 77 19
446 486 28 8
445 418 21 7
445 278 75 19
445 110 105 19
445 11 9 2
445 349 49 13
445 461 96 21
445 109 62 18
444 400 62 14
444 496 23 7
444 467 77 26
444 471 73 22
444 80 108 20
443 289 63 20
443 79 52 10
443 345 87 26
443 90 36 10
443 174 55 12
442 112 10 3
442 358 19 5
442 428 19 5
442 212 47 10
442 258 24 7
442 175 47 8
441 81 96 27
441 303 71 19
441 269 55 14
441 497 26 7
441 471 64 15
441 99 101 28
440 352 24 6
440 290 32 8
440 143 11 4
440 251 57 16
440 163 46 12
439 454 78 26
439 27 74 16
439 363 23 6
439 344 5 2
439 327 41 9
439 37 17 5
438 231 50 16
438 426 103 25
438 120 21 7
438 280 13 4
438 236 63 23
438 255 40 10
437 150 57 15
437 136 49 14
437 108 76 15
437 407 83 21
437 194 58 17
437 195 73 19
437 401 61 18
437 340 83 25
436 2 24 7
436 364 34 9
436 176 19 4
436 404 44 9
436 302 36 9
436 154 39 12
435 5 31 7
435 481 18 5
435 293 22 6
435 62 45 12
434 365 26 6
434 248 29 7
434 148 44 9
434 181 44 9
434 266 33 7
433 198 45 12
433 262 59 14
433 252 10 3
433 107 50 15
433 389 57 12
433 335 89 25
433 323 76 19
432 308 41 13
432 324 42 11
432 28 24 6
432 325 44 12
432 260 42 11
432 298 46 13
432 34 28 9
432 197 46 11
431 281 31 7
431 465 25 8
431 160 43 11
431 190 31 8
431 102 41 14
431 133 68 21
430 88 55 14
430 280 74 18
430 340 21 7
430 46 21 6
430 492 83 20
429 29 18 5
429 358 24 7
429 428 12 3
429 112 20 6
428 29 27 7
428 429 13 3
428 112 11 3
428 442 15 5
428 24 85 25
428 258 30 8
427 274 40 13
427 241 52 15
427 152 110 26
427 92 10 3
427 53 58 19
426 181 54 15
426 231 79 16
426 200 35 9
426 148 28 8
426 233 26 6
426 438 82 21
426 16 69 21
426 236 48 16
425 414 72 15
425 164 30 9
425 265 39 11
425 65 47 11
425 1 39 11
425 86 20 4
425 406 42 12
424 309 73 17
424 264 54 15
424 237 80 17
424 408 24 7
424 98 40 9
424 244 60 14
424 104 44 15
423 255 99 24
423 216 61 19
423 409 15 4
423 183 19 5
422 158 85 23
422 139 7 3
422 410 55 11
422 259 22 6
422 322 57 17
421 54 103 22
421 472 87 26
421 25 76 21
421 184 104 27
421 240 28 8
421 232 14 4
421 173 25 6
420 192 41 12
420 38 26 6
420 477 32 7
420 326 42 12
420 101 93 20
420 218 33 9
419 392 30 10
419 91 10 3
419 142 8 2
419 114 37 10
419 473 60 18
419 295 76 20
419 119 46 17
418 102 27 7
418 201 13 3
418 316 40 15
418 278 66 13
418 11 27 6
418 445 22 8
417 473 19 6
417 155 27 7
417 12 26 8
417 286 15 3
416 405 36 9
416 378 28 7
416 390 53 13
416 32 82 21
416 346 64 17
415 379 91 17
415 51 16 4
415 5 48 11
415 156 35 7
415 481 52 12
414 121 418 102
414 59 138 48
414 83 134 29
414 164 68 17
414 425 56 19
414 299 79 19
414 65 77 21
413 53 57 17
413 451 39 10
413 341 56 10
413 92 29 8
412 214 66 13
412 311 63 14
412 486 116 24
412 70 85 18
412 158 111 28
412 310 70 20
412 139 79 22
411 309 165 38
411 408 82 16
411 98 73 20
411 87 484 121
411 342 90 23
411 285 23 7
411 5 242 59
410 422 58 11
410 322 59 18
410 305 34 7
410 158 56 15
409 216 57 15
409 423 14 5
409 183 24 7
409 456 81 15
409 470 10 3
408 309 88 16
408 424 35 9
408 98 42 11
408 411 79 23
407 371 31 8
407 448 52 11
407 108 71 20
407 73 19 6
407 137 54 13
407 437 95 20
407 194 87 21
406 425 35 9
406 86 36 11
406 1 31 6
406 179 54 12
406 381 15 5
406 288 57 15
406 206 44 10
405 366 33 8
405 487 30 10
405 378 15 4
405 416 37 10
405 469 67 19
405 32 91 19
404 364 46 13
404 436 47 9
404 7 20 5
404 154 60 12
404 24 84 18
403 232 35 7
403 158 121 34
403 186 61 12
403 173 22 7
403 135 30 7
403 394 51 13
402 155 68 15
402 243 60 13
402 263 5 1
402 477 28 8
402 38 27 9
401 437 65 16
401 340 77 25
401 195 52 12
401 452 25 9
401 202 15 4
401 492 22 5
400 215 84 23
400 343 91 27
400 386 99 20
400 99 91 26
400 444 63 14
400 471 127 31
400 496 36 12
400 27 65 17
399 224 101 25
399 498 100 23
399 227 32 11
399 94 19 5
399 459 115 24
399 382 130 28
399 256 52 14
399 303 121 37
399 81 121 36
398 296 76 16
398 256 59 19
398 159 33 9
398 369 99 23
398 20 71 18
398 447 64 17
397 207 20 7
397 367 26 9
397 294 33 9
397 272 5 2
397 460 28 7
396 63 62 15
396 162 14 3
396 479 93 32
396 61 106 22
396 494 19 5
396 4 50 17
395 132 48 11
395 106 67 24
395 489 77 16
395 368 50 12
395 35 53 16
395 314 18 5
395 17 45 12
394 173 70 17
394 403 46 11
394 135 34 8
394 450 21 7
394 495 25 6
393 347 59 16
393 129 62 13
393 498 54 13
393 238 52 11
393 43 52 11
393 187 70 18
393 227 79 15
392 31 82 20
392 334 34 10
392 338 27 7
392 91 29 7
392 419 26 9
392 239 63 20
392 119 79 20
391 230 76 16
391 315 66 15
391 474 66 18
391 151 38 11
391 126 51 11
391 134 31 7
390 72 41 9
390 147 39 9
390 40 31 8
390 378 50 14
390 416 47 10
390 346 80 19
389 433 45 13
389 323 86 17
389 301 9 3
389 107 6 2
388 109 56 17
388 172 50 16
388 95 38 9
388 491 46 12
388 370 46 12
387 8 36 10
387 271 9 2
387 39 17 5
387 274 96 18
387 329 66 19
386 81 35 9
386 343 34 8
386 400 92 23
386 99 21 5
385 48 30 8
385 87 129 33
385 130 39 11
385 354 106 34
385 35 63 12
385 141 86 26
384 121 248 61
384 321 155 39
384 214 123 23
384 54 73 19
384 446 44 10
384 472 52 12
384 66 42 11
384 124 24 6
383 247 55 14
383 319 12 3
383 353 35 10
383 95 37 10
383 282 67 17
382 459 36 12
382 117 40 13
382 399 92 24
382 81 94 21
382 19 34 11
382 260 65 17
381 332 48 10
381 10 42 12
381 1 16 4
381 406 19 5
381 288 58 16
380 24 53 16
380 258 77 19
380 306 51 13
380 350 61 14
380 82 26 7
379 285 82 19
379 188 7 2
379 5 139 35
379 166 51 11
379 51 56 14
379 415 78 17
378 72 57 17
378 49 47 10
378 366 34 9
378 405 11 3
378 416 28 9
378 390 60 13
377 50 583 154
377 335 480 97
377 312 172 47
377 456 73 25
377 296 36 8
377 488 20 4
377 455 96 32
377 369 68 19
376 64 81 21
376 355 80 22
376 140 12 2
376 281 79 16
376 160 43 12
375 180 45 9
375 259 30 10
375 322 40 12
375 466 62 18
375 210 68 15
375 333 61 17
374 18 74 21
374 36 54 16
374 307 30 9
374 223 74 15
374 68 61 14
374 276 6 2
374 284 8 2
374 208 26 9
373 141 13 4
373 354 39 11
373 223 64 16
373 313 66 22
373 68 106 23
373 57 89 25
372 104 10 3
372 463 11 3
372 98 41 9
372 450 85 26
372 342 64 15
371 370 42 9
371 448 46 12
371 407 23 6
371 73 23 6
371 320 54 17
371 282 39 9
370 95 47 14
370 388 38 11
370 282 48 13
370 371 47 13
370 448 29 7
370 491 59 12
369 488 39 13
369 377 59 19
369 296 70 19
369 398 73 26
369 447 57 14
369 455 55 17
369 304 51 14
368 489 24 7
368 395 48 14
368 314 45 11
368 315 82 23
368 18 40 10
367 89 41 13
367 30 36 9
367 207 19 7
367 397 27 8
367 106 36 9
367 294 19 5
366 304 84 20
366 478 44 14
366 49 22 8
366 378 34 10
366 47 27 6
366 487 38 8
366 405 34 8
365 42 32 7
365 266 21 8
365 69 13 3
365 248 31 8
365 434 25 5
364 242 52 13
364 26 54 14
364 7 52 13
364 404 52 13
364 361 12 3
364 436 43 8
364 176 25 7
363 454 95 23
363 153 40 11
363 439 20 6
363 344 20 5
363 225 13 4
363 204 51 11
362 161 124 24
362 341 119 35
362 152 158 33
362 165 113 36
362 149 83 25
362 246 51 13
362 22 28 6
362 300 48 13
361 242 50 14
361 2 29 6
361 364 10 3
361 176 15 4
360 108 51 13
360 195 42 12
360 452 68 15
360 229 63 13
360 177 40 10
360 234 68 16
359 229 60 21
359 97 62 17
359 351 73 20
359 67 21 5
359 145 29 8
359 100 21 6
359 196 21 7
358 62 83 18
358 29 34 11
358 429 28 7
358 212 55 11
358 112 16 4
358 442 21 5
357 152 57 14
357 476 6 2
357 246 86 16
357 34 27 9
357 197 36 9
356 500 54 12
356 475 26 6
356 482 55 12
356 331 4 2
356 198 33 8
355 121 93 29
355 59 108 29
355 96 35 10
355 64 40 14
355 140 59 15
355 376 74 19
354 87 310 59
354 385 102 32
354 141 45 12
354 373 35 10
354 57 102 23
354 211 133 35
353 257 52 15
353 247 69 17
353 383 39 11
353 289 47 11
353 320 36 10
353 282 61 13
352 85 19 5
352 499 26 7
352 440 21 6
352 290 20 4
352 143 23 8
352 457 61 14
351 177 51 15
351 229 53 12
351 270 57 12
351 128 56 17
351 337 52 10
351 483 40 12
351 359 68 17
351 145 60 19
350 24 76 20
350 45 63 13
350 380 52 12
350 82 33 10
350 138 39 9
350 84 10 3
349 11 52 17
349 105 32 9
349 445 59 16
349 247 49 12
349 109 50 10
349 319 42 8
349 95 40 11
348 167 81 26
348 273 87 24
348 137 97 27
348 329 81 18
348 271 46 12
348 234 33 8
348 128 48 13
347 492 77 17
347 46 80 15
347 43 42 9
347 97 65 17
347 202 86 15
347 393 45 11
347 129 39 11
346 40 94 23
346 390 62 20
346 416 64 17
346 497 77 14
346 32 116 28
346 219 27 6
345 466 47 13
345 333 45 16
345 287 81 19
345 297 31 10
345 4 73 16
345 289 121 28
345 79 92 20
345 443 86 27
344 363 20 6
344 225 13 4
344 439 5 2
344 37 14 5
343 19 44 11
343 81 52 14
343 215 74 16
343 298 54 14
343 400 102 25
343 386 43 9
342 98 84 19
342 372 54 17
342 411 74 23
342 285 65 20
342 450 85 19
342 76 20 5
342 122 35 11
341 451 72 14
341 413 47 10
341 92 52 13
341 226 46 11
341 161 29 6
341 152 156 41
341 362 142 37
340 136 69 20
340 60 50 13
340 88 44 9
340 437 84 23
340 401 99 18
340 492 82 18
340 430 22 7
339 455 14 4
339 47 82 22
339 304 49 11
339 469 132 30
339 487 76 22
338 334 47 12
338 392 32 7
338 242 52 12
338 213 33 8
338 2 46 12
338 91 29 7
338 142 30 7
337 351 35 10
337 270 59 16
337 152 58 13
337 483 12 3
337 308 43 10
336 493 63 15
336 73 59 16
336 125 20 5
336 137 48 10
336 167 25 6
335 500 158 43
335 50 282 71
335 331 171 35
335 198 103 31
335 433 89 20
335 323 18 5
335 42 36 11
335 248 69 24
335 377 397 97
335 312 273 60
334 479 65 15
334 242 63 20
334 245 79 21
334 31 69 20
334 61 90 29
334 392 33 8
334 338 46 12
333 466 16 5
333 375 49 17
333 210 26 6
333 345 66 14
333 257 87 29
333 289 116 30
332 381 52 12
332 10 49 13
332 278 73 18
332 110 70 21
332 288 20 5
331 500 60 14
331 335 121 43
331 198 21 6
331 356 5 1
330 458 44 11
330 262 35 8
330 107 29 9
330 217 63 18
330 254 17 5
329 387 64 21
329 271 64 22
329 348 79 20
329 128 61 17
329 274 35 7
329 270 54 15
329 241 18 5
328 52 29 7
328 491 64 20
328 150 50 16
328 136 49 13
328 3 49 13
328 250 38 11
327 439 51 12
327 37 39 12
327 27 93 24
327 261 41 13
327 467 17 5
327 80 14 4
326 286 61 18
326 192 26 8
326 45 43 9
326 138 90 25
326 420 54 13
326 101 80 24
325 117 40 9
325 324 8 2
325 432 50 13
325 260 14 3
324 483 54 18
324 145 61 16
324 117 45 12
324 308 49 13
324 432 40 15
324 325 7 2
323 389 85 16
323 433 81 20
323 301 66 17
323 335 18 6
323 42 48 12
323 123 67 21
322 422 68 16
322 410 85 20
322 259 49 14
322 375 47 12
322 305 58 17
322 287 47 12
322 466 45 14
321 121 386 85
321 384 143 33
321 309 78 21
321 169 31 11
321 253 13 4
321 54 76 15
321 237 65 13
320 353 41 11
320 289 62 14
320 174 77 14
320 73 69 18
320 282 31 7
320 371 54 16
319 247 46 14
319 349 41 9
319 95 23 7
319 383 11 4
318 125 40 12
318 90 51 16
318 493 53 17
318 167 36 11
318 273 31 8
318 291 5 1
318 220 16 4
317 140 73 23
317 180 48 12
317 70 58 16
317 449 22 5
317 160 68 24
316 193 93 27
316 171 122 31
316 281 61 19
316 10 100 25
316 465 44 14
316 190 54 10
316 102 52 12
316 278 55 15
316 418 50 15
315 6 137 30
315 489 85 21
315 149 88 24
315 230 42 11
315 368 106 26
315 18 77 22
315 36 69 18
315 391 61 15
315 151 44 15
314 368 45 11
314 395 16 4
314 18 54 17
314 17 22 6
313 223 5 2
313 68 23 7
313 373 65 21
312 248 127 39
312 200 96 18
312 335 246 49
312 216 90 21
312 236 50 12
312 16 10 3
312 377 199 40
312 456 118 27
311 121 68 12
311 214 89 25
311 70 74 20
311 412 66 15
310 70 84 19
310 412 75 19
310 139 17 4
310 259 15 4
310 180 56 18
309 321 86 16
309 411 161 31
309 408 91 17
309 169 49 11
309 264 35 11
309 424 68 13
308 337 38 11
308 483 38 8
308 432 53 11
308 324 48 10
308 28 29 8
308 152 64 16
307 151 39 10
307 36 25 9
307 374 39 10
307 276 27 7
307 134 64 16
307 284 43 11
306 146 69 19
306 258 114 26
306 131 40 14
306 380 46 13
306 82 46 11
306 87 70 21
306 464 58 15
306 89 60 17
306 468 78 18
305 158 70 24
305 410 27 7
305 186 109 28
305 63 26 7
305 287 68 12
305 322 71 15
304 369 56 14
304 447 23 7
304 478 81 24
304 455 40 12
304 366 76 21
304 339 35 13
304 47 69 23
303 399 107 37
303 256 147 36
303 20 112 34
303 81 105 25
303 147 38 10
303 40 47 10
303 269 27 8
303 441 71 23
302 2 31 9
302 213 32 8
302 114 14 4
302 154 23 7
302 436 26 9
301 254 30 7
301 323 73 22
301 123 20 4
301 107 12 4
301 389 10 3
300 362 52 11
300 22 39 11
300 75 35 9
300 149 73 15
300 230 57 15
300 170 60 16
300 474 72 17
299 414 74 16
299 65 70 16
299 50 45 13
299 14 42 14
298 432 52 14
298 260 66 18
298 19 58 20
298 197 59 12
298 215 46 10
298 343 45 15
297 287 50 14
297 345 45 10
297 4 36 9
297 494 22 7
296 456 88 21
296 159 63 21
296 377 40 10
296 488 28 9
296 369 71 14
296 398 62 20
295 419 77 21
295 119 27 8
295 473 68 18
295 155 57 17
295 243 48 12
295 157 30 8
294 367 20 5
294 397 33 8
294 106 17 5
294 132 41 11
294 272 42 11
293 435 18 6
293 481 21 7
293 62 43 11
293 26 53 13
293 29 100 26
292 222 38 7
292 451 46 12
292 218 37 9
292 101 59 17
292 13 76 20
292 165 69 23
292 226 36 7
291 79 86 24
291 90 51 18
291 71 55 11
291 318 5 1
291 220 15 4
290 85 10 3
290 352 15 5
290 163 25 6
290 440 32 9
289 333 115 23
289 257 19 5
289 345 107 34
289 443 75 18
289 353 45 13
289 320 76 16
289 174 72 18
288 381 46 13
288 406 58 15
288 206 62 18
288 332 16 4
288 110 89 22
288 217 73 18
288 458 37 11
287 305 61 16
287 322 42 11
287 466 63 16
287 63 42 12
287 162 24 6
287 494 44 11
287 345 68 19
287 297 57 11
286 473 26 7
286 417 15 4
286 154 34 7
286 24 94 27
286 45 87 16
286 326 62 17
286 192 43 12
286 12 32 9
285 411 31 7
285 5 168 53
285 379 77 21
285 188 70 17
285 342 78 16
285 122 63 21
284 307 37 8
284 276 8 2
284 134 96 26
284 374 9 3
284 453 51 10
284 208 30 6
283 58 48 14
283 186 34 10
283 63 101 25
283 495 82 19
283 275 135 25
283 479 57 15
283 144 118 32
282 353 45 14
282 383 60 17
282 95 52 18
282 370 38 11
282 320 29 8
282 371 39 11
281 64 82 20
281 193 90 26
281 316 49 15
281 376 79 15
281 160 46 12
281 465 15 5
281 431 38 8
280 120 29 7
280 438 17 4
280 88 53 11
280 430 75 19
280 46 79 16
280 255 41 10
279 160 78 21
279 133 59 15
279 449 74 18
279 249 10 2
279 268 31 10
278 10 103 24
278 332 83 17
278 316 53 17
278 418 65 18
278 110 40 9
278 445 79 20
277 59 37 8
277 178 33 10
277 83 19 5
277 171 45 13
276 307 38 10
276 284 7 2
276 374 7 2
275 495 100 24
275 283 108 31
275 484 37 11
275 116 45 13
275 144 39 12
275 78 28 9
274 39 93 19
274 387 83 24
274 329 25 7
274 53 70 24
274 241 15 5
274 427 38 13
273 318 32 9
273 167 19 6
273 220 24 9
273 8 42 11
273 271 55 15
273 348 80 17
272 294 37 8
272 460 30 6
272 397 4 2
272 132 33 10
272 130 35 10
271 273 58 19
271 8 43 9
271 387 7 2
271 329 82 21
271 348 50 13
270 329 46 12
270 351 46 16
270 128 64 17
270 241 59 15
270 337 70 15
270 152 62 14
269 40 36 10
269 303 30 7
269 441 48 14
269 497 39 11
268 449 66 17
268 279 29 10
268 249 33 9
268 210 64 17
268 247 72 16
268 257 43 13
267 165 43 12
267 13 38 9
267 149 54 11
267 33 8 2
266 69 28 7
266 365 29 8
266 85 44 17
266 163 46 9
266 181 47 12
266 434 26 8
265 83 76 19
265 164 16 4
265 205 46 13
265 168 47 10
265 425 37 9
265 1 39 11
264 169 5 2
264 309 40 11
264 237 69 19
264 424 69 15
263 228 71 18
263 402 4 2
263 243 53 17
263 477 27 6
263 451 65 13
263 222 46 9
262 458 57 17
262 103 48 13
262 462 34 9
262 330 37 10
262 107 41 9
262 433 49 12
262 252 53 10
261 225 31 7
261 204 44 12
261 37 21 7
261 113 63 19
261 23 93 22
261 327 50 12
261 80 68 19
260 117 40 13
260 325 14 4
260 432 57 10
260 298 61 17
260 19 43 15
260 382 71 17
259 310 14 4
259 139 23 6
259 422 30 7
259 180 49 11
259 375 32 9
259 322 53 14
258 428 25 7
258 442 21 6
258 175 30 7
258 24 88 25
258 146 60 16
258 380 80 25
258 306 112 28
257 210 92 27
257 268 44 12
257 247 58 16
257 333 89 29
257 353 41 13
257 289 18 5
256 74 40 12
256 485 23 6
256 94 39 11
256 159 57 13
256 398 77 19
256 399 49 15
256 303 145 37
256 20 30 11
255 438 36 10
255 236 55 12
255 280 34 11
255 46 105 20
255 183 74 19
255 423 77 21
255 216 102 24
254 217 69 24
254 330 18 5
254 235 72 24
254 123 31 10
254 301 24 8
254 107 24 7
253 321 11 3
253 237 60 15
253 169 25 7
252 198 35 11
252 462 47 10
252 433 14 3
252 262 54 14
251 440 57 16
251 163 60 15
251 250 62 13
251 143 61 14
251 88 50 17
251 120 53 15
251 41 41 11
251 231 42 13
250 203 70 20
250 52 47 15
250 143 84 24
250 251 61 11
250 328 35 12
250 3 17 4
250 88 60 11
249 279 9 2
249 133 37 11
249 268 29 9
249 247 50 11
249 209 54 14
248 335 86 19
248 42 60 15
248 365 39 8
248 434 22 6
248 312 162 44
248 148 47 16
248 200 63 18
248 233 59 17
247 268 65 17
247 105 43 10
247 257 69 15
247 249 45 13
247 209 14 5
247 349 51 15
247 319 46 16
247 383 58 15
247 353 68 17
246 152 138 29
246 357 67 16
246 197 82 18
246 22 72 16
246 362 68 17
246 75 73 17
246 454 72 18
246 182 72 19
245 144 4 1
245 479 88 21
245 334 85 17
245 242 41 9
245 78 16 5
244 237 62 14
244 424 64 18
244 104 34 7
244 463 16 5
244 240 61 14
244 450 74 24
243 295 50 14
243 157 33 8
243 185 12 3
243 155 80 23
243 228 20 6
243 402 55 16
243 263 62 12
242 334 63 19
242 78 51 11
242 245 44 10
242 26 84 21
242 364 56 15
242 361 45 15
242 2 45 12
242 338 38 13
241 329 16 5
241 274 17 4
241 427 54 14
241 152 76 28
241 270 47 12
240 54 76 23
240 237 53 14
240 244 55 12
240 421 32 9
240 450 93 24
240 173 27 9
239 31 23 6
239 115 46 10
239 392 68 21
239 157 58 19
239 119 31 9
238 183 36 11
238 470 63 16
238 393 48 10
238 43 48 12
238 21 58 17
238 187 54 14
237 253 61 12
237 169 58 19
237 264 58 17
237 321 56 15
237 54 76 18
237 424 71 18
237 240 50 16
237 244 52 13
236 426 52 14
236 438 86 22
236 255 51 13
236 216 92 19
236 16 38 12
236 312 53 15
235 217 54 11
235 110 68 20
235 254 95 26
235 461 46 13
235 457 54 13
235 499 105 19
235 123 79 27
234 137 89 28
234 108 94 26
234 360 65 17
234 177 46 14
234 348 29 8
234 128 42 9
233 248 59 14
233 200 9 3
233 148 31 9
233 426 26 6
232 184 86 23
232 158 84 28
232 421 15 3
232 403 33 8
232 173 17 4
231 181 56 14
231 251 49 13
231 41 17 4
231 426 80 14
231 438 46 14
231 120 45 9
230 300 66 16
230 149 46 15
230 315 49 12
230 474 65 16
230 391 69 16
229 452 82 22
229 360 43 14
229 177 32 7
229 351 49 11
229 359 63 18
229 97 84 25
228 185 16 4
228 56 36 7
228 243 22 7
228 53 46 15
228 263 53 14
228 451 80 22
227 393 67 17
227 187 14 3
227 498 98 24
227 485 31 8
227 94 17 5
227 399 43 11
226 451 54 10
226 341 48 12
226 292 30 10
226 165 70 20
226 161 28 8
225 344 15 3
225 363 12 3
225 204 53 11
225 37 16 5
225 261 34 9
224 480 42 12
224 67 39 9
224 498 58 14
224 196 38 8
224 399 82 24
224 459 34 10
223 17 47 12
223 18 93 23
223 141 91 21
223 373 74 18
223 313 6 2
223 374 80 20
223 68 33 9
222 263 47 9
222 477 22 7
222 218 21 6
222 292 41 7
222 451 29 7
221 215 30 8
221 27 42 13
221 55 10 3
221 197 70 16
220 71 35 9
220 291 12 3
220 318 13 4
220 8 54 12
220 273 24 9
219 497 79 17
219 471 105 25
219 80 281 60
219 346 21 7
219 23 393 112
219 32 147 36
218 222 16 6
218 477 18 5
218 420 37 8
218 292 37 10
218 101 66 22
217 288 70 22
217 458 73 17
217 110 29 9
217 235 43 13
217 330 81 22
217 254 75 19
216 255 87 26
216 236 79 23
216 312 91 23
216 423 75 16
216 456 30 8
216 409 64 19
215 298 46 12
215 343 73 17
215 221 30 8
215 197 52 14
215 400 68 23
215 27 50 14
214 384 110 32
214 121 165 42
214 446 54 19
214 486 80 16
214 311 96 26
214 412 47 13
213 338 34 10
213 142 43 11
213 2 19 5
213 114 34 8
213 302 26 7
212 5 183 49
212 62 124 30
212 358 45 12
212 442 40 10
212 87 127 30
212 175 16 4
212 146 39 12
211 354 140 41
211 57 31 9
211 208 20 7
211 453 22 5
210 180 60 15
210 449 77 19
210 268 70 15
210 257 99 26
210 375 57 13
210 333 26 7
209 133 16 3
209 105 39 9
209 247 14 5
209 249 57 13
208 374 36 9
208 284 26 8
208 68 40 13
208 57 51 13
208 453 18 6
208 211 22 7
207 89 43 11
207 468 30 11
207 460 18 6
207 367 21 7
207 397 19 6
206 179 40 10
206 288 50 18
206 406 58 12
206 482 44 9
206 103 40 9
206 458 75 16
205 265 40 9
205 83 39 12
205 168 10 2
205 171 31 8
204 363 41 11
204 225 56 14
204 261 44 12
204 113 30 7
204 153 31 10
203 457 55 14
203 172 69 22
203 52 20 5
203 250 54 18
203 143 57 15
202 401 21 5
202 492 4 2
202 452 39 9
202 97 97 24
202 347 83 18
201 418 10 4
201 102 23 5
201 105 46 12
201 11 20 5
200 248 70 18
200 312 100 18
200 16 78 19
200 233 9 3
200 426 29 9
199 147 63 14
199 20 65 15
199 72 39 9
199 49 37 8
199 478 7 3
198 475 35 9
198 331 23 7
198 356 31 8
198 462 49 9
198 252 42 11
198 335 120 34
198 433 44 10
197 357 38 12
197 246 96 23
197 34 27 7
197 432 52 12
197 454 101 22
197 298 56 14
197 215 64 19
197 55 54 19
197 221 63 14
196 67 17 5
196 359 23 5
196 224 33 10
196 459 42 11
196 189 48 9
196 100 24 6
195 437 62 19
195 401 49 11
195 108 36 8
195 452 25 8
195 360 50 10
194 448 56 15
194 491 47 15
194 150 4 2
194 437 55 16
194 407 72 20
193 178 28 7
193 64 99 20
193 281 86 28
193 171 33 8
193 316 81 26
192 326 33 8
192 420 36 11
192 38 35 7
192 286 39 12
192 12 9 3
191 76 57 17
191 450 99 24
191 122 48 11
191 166 27 9
191 111 77 20
191 116 62 17
191 484 38 10
190 465 25 6
190 316 46 14
190 102 24 5
190 431 29 8
189 459 33 8
189 100 38 12
189 196 36 11
189 145 36 11
189 117 2 1
188 285 76 14
188 122 53 15
188 166 43 13
188 379 7 2
187 238 60 18
187 21 61 15
187 393 49 14
187 227 11 3
187 485 34 9
187 74 44 13
186 158 129 28
186 403 58 14
186 305 111 30
186 135 31 9
186 58 24 6
186 63 89 23
186 283 41 8
185 157 39 10
185 243 12 3
185 228 22 4
185 56 47 13
184 66 38 10
184 486 48 13
184 25 43 10
184 421 102 22
184 158 42 11
184 232 111 21
183 255 100 20
183 46 99 25
183 43 59 21
183 238 40 11
183 423 21 5
183 409 28 6
183 470 35 10
182 246 82 25
182 454 75 16
182 153 52 15
182 170 29 6
182 75 61 15
181 163 42 11
181 266 33 9
181 434 46 10
181 41 59 13
181 148 23 7
181 231 61 16
181 426 60 12
180 310 66 18
180 70 69 18
180 317 57 16
180 449 49 11
180 259 47 12
180 210 54 15
180 375 34 9
179 86 27 7
179 65 25 6
179 406 41 13
179 482 48 13
179 206 37 10
178 277 36 9
178 59 20 5
178 64 74 22
178 171 40 13
178 193 20 7
177 360 46 9
177 234 53 15
177 128 42 9
177 351 53 15
177 229 32 8
176 2 15 4
176 361 17 4
176 436 15 5
176 364 21 6
175 442 47 9
175 258 34 11
175 146 35 9
175 212 19 5
174 289 84 20
174 320 58 14
174 443 50 10
174 73 88 27
174 493 13 4
174 90 39 10
173 421 27 6
173 232 12 4
173 240 37 7
173 450 70 15
173 403 29 7
173 394 65 13
172 461 34 11
172 457 90 24
172 388 44 15
172 109 45 13
172 491 62 15
172 203 74 18
172 52 101 21
171 277 50 13
171 178 39 10
171 83 46 14
171 205 39 10
171 193 28 7
171 316 94 28
171 10 55 11
171 168 40 8
170 75 70 15
170 182 31 8
170 300 77 18
170 474 29 8
170 153 67 18
170 93 24 7
169 309 37 12
169 321 33 9
169 253 32 8
169 237 69 14
169 264 6 2
168 205 9 2
168 265 50 12
168 171 38 8
168 10 38 11
168 1 52 11
167 125 26 8
167 336 23 8
167 318 34 12
167 273 19 4
167 348 79 22
167 137 62 16
166 188 43 13
166 379 45 12
166 122 35 9
166 191 38 9
166 51 58 15
166 111 75 16
166 156 69 14
165 292 79 19
165 226 72 18
165 161 58 16
165 13 15 4
165 267 31 10
165 362 106 38
165 149 69 19
164 414 52 12
164 425 26 7
164 265 15 4
164 83 83 19
163 290 27 9
163 85 42 10
163 266 49 11
163 440 44 11
163 251 64 19
163 41 37 10
163 181 42 16
162 287 21 7
162 494 23 6
162 396 12 4
162 63 55 13
161 341 23 6
161 226 36 8
161 165 61 16
161 362 134 34
160 140 44 15
160 376 47 10
160 281 48 17
160 449 98 22
160 317 69 20
160 279 64 17
160 133 77 24
160 431 29 9
159 21 43 13
159 456 83 26
159 296 76 17
159 74 28 9
159 256 68 15
159 398 30 8
158 486 62 16
158 412 137 24
158 184 31 11
158 232 122 22
158 403 116 28
158 139 101 24
158 422 91 27
158 186 131 32
158 305 98 22
158 410 61 14
157 239 60 21
157 119 47 14
157 115 93 20
157 71 106 26
157 295 34 8
157 56 53 17
157 77 84 27
157 185 38 10
157 243 45 10
156 51 27 9
156 166 76 15
156 111 17 5
156 481 55 15
156 415 33 8
155 295 59 15
155 417 19 7
155 473 23 5
155 12 34 10
155 38 47 13
155 402 62 21
155 243 97 23
154 114 45 10
154 302 30 8
154 436 43 12
154 404 59 17
154 473 35 12
154 286 33 8
154 24 90 22
153 182 67 18
153 170 64 15
153 454 75 23
153 93 56 16
153 363 43 10
153 113 65 14
153 204 36 11
152 427 134 32
152 92 120 31
152 241 97 22
152 270 54 12
152 337 68 17
152 341 159 31
152 28 71 16
152 308 51 19
152 362 142 38
152 246 132 24
152 476 48 15
152 357 46 15
151 315 44 13
151 36 38 9
151 307 31 9
151 134 42 10
151 391 47 11
150 491 66 14
150 328 55 14
150 194 5 2
150 437 49 14
150 136 34 8
149 267 44 12
149 33 66 16
149 165 67 20
149 362 80 29
149 6 118 22
149 300 63 17
149 230 51 16
149 315 99 23
148 434 49 11
148 248 51 11
148 181 24 7
148 233 34 8
148 426 30 8
147 20 85 29
147 199 66 16
147 303 38 10
147 72 38 12
147 40 25 6
147 390 36 12
146 175 30 7
146 212 45 9
146 258 55 17
146 87 56 16
146 306 81 14
146 131 25 9
145 351 62 21
145 359 24 8
145 100 11 2
145 483 46 15
145 324 51 16
145 189 44 10
145 117 38 10
144 283 128 24
144 479 88 22
144 275 40 12
144 245 4 1
144 78 12 5
143 457 45 11
143 352 24 6
143 203 55 15
143 440 11 3
143 250 79 24
143 251 57 16
142 338 32 8
142 91 4 1
142 419 8 3
142 213 49 10
142 114 42 11
141 385 100 24
141 35 65 13
141 17 84 17
141 354 57 10
141 223 91 20
141 373 14 3
140 96 59 20
140 355 82 19
140 70 105 23
140 317 82 22
140 160 45 15
140 376 8 3
139 412 95 20
139 310 19 4
139 259 17 5
139 158 107 26
139 422 9 2
138 45 68 17
138 326 92 25
138 350 47 13
138 84 37 12
138 127 33 9
138 490 35 7
138 6 113 22
138 101 38 10
137 73 43 15
137 407 69 13
137 336 50 9
137 167 52 15
137 348 104 23
137 234 82 20
137 108 62 23
136 328 55 13
136 150 30 9
136 437 58 12
136 3 42 13
136 340 67 15
136 60 42 13
135 403 33 8
135 394 30 9
135 186 36 8
135 58 21 6
135 495 30 10
134 151 32 10
134 391 24 6
134 307 58 14
134 284 112 24
134 453 107 31
134 126 55 13
133 160 69 20
133 431 84 21
133 102 73 15
133 279 59 13
133 249 47 12
133 209 16 4
133 105 42 9
132 294 52 12
132 272 37 11
132 106 50 14
132 130 56 12
132 395 44 13
132 35 64 14
131 146 27 6
131 306 39 11
131 87 59 13
130 460 32 8
130 272 40 9
130 48 30 6
130 385 40 11
130 132 47 15
130 35 81 22
129 347 36 10
129 393 52 11
129 498 22 7
129 97 28 8
129 118 31 7
128 177 37 9
128 329 67 18
128 348 55 12
128 234 38 9
128 351 60 13
128 270 65 21
127 84 24 7
127 138 37 8
127 464 33 10
127 490 13 3
127 9 31 7
126 474 72 17
126 391 56 15
126 93 75 20
126 134 51 13
126 453 182 46
126 23 74 20
126 113 94 19
125 493 50 12
125 318 35 10
125 336 16 6
125 167 27 8
124 446 34 8
124 384 25 6
124 486 34 9
124 66 33 6
123 254 37 9
123 301 16 4
123 235 100 27
123 499 55 16
123 69 80 20
123 42 94 20
123 323 70 17
122 285 62 15
122 342 42 9
122 76 19 7
122 188 48 12
122 191 54 13
122 166 33 10
121 321 447 98
121 384 209 60
121 414 405 81
121 355 88 32
121 59 251 47
121 214 145 37
121 311 49 17
121 96 66 17
121 70 75 21
120 251 58 11
120 231 34 11
120 88 52 12
120 438 24 7
120 280 38 10
119 392 71 16
119 239 27 8
119 157 49 14
119 295 31 10
119 419 54 16
118 129 29 6
118 498 6 2
118 480 3 1
118 97 32 7
117 324 36 12
117 325 44 10
117 145 39 11
117 189 1 1
117 459 34 10
117 382 40 10
117 260 38 10
116 275 43 11
116 191 59 13
116 484 59 14
116 111 38 9
116 26 87 18
116 78 68 16
115 4 81 22
115 61 37 9
115 79 90 20
115 31 46 12
115 239 40 9
115 157 75 23
115 71 95 25
114 142 39 9
114 419 46 9
114 213 28 8
114 302 15 5
114 473 34 10
114 154 36 9
113 93 100 26
113 153 63 16
113 204 27 6
113 126 74 26
113 261 76 15
113 23 37 10
112 429 18 4
112 428 12 3
112 442 9 2
112 358 15 5
111 191 81 19
111 116 39 9
111 166 61 15
111 156 19 4
111 26 91 20
111 481 67 13
110 332 76 19
110 288 86 23
110 278 42 9
110 445 104 19
110 217 31 8
110 461 71 20
110 235 66 14
109 445 63 14
109 349 37 12
109 461 45 15
109 95 53 19
109 388 51 18
109 172 43 10
108 407 96 24
108 437 75 15
108 137 86 20
108 234 98 25
108 195 31 9
108 360 61 15
107 262 35 10
107 330 35 9
107 433 54 16
107 254 26 5
107 301 11 4
107 389 6 2
106 30 54 13
106 367 37 9
106 44 76 14
106 6 80 19
106 294 16 5
106 132 47 16
106 489 59 18
106 395 77 18
105 102 58 15
105 133 31 11
105 201 41 10
105 11 45 10
105 209 32 10
105 349 35 8
105 247 39 12
104 424 45 14
104 244 28 7
104 98 24 7
104 463 13 4
104 372 10 3
103 482 39 12
103 475 47 12
103 206 37 11
103 458 58 11
103 462 28 7
103 262 44 11
102 316 55 11
102 190 25 7
102 418 21 7
102 431 39 12
102 133 72 17
102 201 23 5
102 105 56 14
101 326 93 19
101 420 83 22
101 218 89 20
101 292 66 14
101 138 52 13
101 6 80 26
101 13 54 17
100 359 19 5
100 145 9 2
100 189 39 13
100 196 25 7
99 81 19 6
99 386 16 5
99 400 88 25
99 471 150 37
99 441 90 25
98 408 44 10
98 424 37 9
98 411 59 18
98 104 24 9
98 372 36 10
98 342 80 22
97 452 114 24
97 202 95 22
97 347 71 15
97 229 96 22
97 359 70 16
97 67 53 12
97 129 30 8
97 480 34 9
97 118 32 9
96 355 40 12
96 121 56 15
96 70 112 29
96 140 74 17
95 349 56 14
95 319 28 7
95 109 51 14
95 383 31 10
95 282 52 15
95 370 62 17
95 388 33 11
94 227 23 5
94 399 19 6
94 485 38 9
94 256 46 10
93 170 21 5
93 474 18 4
93 126 70 16
93 113 87 20
93 153 78 19
92 53 74 17
92 427 12 3
92 413 34 8
92 152 134 39
92 341 63 13
91 392 30 7
91 419 11 3
91 338 24 8
91 142 3 1
90 443 28 10
90 174 44 12
90 318 62 14
90 493 32 8
90 291 64 13
90 79 38 11
89 464 70 15
89 306 51 16
89 468 37 12
89 207 44 10
89 30 25 8
89 367 40 13
88 250 58 15
88 251 59 14
88 3 49 11
88 120 43 14
88 60 40 10
88 340 31 9
88 430 44 12
88 280 59 14
87 411 435 108
87 5 239 71
87 212 126 33
87 146 78 14
87 131 55 10
87 306 65 21
87 354 281 78
87 468 64 17
87 48 127 26
87 385 175 40
86 425 18 6
86 406 33 8
86 179 32 7
86 65 35 8
85 290 9 3
85 499 29 6
85 352 17 6
85 69 77 20
85 266 62 17
85 163 44 9
84 350 10 3
84 82 33 9
84 464 36 7
84 138 37 12
84 127 25 7
83 414 105 33
83 59 48 13
83 277 21 6
83 265 62 16
83 164 86 22
83 205 39 12
83 171 51 12
82 380 28 6
82 350 38 11
82 306 57 15
82 84 36 8
82 464 12 4
81 382 91 20
81 399 131 29
81 19 70 15
81 343 63 15
81 386 27 10
81 99 26 6
81 303 86 31
81 441 108 24
80 261 57 17
80 467 2 1
80 327 16 4
80 444 83 26
80 23 148 41
80 471 161 52
80 219 327 69
79 345 91 20
79 443 42 10
79 4 87 17
79 115 79 28
79 71 89 30
79 291 95 22
79 90 32 11
78 275 29 8
78 144 16 4
78 116 58 14
78 26 101 22
78 242 43 12
78 245 15 4
77 71 30 8
77 15 28 7
77 157 80 25
77 56 61 13
77 39 38 10
77 53 86 16
76 450 80 17
76 342 16 4
76 191 60 17
76 122 23 6
75 22 13 3
75 246 71 14
75 300 41 8
75 170 53 18
75 182 67 17
74 21 48 10
74 187 40 12
74 485 31 9
74 256 44 13
74 159 26 8
73 320 71 15
73 174 90 20
73 371 31 7
73 493 109 22
73 336 76 15
73 407 20 6
73 137 61 15
72 199 46 9
72 49 31 7
72 147 42 10
72 390 35 10
72 378 50 12
71 79 129 28
71 291 46 11
71 220 35 8
71 115 106 29
71 157 118 24
71 77 40 8
71 15 37 7
71 8 33 12
70 121 96 24
70 311 73 14
70 96 135 26
70 140 130 29
70 412 80 22
70 310 70 22
70 180 70 14
70 317 65 17
69 123 99 28
69 499 81 21
69 42 22 5
69 85 65 15
69 266 27 9
69 365 9 3
68 313 23 8
68 373 107 28
68 223 28 9
68 374 54 13
68 208 53 14
68 57 7 3
67 97 43 12
67 480 44 15
67 359 15 5
67 224 37 11
67 196 13 4
66 384 41 11
66 124 24 9
66 486 39 12
66 472 62 12
66 184 52 10
66 25 19 5
65 414 78 25
65 425 49 15
65 299 69 16
65 14 51 13
65 482 46 14
65 179 24 6
65 86 29 10
64 59 91 19
64 178 82 18
64 355 54 11
64 376 61 18
64 193 98 21
64 281 82 18
63 305 20 7
63 186 82 22
63 283 70 19
63 287 49 12
63 479 100 25
63 396 48 14
63 162 56 14
62 5 50 17
62 435 37 12
62 293 43 14
62 212 111 31
62 29 68 17
62 358 74 18
61 396 96 27
61 479 94 29
61 4 49 15
61 115 34 11
61 31 30 6
61 334 95 22
60 3 11 3
60 136 38 12
60 340 54 11
60 88 39 11
59 414 142 41
59 83 58 15
59 277 33 7
59 355 107 33
59 121 258 62
59 178 19 5
59 64 92 26
58 186 23 6
58 135 19 6
58 283 41 14
58 495 29 7
57 354 90 27
57 373 88 27
57 68 7 2
57 208 52 13
57 211 41 11
56 157 48 18
56 77 50 12
56 53 39 10
56 228 27 7
56 185 40 9
55 197 59 13
55 221 10 2
55 27 37 13
55 454 50 14
54 384 79 18
54 321 78 16
54 237 76 17
54 240 75 18
54 421 103 23
54 472 20 5
53 56 34 8
53 77 62 21
53 39 61 17
53 228 47 14
53 451 75 22
53 413 60 17
53 274 68 24
53 92 77 19
53 427 53 19
52 172 76 18
52 203 19 5
52 491 86 16
52 250 45 16
52 328 21 5
51 166 50 14
51 379 70 15
51 156 33 7
51 415 16 5
50 500 34 12
50 14 22 7
50 299 41 14
50 377 762 186
50 335 248 62
49 199 42 11
49 478 37 7
49 72 25 6
49 378 50 13
49 366 25 7
48 468 76 19
48 460 52 12
48 130 21 7
48 385 33 8
48 87 119 32
47 339 71 18
47 304 66 18
47 487 19 5
47 366 27 6
46 280 81 20
46 255 85 24
46 430 16 6
46 492 59 18
46 183 94 23
46 43 74 13
46 347 82 19
45 286 85 19
45 326 36 8
45 24 39 14
45 350 48 12
45 138 80 19
44 490 30 8
44 9 16 4
44 30 41 9
44 6 91 22
44 106 73 19
43 46 63 17
43 347 41 9
43 183 80 19
43 238 42 15
43 393 54 12
42 335 33 9
42 123 112 27
42 323 38 10
42 69 22 5
42 248 51 15
42 365 28 6
41 163 38 12
41 181 55 14
41 251 45 11
41 231 15 4
40 147 25 6
40 303 38 13
40 269 42 8
40 497 55 15
40 390 24 7
40 346 89 24
39 8 26 8
39 15 30 8
39 77 33 8
39 53 56 16
39 274 77 25
39 387 16 4
38 155 62 16
38 12 37 11
38 192 36 10
38 420 25 6
38 402 29 7
38 477 33 11
37 344 13 4
37 439 16 4
37 225 19 5
37 261 19 7
37 327 45 10
36 315 57 18
36 18 50 9
36 151 30 8
36 307 36 8
36 374 62 12
35 130 65 17
35 132 51 17
35 395 48 14
35 385 63 15
35 17 52 15
35 141 62 12
34 476 31 8
34 28 20 6
34 357 29 7
34 432 27 7
34 197 36 7
33 13 43 8
33 6 69 19
33 267 8 2
33 149 55 15
32 469 44 10
32 405 93 20
32 416 81 22
32 346 103 29
32 23 513 165
32 219 113 28
31 334 96 24
31 61 28 7
31 392 83 22
31 115 46 11
31 239 30 7
30 464 57 15
30 9 36 8
30 44 34 8
30 89 29 8
30 106 51 13
30 367 36 11
29 293 84 24
29 62 73 20
29 26 102 23
29 7 79 16
29 358 40 9
29 429 17 4
29 24 100 32
29 428 30 7
28 476 45 9
28 152 69 17
28 308 36 8
28 432 19 7
28 34 21 7
27 221 39 12
27 55 49 12
27 215 62 16
27 454 72 16
27 439 83 22
27 467 80 21
27 327 78 20
27 496 72 22
27 400 69 15
26 111 69 20
26 116 90 19
26 78 81 22
26 481 84 16
26 242 73 22
26 293 67 17
26 364 62 14
26 7 67 15
26 29 87 22
25 66 22 5
25 472 48 12
25 184 38 10
25 421 82 20
24 7 80 21
24 404 95 23
24 29 128 28
24 154 110 21
24 428 106 27
24 286 106 21
24 258 105 28
24 380 67 17
24 350 69 17
24 45 47 12
23 453 211 62
23 126 75 18
23 113 33 10
23 261 92 20
23 80 155 34
23 219 510 109
23 32 486 122
22 246 60 14
22 362 26 8
22 75 12 3
22 300 29 10
21 470 35 8
21 456 103 25
21 238 47 14
21 187 74 17
21 159 49 12
21 74 43 11
20 398 65 16
20 256 40 9
20 447 94 18
20 478 58 14
20 303 131 25
20 147 115 27
20 199 48 13
19 260 54 14
19 382 41 11
19 298 62 19
19 81 62 17
19 343 48 11
18 314 53 14
18 368 31 9
18 315 99 23
18 17 77 16
18 223 88 19
18 36 41 10
18 374 75 18
17 35 55 14
17 395 36 11
17 314 28 6
17 18 69 19
17 223 56 15
17 141 92 21
16 200 78 19
16 426 87 17
16 236 46 11
16 312 9 3
15 71 28 9
15 77 27 5
15 8 9 3
15 39 33 8
14 50 26 7
14 299 45 11
14 65 40 13
14 500 42 12
14 482 57 13
13 292 67 20
13 101 71 14
13 165 13 4
13 6 74 23
13 33 37 9
13 267 30 10
12 417 33 7
12 155 43 11
12 38 40 10
12 192 9 3
12 286 37 9
11 418 19 5
11 201 24 6
11 105 43 9
11 445 10 2
11 349 50 12
10 381 43 12
10 171 45 12
10 168 46 13
10 1 49 9
10 316 111 27
10 332 39 12
10 278 95 26
9 127 33 7
9 490 24 7
9 464 39 11
9 44 14 4
9 30 35 8
8 220 60 12
8 273 38 13
8 71 43 9
8 39 22 7
8 15 7 3
8 271 35 9
8 387 29 9
7 364 62 17
7 26 75 19
7 29 62 16
7 404 19 6
7 24 91 23
6 138 85 20
6 490 73 24
6 101 94 28
6 13 71 24
6 33 72 15
6 44 84 23
6 106 94 22
6 489 83 15
6 315 106 33
6 149 98 30
5 411 250 66
5 285 175 47
5 379 101 30
5 415 45 13
5 87 315 60
5 212 176 41
5 62 51 13
5 481 27 9
5 435 25 6
4 297 33 9
4 345 56 18
4 396 66 14
4 494 48 10
4 61 69 16
4 115 81 18
4 79 75 18
3 328 54 11
3 250 18 5
3 88 46 14
3 60 10 3
3 136 45 10
2 242 52 15
2 338 46 11
2 213 19 5
2 361 21 8
2 176 18 5
2 302 35 8
2 436 25 8
1 265 34 10
1 425 47 11
1 406 25 8
1 381 16 4
1 10 41 12
1 168 36 10
