nnodes narcs source target drone_limit type
1000 5958 613 394 39 drone_routing_pli_project1
nodename posx posy
1000 948.77 496.915
999 245.997 257.721
998 417.994 280.577
997 222.15 184.865
996 774.889 459.11
995 192.971 399.06
994 433.929 530.577
993 562.437 731.18
992 449.15 858.793
991 956.007 81.4035
990 882.305 883.714
989 341.882 504.828
988 793.753 136.933
987 487.398 153.255
986 736.778 604.462
985 948.082 918.952
984 521.057 745.363
983 626.997 695.883
982 307.415 355.895
981 22.0162 427.147
980 66.3527 598.363
979 853.549 826.374
978 636.823 385.055
977 511.649 112.152
976 165.722 23.0484
975 28.0268 779.3
974 495.9 547.062
973 335.878 334.148
972 51.3835 566.436
971 870.795 762.811
970 189.998 159.164
969 953.862 985.746
968 649.634 400.864
967 419.26 617.208
966 195.84 419.073
965 61.4765 417.355
964 522.921 421.967
963 311.316 55.0119
962 802.883 333.821
961 157.204 331.971
960 497.804 454.717
959 432.267 231.282
958 429.857 786.094
957 833.97 902.535
956 964.473 273.043
955 249.071 581.403
954 128.057 514.349
953 361.486 37.8485
952 721.224 397.381
951 35.5819 270.796
950 967.521 401.234
949 425.395 114.647
948 968.71 861.995
947 166.143 226.99
946 530.551 551.722
945 785.032 603.78
944 633.987 340.233
943 722.256 569.189
942 609.1 198.028
941 100.868 847.54
940 623.339 180.918
939 818.167 313.989
938 418.382 492.822
937 265.709 793.056
936 865.53 42.834
935 306.11 518.084
934 198.613 745.366
933 250.489 753.237
932 113.595 916.849
931 870.584 519.81
930 980.126 617.181
929 746.001 252.133
928 423.487 396.469
927 963.404 661.084
926 534.168 224.447
925 746.152 715.663
924 21.8081 97.6815
923 567.419 809.764
922 122.506 993.804
921 676.367 191.52
920 912.596 137.72
919 406.659 159.715
918 593.542 486.366
917 722.494 423.653
916 54.5271 559.926
915 944.314 161.809
914 650.958 241.664
913 661.086 467.111
912 265.151 538.181
911 327.328 33.8264
910 742.977 998.923
909 731.196 608.074
908 177.663 109.399
907 347.524 110.708
906 986.151 427.47
905 920.814 651.82
904 588.457 66.394
903 494.054 328.824
902 847.16 741.244
901 467.852 657.923
900 390.12 495.934
899 270.611 388.914
898 959.419 284.293
897 396.074 937.35
896 984.75 268.117
895 143.218 612.058
894 448.359 354.807
893 520.631 580.236
892 616.383 573.224
891 770.534 191.549
890 480.088 184.646
889 565.888 955.945
888 449.07 361.002
887 548.51 450.721
886 432.675 109.483
885 839.942 518.646
884 448.531 264.863
883 974.869 842.807
882 117.654 551.62
881 305.79 861.973
880 200.542 289.782
879 906.228 773.593
878 851.39 493.159
877 878.333 295.445
876 718.153 207.704
875 441.877 891.129
874 891.785 641.658
873 359.409 263.174
872 52.5254 238.071
871 923.038 268.983
870 815.368 483.558
869 599.83 691.985
868 128.614 193.616
867 385.13 910.494
866 813.122 882.564
865 247.869 841.427
864 677.13 842.851
863 742.898 221.209
862 630.492 810.846
861 807.943 432.266
860 428.166 780.733
859 24.4188 535.173
858 967.832 200.346
857 691.208 752.872
856 869.534 607.758
855 99.8824 437.955
854 592.089 769.606
853 491.558 84.5569
852 854.355 695.295
851 574.665 505.279
850 188.906 18.4869
849 866.041 147.232
848 167.593 261.248
847 833.609 170.856
846 106.324 388.793
845 137.923 345.882
844 830.198 895.169
843 634.547 750.472
842 607.144 863.224
841 73.6857 396.187
840 432.206 55.7496
839 153.996 181.653
838 56.5318 18.2528
837 211.964 424.236
836 142.597 416.145
835 986.572 789.147
834 624.815 758.447
833 642.964 870.628
832 243.897 253.878
831 292.071 356.257
830 582.444 640.391
829 251.136 483.346
828 83.4666 372.104
827 70.2921 970.465
826 104.953 843.803
825 141.908 356.653
824 221.101 297.826
823 423.539 519.076
822 690.295 465.604
821 275.029 364.854
820 284.032 730.149
819 640.412 336.552
818 819.26 899.592
817 222.578 450.132
816 615.593 408.009
815 1.84022 349.93
814 361.762 620.055
813 458.962 52.7371
812 222.773 731.79
811 371.475 132.229
810 447.578 712.068
809 673.225 519.701
808 790.567 607.071
807 887.411 555.925
806 79.7199 984.382
805 270.758 594.82
804 637.487 81.284
803 420.875 239.607
802 671.915 462.716
801 501.995 78.0075
800 436.792 415.324
799 909.865 700.603
798 938.769 491.951
797 519.947 446.23
796 321.924 272.219
795 211.89 64.8805
794 157.972 575.114
793 126.426 651.078
792 632.355 713.749
791 749.817 342.725
790 758.512 445.225
789 18.592 449.629
788 37.4844 673.433
787 948.476 654.691
786 467.158 702.971
785 992.918 485.627
784 101.422 520.613
783 277.067 387.04
782 867.548 658.865
781 802.976 917.065
780 520.431 245.368
779 623.52 69.373
778 192.054 792.93
777 200.427 684.166
776 277.518 677.829
775 731.863 799.355
774 476.143 488.139
773 115.352 528.296
772 815.087 7.95108
771 532.286 290.451
770 858.292 405.735
769 952.589 607.752
768 26.7691 693.133
767 385.955 88.2816
766 805.567 51.2401
765 594.986 10.4237
764 413.499 631.09
763 552.774 189.712
762 385.825 729.351
761 912.484 636.215
760 136.592 234.174
759 570.18 205.984
758 392.035 204.111
757 377.711 813.68
756 932.021 768.888
755 704.688 337.215
754 152.552 967.637
753 784.277 625.716
752 925.295 20.6215
751 205.263 770.277
750 233.255 76.3611
749 53.2028 248.215
748 305.291 8.66449
747 748.768 675.568
746 953.263 38.1571
745 695.942 653.475
744 578.055 110.374
743 222.587 760.416
742 695.523 226.874
741 679.204 796.725
740 728.082 555.871
739 838.17 337.815
738 396.886 762.735
737 207.289 889.511
736 64.7413 825.962
735 511.626 88.9317
734 349.353 727.701
733 301.914 567.766
732 825.471 26.0093
731 483.631 136.299
730 534.991 984.332
729 17.5162 685.242
728 745.066 817.25
727 280.775 701.836
726 151.601 734.829
725 681.76 104.601
724 781.824 964.635
723 344.145 499.807
722 764.524 293.856
721 696.51 218.785
720 16.5076 6.51292
719 968.285 109.562
718 642.055 354.421
717 173.771 14.4152
716 409.036 966.542
715 604.839 886.381
714 297.744 300.48
713 14.0986 286.802
712 610.496 412.003
711 90.0304 500.967
710 72.4537 863.123
709 961.773 132.754
708 384.526 515.222
707 953.807 949.106
706 742.325 629.086
705 691.488 82.738
704 392.32 96.0837
703 660.822 842.75
702 635.921 591.027
701 95.6219 188.018
700 139.424 913.699
699 419.586 982.24
698 584.6 78.3955
697 649.102 51.2867
696 770.225 734.027
695 75.9853 616.628
694 214.758 25.8877
693 30.6994 180.865
692 127.444 927.823
691 581.014 425.022
690 618.904 623.42
689 75.0334 158.936
688 69.1727 549.577
687 589.927 96.6093
686 314.582 947.185
685 618.879 943.356
684 454.902 13.1169
683 911.184 450.496
682 616 195.789
681 888.333 170.435
680 474.731 613.367
679 778.402 318.708
678 102.777 648.627
677 750.192 592.705
676 102.34 246.286
675 267.204 916.706
674 773.543 425.57
673 421.36 771.021
672 402.557 750.28
671 621.2 145.455
670 719.214 557.687
669 94.4109 844.449
668 218.242 332.459
667 787.496 207.605
666 741.553 778.173
665 395.395 624.258
664 398.956 551.852
663 91.985 77.5323
662 277.229 810.767
661 641.758 399.911
660 215.294 309.277
659 708.341 741
658 265.882 769.922
657 513.756 705.329
656 927.967 239.815
655 391.977 714.883
654 222.804 592.581
653 991.975 872.78
652 649.67 818.909
651 861.396 170.918
650 742.614 195.9
649 246.621 499.615
648 650.457 376.863
647 214.23 19.6468
646 969.941 298.358
645 590.955 969.657
644 113.8 69.0952
643 863.896 561.692
642 226.394 553.657
641 631.783 906.421
640 50.6893 670.745
639 675.192 783.249
638 980.189 827.449
637 364.172 889.42
636 623.102 854.313
635 263.265 61.1404
634 685.644 96.3626
633 165.548 937.687
632 515.831 367.773
631 800.295 950.004
630 704.283 566.937
629 446.113 156.233
628 227.137 258.149
627 147.853 850.178
626 547.632 199.025
625 108.01 551.513
624 223.872 981.837
623 700.27 699.561
622 53.8842 873.848
621 954.938 351.064
620 825.659 907.985
619 985.514 396.193
618 826.364 971.338
617 776.905 210.369
616 445.427 355.034
615 824.916 440.554
614 321.376 114.542
613 11.5908 456.536
612 420.029 903.082
611 701.752 287.537
610 376.273 300.775
609 654.275 3.81101
608 114.878 295.981
607 931.05 117.775
606 715.685 569.902
605 452.566 779.971
604 280.464 787.16
603 259.142 176.488
602 64.6702 759.505
601 380.15 425.557
600 776.341 291.93
599 651.338 485.245
598 932.099 764.884
597 935.565 669.46
596 759.58 186.564
595 249.76 608
594 905.925 58.7409
593 957.481 144.763
592 259.915 40.7627
591 800.742 247.495
590 424.055 31.0554
589 387.256 487.809
588 732.718 985.113
587 262.324 761.609
586 450.347 984.102
585 742.526 361.349
584 693.685 798.97
583 807.291 221.428
582 294.855 360.68
581 992.346 559.199
580 895.493 156.727
579 35.7778 383.832
578 970.732 995.586
577 44.9211 585.206
576 706.951 791.697
575 903.908 921.083
574 977.291 860.979
573 173.202 53.4089
572 399.063 626.923
571 661.029 438.391
570 239.552 925.752
569 411.652 929.146
568 930.145 180.959
567 967.991 217.665
566 119.137 367.133
565 259.226 22.4469
564 553.569 784.269
563 342.567 251.624
562 939.746 459.7
561 919.136 255.421
560 146.911 338.116
559 145.487 977.171
558 342.478 22.6334
557 795.205 54.4226
556 580.219 512.905
555 481.67 180.415
554 2.08791 330.441
553 47.6497 765.665
552 703.815 416.704
551 646.169 827.953
550 794.862 885.576
549 687.863 259.518
548 642.49 867.206
547 92.9242 79.9858
546 412.094 413.258
545 962.303 874.102
544 33.1495 471.709
543 346.834 460.585
542 660.213 869.486
541 639.82 552.889
540 636.906 759.693
539 815.784 98.9046
538 279.451 152.646
537 274.795 453.857
536 394.312 621.39
535 89.1411 112.342
534 47.4993 577.27
533 570.191 449.357
532 473.877 283.283
531 32.8713 578.642
530 212.914 5.42708
529 610.155 796.223
528 189.21 997.727
527 808.81 138.67
526 925.119 836.891
525 971.032 834.707
524 829.048 538.972
523 856.75 85.0282
522 293.664 833.631
521 552.702 872.724
520 457.178 481.609
519 882.9 823.965
518 18.9635 997.356
517 398.862 428.47
516 595.641 90.0409
515 996.888 848.945
514 190.077 430.739
513 795.43 739.813
512 404.864 468.836
511 331.884 834.022
510 842.139 293.617
509 550.467 903.007
508 518.257 413.882
507 768.526 143.61
506 206.887 614.887
505 567.043 176.057
504 76.5571 163.042
503 763.242 962.48
502 274.304 838.967
501 622.222 873.75
500 738.599 972.542
499 755.17 375.782
498 311.696 572.612
497 660.857 891.643
496 520.43 141.629
495 193.283 73.63
494 358.607 53.5402
493 902.13 225.443
492 233.597 773.065
491 886.43 918.245
490 431.816 386.742
489 639.793 900.063
488 56.1571 190.801
487 133.927 393.906
486 234.169 587.494
485 793.816 489.22
484 376.388 538.746
483 942.919 960.9
482 564.404 932.031
481 41.6667 891.807
480 499.379 655.799
479 581.158 554.42
478 372.108 47.484
477 721.679 235.377
476 100.634 862.372
475 749.941 907.823
474 492.854 572.112
473 659.011 699.913
472 448.491 802.425
471 791.865 36.8758
470 533.049 85.0071
469 616.427 696.669
468 398.644 962.551
467 571.666 97.6241
466 152.426 341.385
465 217.636 197.224
464 989.21 935.957
463 985.797 925.208
462 114.109 655.223
461 930.222 86.9786
460 133.758 914.229
459 467.541 874.453
458 938.07 545.419
457 28.15 215.186
456 422.399 273.534
455 359.34 115.289
454 803.305 504.835
453 380.638 330.208
452 397.478 474.479
451 622.624 286.996
450 497.423 963.462
449 434.665 324.036
448 870.618 816.121
447 47.8536 385.055
446 709.379 197.637
445 872.658 164.226
444 891.799 874.658
443 913.584 942.805
442 801.938 86.663
441 134.897 564.226
440 868.857 716.137
439 923.258 977.375
438 384.979 236.303
437 297.938 834.722
436 67.2232 200.03
435 222.072 795.308
434 539.122 75.5918
433 695.884 468.917
432 294.941 886.846
431 363.62 598.036
430 411.19 89.0293
429 160.538 843.814
428 996.913 227.95
427 257.19 890.842
426 118.852 370.648
425 839.546 967.401
424 245.057 849.598
423 381.432 981.159
422 461.378 179.618
421 228.352 468.235
420 217.464 845.685
419 898.771 353.048
418 836.727 138.96
417 322.292 9.28246
416 709.881 65.0233
415 747.322 424.409
414 12.2948 149.59
413 659.458 11.9724
412 16.7537 419.001
411 323.186 131.976
410 987.434 991.365
409 482.906 999.269
408 156.776 244.261
407 995.896 946.337
406 120.451 950.924
405 302.596 8.17419
404 899.349 732.566
403 423.412 295.248
402 971.105 653.062
401 782.926 382.415
400 373.517 386.329
399 450.45 968.19
398 931.688 578.026
397 120.995 835.185
396 209.928 373.301
395 285.06 888.614
394 685.607 521.534
393 913.73 969.654
392 179.029 537.721
391 653.251 672.553
390 841.94 497.5
389 938.779 461.548
388 145.189 677.751
387 730.094 643.245
386 747.766 295.328
385 294.561 843.485
384 856.591 520.327
383 838.121 441.137
382 477.151 84.3408
381 959.157 284.818
380 634.726 614.576
379 189.96 57.1223
378 336.465 107.297
377 35.6871 933.622
376 414.989 123.766
375 332.039 24.0899
374 910.308 623.121
373 753.622 279.027
372 821.323 223.254
371 419.832 627.84
370 700.611 845.889
369 690.945 602.488
368 33.0751 508.236
367 22.4701 343.142
366 783.573 682.775
365 671.378 915.654
364 121.142 480.094
363 815.716 264.193
362 624.914 598.074
361 373.856 830.368
360 293.206 813.963
359 277.156 80.9591
358 253.462 923.577
357 868.214 572.928
356 94.2833 712.649
355 346.1 153.869
354 396.469 397.515
353 61.5591 840.08
352 59.0305 223.347
351 953.073 459.023
350 927.061 644.899
349 404.04 398.33
348 606.167 933.62
347 359.9 614.611
346 65.0964 711.566
345 160.758 251.007
344 103.095 971.905
343 381.285 856.399
342 207.24 632.345
341 108.303 839.11
340 10.227 715.355
339 782.4 706.175
338 40.4129 350.696
337 659.915 102.324
336 839.733 54.0948
335 464.402 171.728
334 714.821 112.862
333 162.52 305.689
332 332.366 476.028
331 460.91 630.439
330 318.603 733.928
329 441.913 335.274
328 768.71 620.117
327 273.371 80.7822
326 705.695 876.413
325 599.109 682.773
324 687.656 298.586
323 671.868 196.997
322 881.857 693.891
321 581.38 574.338
320 485.091 309.794
319 780.313 591.942
318 650.829 872.805
317 165.78 653.028
316 409.741 653.577
315 51.0921 881.598
314 63.4541 255.081
313 700.935 297.126
312 360.799 19.6122
311 614.123 551.923
310 397.151 842.273
309 254.673 48.1632
308 623.419 646.938
307 458.91 254.75
306 921.437 68.9179
305 710.532 732.857
304 253.338 849.024
303 975.562 4.10425
302 577.278 788.416
301 845.478 692.258
300 240.868 663.834
299 541.887 807.858
298 913.875 439.196
297 504.154 79.2529
296 847.139 222.109
295 98.5437 551.8
294 186.042 352.057
293 661.745 452.186
292 611.987 529.654
291 2.86222 454.222
290 418.665 121.519
289 438.051 877.695
288 483.01 430.673
287 894.352 128.824
286 491.809 394.656
285 989.616 459.971
284 309.318 559.254
283 841.016 232.24
282 890.843 330.324
281 664.766 636.495
280 581.151 94.9015
279 665.495 829.676
278 700.532 349.835
277 858.186 721.924
276 778.021 115.529
275 73.6926 988.175
274 700.378 637.067
273 647.138 42.112
272 13.2038 287.637
271 25.916 701.712
270 40.5253 151.633
269 530.717 579.407
268 831.366 548.426
267 701.688 65.8119
266 943.419 693.188
265 426.527 348.166
264 28.8044 318.391
263 414.293 651.628
262 185.921 798.071
261 505.921 736.061
260 222.215 635.478
259 929.728 280.353
258 769.954 961.432
257 469.465 782.094
256 592.114 423.178
255 837.125 868.61
254 186.779 858.631
253 478.534 816.34
252 770.967 894.962
251 903.849 703.906
250 20.862 889.127
249 166.958 59.2817
248 233.788 856.266
247 728.339 416.487
246 323.822 484.231
245 958.402 670.213
244 780.417 392.762
243 477.413 39.8911
242 217.318 207.011
241 310.656 344.532
240 773.856 129.936
239 62.1332 897.234
238 555.752 728.303
237 497.288 888.852
236 718.026 914.051
235 767.455 613.729
234 195.524 287.201
233 120.104 250.695
232 520.979 398.346
231 105.771 338.176
230 477.134 237.551
229 722.627 246.167
228 396.038 620.863
227 513.102 257.137
226 929.73 743.902
225 645.306 714.316
224 803.563 231.595
223 449.049 705.217
222 954.805 621.01
221 627.444 31.0293
220 129.945 566.668
219 497.774 613.388
218 336.524 710.444
217 618.806 838.14
216 938.178 276.076
215 197.156 694.463
214 860.779 55.9591
213 815.663 485.021
212 605.739 689.026
211 546.88 640.874
210 103.345 476.245
209 81.518 40.3213
208 990.772 547.213
207 463.641 704.562
206 569.617 939.328
205 652.008 810.559
204 436.448 151.434
203 862.734 342.316
202 834.204 417.288
201 356.512 100.175
200 936.136 350.682
199 550.211 142.114
198 138.235 643.152
197 515.727 464.237
196 638.399 155.444
195 708.416 996.959
194 55.5646 403.714
193 194.985 940.319
192 71.0878 78.1984
191 450.075 462.498
190 336.106 682.699
189 607.363 700.228
188 507.694 594.143
187 702.28 423.111
186 875.369 118.123
185 168.623 235.045
184 786.858 373.977
183 561.555 598.451
182 943.843 855.836
181 7.77479 578.594
180 627.363 168.112
179 234.848 48.3515
178 338.165 968.166
177 632.593 184.776
176 56.1257 417.949
175 748.68 678.749
174 988.12 162.25
173 938.637 903.336
172 985.662 834.93
171 769.784 814.77
170 769.308 527.035
169 833.36 46.4337
168 240.19 321.831
167 135.488 189.328
166 830.897 561.11
165 423.638 805.051
164 435.978 713.331
163 40.6988 196.563
162 651.207 685.444
161 985.564 259.574
160 71.7392 884.148
159 270.746 979.2
158 280.926 875.757
157 799.593 933.008
156 978.828 813.111
155 405.47 857.345
154 824.587 948.681
153 392.171 258.134
152 918.683 200.289
151 549.812 763.495
150 145.511 404.022
149 776.685 471.517
148 596.4 211.865
147 869.823 724.508
146 57.7258 562.344
145 932.12 307.625
144 684.527 873.71
143 30.3579 25.9781
142 890.466 42.7735
141 997.062 445.416
140 620.116 549.668
139 541.879 507.987
138 276.642 400.335
137 489.669 957.623
136 950.744 824.351
135 28.6704 473.386
134 326.277 985.267
133 291.01 29.5243
132 861.69 962.764
131 529.386 940.757
130 999.205 798.727
129 149.689 949.4
128 216.624 940.39
127 133.25 443.931
126 488.4 299.913
125 79.9 826.909
124 988.131 827.395
123 541.363 268.415
122 766.13 769.078
121 233.091 668.536
120 342.064 69.404
119 522.427 922.3
118 129.694 949.047
117 625.163 330.807
116 871.188 934.83
115 705.87 765.201
114 611.829 274.797
113 496.634 482.36
112 548.767 95.0452
111 722.706 63.5192
110 492.933 56.2866
109 72.4757 35.0427
108 891.675 968.702
107 365.611 303.775
106 868.084 504.156
105 71.305 552.058
104 585.327 95.3173
103 194.574 377.996
102 281.386 481.091
101 490.402 907.791
100 429.17 405.754
99 863.119 256.123
98 843.519 323.532
97 963.518 959.297
96 911.651 828.554
95 382.475 980.113
94 995.418 9.09602
93 352.695 193.524
92 17.5433 211.07
91 577.203 252.915
90 171.831 344.487
89 193.331 237.211
88 8.20709 43.1846
87 115.672 552.692
86 53.0936 716.827
85 163.482 757.988
84 896.785 948.899
83 722.41 578.669
82 871.75 288.267
81 893.899 645.577
80 165.557 357.389
79 496.731 929.691
78 362.742 319.387
77 174.553 441.056
76 941.605 180.163
75 673.198 230.063
74 411.702 581.322
73 946.406 780.053
72 359.637 704.729
71 664.319 449.467
70 265.455 559.706
69 393.969 132.293
68 197.271 267.739
67 824.554 914.733
66 322.143 365.439
65 974.654 355.29
64 68.2696 591.852
63 67.0604 480.95
62 15.4944 947.953
61 335.214 534.088
60 503.157 960.605
59 250.757 517.912
58 148.521 356.072
57 773.574 251.785
56 134.363 664.363
55 135.153 775.077
54 216.562 409.694
53 206.096 827.189
52 934.46 377.962
51 674.033 814.243
50 787.853 232.487
49 495.837 166.31
48 31.2712 326.957
47 486.474 543.821
46 881.918 651.403
45 486.633 703.48
44 42.5706 264.401
43 504.788 452.112
42 501.872 493.281
41 170.811 455.757
40 135.784 413.903
39 53.8838 419.17
38 36.3018 301.909
37 95.1354 480.862
36 124.553 637.224
35 965.165 487.856
34 149.719 960.906
33 380.069 14.2555
32 864.217 155.977
31 770.459 694.387
30 27.6361 138.377
29 591.696 265.061
28 2.20799 197.019
27 557.628 997.166
26 433.149 368.76
25 163.674 273.388
24 777.064 939.94
23 699.359 499.908
22 966.475 955.418
21 118.319 373.219
20 41.187 122.557
19 390.299 541.058
18 197.212 714.46
17 481.455 665.364
16 7.69238 606.643
15 745.059 816.21
14 961.165 885.922
13 24.9005 484.107
12 390.627 121.135
11 120.76 513.731
10 79.3911 312.879
9 803.492 138.988
8 620.534 283.871
7 332.658 476
6 66.6987 232.196
5 380.276 229.809
4 673.776 855.438
3 530.047 649.67
2 50.1539 732.548
1 654.037 568.264
tail head car_cost drone_cost
1000 208 73 15
1000 35 20 5
1000 798 14 3
1000 458 55 14
999 796 80 18
999 714 66 20
999 168 66 14
999 824 46 14
999 832 4 2
999 628 21 4
998 456 10 2
998 153 32 9
998 610 47 14
998 403 18 5
997 970 43 12
997 603 32 10
997 465 14 4
996 870 52 13
996 861 40 9
996 674 30 9
996 790 22 6
996 149 12 3
995 54 29 6
995 396 37 8
995 103 18 6
995 150 44 10
995 966 20 5
994 774 51 14
994 520 45 11
994 47 64 13
994 474 74 18
994 74 57 14
994 823 14 4
994 664 44 11
993 189 47 12
993 869 49 17
993 854 55 11
993 238 8 2
993 151 31 10
992 253 42 12
992 459 22 8
992 289 19 6
992 472 59 12
992 155 46 11
992 165 55 15
991 94 68 18
991 719 25 8
991 607 43 10
991 746 38 11
991 306 30 9
991 461 30 6
990 575 51 12
990 444 16 4
990 491 31 9
990 255 57 14
990 957 49 11
989 484 48 14
989 708 48 13
989 723 5 2
989 61 27 9
989 246 32 8
989 935 42 9
988 539 46 10
988 9 12 3
988 276 23 7
988 891 69 12
988 240 20 6
988 507 27 7
987 496 33 10
987 335 27 7
987 49 14 4
987 555 26 7
987 629 43 10
987 731 18 5
986 235 36 9
986 677 19 5
986 83 32 8
986 909 8 2
986 706 29 6
985 463 36 9
985 14 43 8
985 707 26 8
985 443 40 12
985 575 41 12
985 173 20 5
984 151 35 8
984 564 49 15
984 238 36 10
984 657 41 9
984 299 75 16
984 257 68 15
984 261 21 5
983 162 24 8
983 225 26 6
983 391 40 9
983 792 23 6
983 469 11 3
983 212 23 7
983 308 44 11
982 241 12 3
982 831 13 4
982 582 16 4
982 66 18 6
981 789 19 6
981 39 31 10
981 291 35 10
981 412 9 3
980 64 6 2
980 695 25 6
980 16 48 16
980 577 25 7
979 444 73 14
979 971 73 17
979 255 46 12
979 171 85 24
979 519 32 7
979 448 17 5
979 513 100 30
979 902 82 18
978 968 17 5
978 648 14 4
978 718 34 9
978 944 53 13
978 117 48 17
978 816 34 7
978 661 16 5
977 199 44 12
977 112 47 11
977 470 29 10
977 735 21 6
977 853 39 9
977 731 41 10
977 496 34 8
976 850 21 7
976 717 12 3
976 573 35 9
976 249 39 9
976 644 65 14
976 838 91 28
976 209 71 23
975 736 58 16
975 553 24 8
975 353 78 16
975 340 73 16
975 250 89 28
974 946 33 10
974 139 68 18
974 42 54 16
974 47 12 3
974 474 29 8
974 893 39 9
973 400 66 19
973 107 46 9
973 453 44 10
973 78 30 8
973 66 39 9
973 241 24 7
973 714 42 14
973 796 73 16
972 146 9 3
972 916 7 3
972 534 14 3
972 859 48 13
972 531 20 6
971 879 42 11
971 404 49 9
971 448 50 15
971 979 53 14
971 902 34 7
971 147 43 9
970 603 70 16
970 538 77 21
970 997 47 11
970 750 94 27
970 465 40 11
970 839 46 12
970 908 56 11
969 97 24 7
969 578 20 5
969 483 23 7
969 439 33 9
968 187 47 16
968 552 55 15
968 648 27 6
968 978 22 5
968 661 10 3
968 571 40 10
967 331 44 14
967 680 52 13
967 371 12 3
967 764 16 5
967 572 19 5
967 228 20 6
967 74 39 10
966 54 20 7
966 995 25 6
966 150 58 16
966 837 19 5
966 514 14 4
965 855 52 13
965 841 27 6
965 194 13 5
965 63 75 13
965 176 7 2
965 39 7 3
964 691 62 18
964 887 37 11
964 797 26 6
964 232 27 6
964 43 33 10
964 288 41 10
964 508 9 3
963 120 41 8
963 911 31 6
963 614 51 18
963 359 48 9
963 133 38 8
963 635 52 15
962 939 24 6
962 739 42 9
962 184 49 11
962 791 62 13
962 679 30 9
961 333 26 7
961 560 12 3
961 466 13 3
961 90 23 5
960 113 23 6
960 197 22 6
960 43 8 2
960 774 38 10
960 191 44 14
960 288 29 7
959 230 44 12
959 307 31 10
959 422 66 18
959 884 45 9
959 803 12 4
959 758 47 10
958 605 21 7
958 472 26 7
958 165 19 6
958 860 6 2
957 491 60 14
957 990 45 12
957 255 33 8
957 116 44 12
957 67 15 4
957 620 10 3
957 844 9 3
956 896 18 6
956 161 21 6
956 567 58 14
956 646 25 6
956 898 14 4
956 216 29 7
956 656 44 13
955 805 25 7
955 70 24 8
955 642 37 11
955 486 16 4
955 595 30 8
954 392 50 14
954 41 62 18
954 441 42 13
954 364 40 9
954 11 7 2
954 882 33 10
954 773 21 5
953 33 27 8
953 312 20 6
953 494 15 5
953 478 16 4
953 558 22 7
953 911 30 8
952 499 47 11
952 585 42 10
952 278 59 11
952 552 31 6
952 247 21 5
951 44 9 2
951 38 37 8
951 713 28 6
951 92 73 14
951 457 65 15
950 906 28 10
950 619 19 5
950 65 40 14
950 351 55 15
950 298 70 19
950 52 41 11
949 430 30 7
949 290 9 2
949 204 34 10
949 886 11 3
948 883 24 5
948 182 28 6
948 545 16 3
948 574 10 2
947 242 54 12
947 465 68 16
947 89 30 7
947 185 10 3
947 408 21 6
947 760 28 7
947 839 45 13
947 167 51 14
946 321 48 16
946 479 52 11
946 139 50 13
946 269 27 6
946 974 29 10
946 893 36 9
945 753 26 7
945 808 8 2
945 319 12 4
945 235 18 5
944 718 19 4
944 819 7 2
944 978 46 12
944 117 15 4
943 740 17 4
943 677 38 10
943 670 10 4
943 606 6 2
943 83 9 3
942 940 24 7
942 759 39 12
942 505 51 10
942 148 22 5
942 682 7 2
941 826 6 2
941 669 7 2
941 476 18 4
940 180 14 3
940 177 13 3
940 682 19 5
940 505 54 16
940 942 24 6
939 98 22 8
939 510 36 8
939 739 28 8
939 962 22 6
939 363 57 11
939 679 40 11
939 600 49 10
938 520 38 9
938 191 37 10
938 512 26 8
938 452 28 8
938 823 30 8
938 900 24 7
937 604 19 5
937 658 28 5
937 662 23 6
937 865 60 13
937 492 31 9
937 435 38 12
936 752 56 18
936 214 17 4
936 142 30 8
936 772 66 16
936 336 34 8
936 732 51 13
936 169 37 10
935 61 33 10
935 246 33 10
935 989 34 11
935 284 35 9
935 102 44 12
935 912 47 12
935 59 61 17
934 743 27 8
934 812 25 7
934 751 26 8
934 85 34 11
934 18 33 8
934 726 57 15
933 820 48 10
933 587 16 4
933 492 26 7
933 812 38 9
933 743 24 8
932 692 16 5
932 460 21 7
932 406 29 9
932 827 80 16
932 476 66 17
932 160 45 13
932 239 55 14
931 458 70 20
931 798 70 20
931 807 39 9
931 643 35 11
931 106 17 4
931 384 16 4
930 581 70 17
930 130 193 42
930 402 34 9
930 222 27 6
930 769 25 8
929 57 32 9
929 477 30 7
929 863 29 8
929 229 26 7
929 373 27 6
928 490 15 4
928 100 11 3
928 349 18 5
928 546 17 5
927 787 18 4
927 402 11 3
927 245 11 3
926 91 55 16
926 759 37 9
926 626 27 7
926 123 39 12
926 780 30 6
926 230 65 16
926 890 67 19
925 339 45 9
925 31 35 9
925 175 44 10
925 696 30 7
925 666 63 16
925 623 45 10
925 659 47 14
925 305 38 9
924 192 53 13
924 20 37 8
924 30 47 10
924 88 53 14
924 414 57 15
923 217 63 18
923 529 46 10
923 302 21 5
923 842 78 17
923 521 60 19
923 564 26 7
923 299 22 7
922 528 56 17
922 559 24 7
922 518 86 31
922 275 52 14
922 344 34 7
922 806 49 13
921 446 35 10
921 334 84 25
921 725 80 19
921 721 32 10
921 323 7 2
921 196 46 13
921 177 52 11
920 593 42 13
920 607 31 6
920 915 43 9
920 568 45 12
920 287 20 6
920 580 29 6
919 204 33 7
919 376 41 10
919 422 62 15
919 629 37 11
919 758 42 13
919 69 26 7
919 93 74 19
919 811 43 10
919 355 54 18
918 293 84 22
918 599 50 13
918 292 55 12
918 556 29 9
918 851 29 6
918 256 56 13
918 533 52 11
917 247 11 2
917 790 45 11
917 415 23 8
917 552 20 5
917 187 20 6
917 433 51 12
916 688 18 5
916 859 40 9
916 972 8 2
916 146 5 2
915 76 21 5
915 174 48 13
915 593 24 5
915 568 22 7
915 920 44 11
914 323 48 14
914 75 27 6
914 549 37 11
914 451 62 16
914 8 55 15
914 114 58 12
914 177 65 18
914 682 58 15
914 148 71 16
913 293 15 4
913 599 20 7
913 802 14 3
912 284 42 13
912 733 57 11
912 935 49 11
912 70 26 6
912 59 27 6
912 642 38 12
911 494 34 8
911 953 30 8
911 558 19 4
911 375 10 3
911 120 34 12
911 963 32 7
911 133 33 10
911 748 27 10
911 417 29 7
910 578 210 66
910 439 204 47
910 618 103 18
910 724 56 16
910 503 39 11
910 409 231 59
910 500 28 6
910 588 20 4
910 195 35 9
910 27 195 52
909 986 8 2
909 706 23 6
909 387 30 10
909 274 39 10
909 83 33 7
909 369 35 11
908 750 67 16
908 495 42 9
908 970 55 14
908 839 63 18
908 535 76 22
908 644 65 23
908 249 58 14
907 455 14 4
907 201 14 3
907 355 38 13
907 378 11 3
907 411 38 9
906 141 18 6
906 285 29 9
906 351 40 11
906 950 28 8
906 619 30 10
905 799 46 15
905 761 18 5
905 81 26 8
905 597 22 7
905 350 9 3
904 779 30 10
904 221 50 14
904 765 54 16
904 516 26 8
904 434 53 15
904 698 15 4
903 771 57 12
903 632 43 14
903 888 65 14
903 126 27 8
903 894 49 13
903 320 24 5
903 329 54 14
902 971 28 9
902 147 32 8
902 277 26 6
902 301 53 12
902 513 47 12
902 979 101 21
901 480 30 9
901 17 18 5
901 786 40 10
901 223 42 14
901 263 52 16
901 331 30 9
900 452 27 7
900 823 43 9
900 938 28 9
900 708 17 6
900 589 8 2
900 723 50 14
899 783 7 2
899 821 29 8
899 138 15 3
899 54 55 17
899 396 59 19
898 216 26 6
898 956 12 4
898 646 17 4
898 381 1 1
897 716 32 8
897 569 20 6
897 468 28 8
897 95 41 11
897 867 28 7
897 178 65 15
896 428 45 9
896 161 8 2
896 619 123 32
896 65 75 19
896 956 21 7
896 646 36 8
895 506 53 14
895 794 47 12
895 198 32 10
895 317 55 14
895 36 28 7
895 695 64 14
895 220 56 10
894 903 44 13
894 329 23 5
894 888 7 2
894 616 3 1
893 946 29 7
893 188 18 6
893 269 12 3
893 474 31 8
893 974 49 11
892 1 40 9
892 702 32 7
892 541 30 8
892 140 21 5
892 362 28 8
892 311 24 6
892 321 37 9
891 847 57 14
891 9 73 19
891 667 24 6
891 988 59 16
891 507 41 15
891 617 23 6
891 596 14 3
891 650 34 8
890 926 55 20
890 626 63 19
890 49 24 6
890 555 5 2
890 422 19 5
890 230 58 11
889 645 34 7
889 206 19 5
889 27 49 13
889 730 37 11
889 482 25 6
889 131 34 9
888 632 56 16
888 903 59 14
888 286 55 14
888 490 28 8
888 26 17 4
888 894 8 2
888 616 7 2
887 691 42 12
887 851 53 14
887 533 21 7
887 139 62 12
887 964 46 11
887 197 43 10
887 797 31 7
886 731 47 17
886 382 46 15
886 629 53 15
886 840 51 15
886 430 31 7
886 204 37 10
886 949 8 3
885 390 26 5
885 454 43 12
885 384 17 5
885 524 21 5
884 307 16 4
884 532 29 10
884 959 34 10
884 403 40 10
884 803 41 11
884 456 27 7
883 515 25 6
883 172 15 3
883 948 24 6
883 574 20 5
883 525 8 3
883 182 28 8
882 441 20 5
882 954 41 9
882 87 3 1
882 220 21 6
882 625 10 2
882 773 22 7
881 511 43 12
881 637 57 16
881 432 30 7
881 437 25 6
881 385 24 6
881 158 29 8
880 824 20 6
880 628 36 12
880 68 22 6
880 660 21 7
880 333 49 10
880 234 6 2
879 598 28 7
879 73 35 11
879 756 22 8
879 226 38 9
879 96 61 16
879 519 49 12
879 404 37 11
879 971 37 11
879 448 47 14
878 106 24 5
878 683 84 16
878 384 30 9
878 390 13 3
878 870 39 8
878 383 59 14
877 145 58 14
877 259 58 12
877 871 45 15
877 98 38 9
877 82 11 3
877 510 43 9
877 282 42 9
877 203 50 15
876 863 25 7
876 650 26 7
876 477 32 7
876 721 21 8
876 446 13 3
875 101 62 11
875 459 30 9
875 399 91 19
875 289 13 4
875 612 22 7
875 569 51 11
874 761 19 6
874 374 30 7
874 81 4 1
874 856 41 9
874 46 16 5
873 153 31 7
873 438 31 9
873 5 46 12
873 610 41 11
873 107 45 11
873 796 42 10
873 563 18 7
872 6 14 5
872 352 14 4
872 457 32 9
872 44 25 7
872 749 9 3
871 216 20 4
871 259 14 4
871 877 46 15
871 561 15 5
871 82 53 14
870 390 26 9
870 878 32 10
870 383 46 12
870 615 38 11
870 213 2 1
870 485 21 7
870 149 38 10
870 996 49 14
870 861 44 15
869 212 8 2
869 189 12 3
869 993 53 14
869 238 63 13
869 325 10 3
868 760 38 12
868 167 10 3
868 701 29 9
868 676 68 15
867 569 31 7
867 612 33 8
867 155 53 13
867 897 28 8
867 178 66 18
867 343 51 12
867 637 27 7
867 686 65 21
866 844 24 6
866 255 25 8
866 818 16 5
866 171 85 18
866 550 22 6
865 502 25 8
865 662 40 13
865 937 44 14
865 304 11 2
865 424 10 2
865 420 33 7
865 435 43 13
865 53 45 11
864 370 23 6
864 4 15 3
864 51 27 8
864 279 15 4
864 703 18 5
863 57 37 11
863 617 42 8
863 929 26 9
863 477 22 6
863 876 33 8
863 650 26 7
862 652 19 5
862 205 26 7
862 540 44 12
862 551 25 6
862 529 28 6
862 217 31 7
861 615 16 5
861 202 29 8
861 870 52 15
861 996 41 13
861 244 42 14
861 674 31 9
860 605 26 6
860 673 14 4
860 165 26 8
860 958 6 2
859 916 44 9
859 972 43 12
859 688 41 12
859 368 33 8
859 13 57 15
859 291 82 22
859 181 52 11
859 531 38 9
858 428 35 11
858 174 39 11
858 567 18 5
858 152 52 11
858 76 39 8
857 659 20 6
857 305 32 7
857 623 44 13
857 115 20 5
857 639 29 9
857 540 55 16
857 473 51 16
857 843 64 16
857 225 72 15
856 374 42 12
856 398 62 18
856 874 35 12
856 46 48 11
856 782 50 15
856 357 40 9
856 166 58 17
856 808 93 22
856 753 104 21
855 40 49 13
855 127 29 10
855 846 52 14
855 210 34 9
855 37 46 13
855 63 46 14
855 841 44 14
855 965 50 11
854 834 38 10
854 189 59 16
854 302 26 6
854 529 36 8
854 151 47 10
854 993 42 14
853 735 18 6
853 977 31 10
853 110 25 8
853 297 17 4
853 801 12 3
853 382 16 4
853 731 51 11
852 322 32 7
852 782 41 11
852 440 30 6
852 301 10 3
852 277 29 7
851 918 32 7
851 887 68 13
851 533 47 17
851 139 34 7
851 556 11 2
850 530 23 6
850 647 23 7
850 694 26 8
850 379 39 11
850 573 39 8
850 717 18 4
850 976 27 5
849 287 28 10
849 580 32 9
849 186 27 8
849 418 31 7
849 445 19 4
849 32 8 2
848 185 24 7
848 25 12 4
848 345 11 4
848 68 28 8
848 89 39 10
847 651 32 7
847 32 37 10
847 418 39 9
847 296 43 15
847 372 48 14
847 583 63 17
847 667 67 16
847 527 34 10
847 9 36 12
847 891 71 19
846 40 45 10
846 855 51 11
846 21 20 5
846 487 27 6
846 828 26 7
846 841 29 9
845 58 13 4
845 466 13 4
845 560 12 4
845 825 13 3
845 231 28 8
845 566 31 9
844 255 33 6
844 620 15 4
844 957 7 2
844 866 20 5
844 818 13 3
843 857 62 17
843 225 37 11
843 540 9 2
843 792 39 9
843 834 13 4
842 501 22 5
842 636 19 4
842 217 32 6
842 715 23 7
842 923 71 20
842 521 54 13
841 846 40 7
841 828 31 6
841 855 43 13
841 965 28 6
841 447 27 8
841 194 21 6
840 382 62 12
840 813 28 8
840 886 48 11
840 430 46 8
840 590 32 6
840 478 67 13
839 465 75 18
839 970 44 12
839 908 73 19
839 535 105 24
839 167 18 5
839 947 46 11
838 976 122 27
838 717 118 27
838 209 37 7
838 720 41 12
838 143 28 8
838 109 21 6
837 54 18 4
837 966 18 6
837 817 28 8
837 514 23 6
836 150 14 4
836 40 8 2
836 127 27 7
836 77 36 9
835 130 15 4
835 156 22 7
835 73 40 9
835 402 142 29
835 245 119 34
835 226 65 19
835 266 110 30
834 843 15 4
834 792 52 11
834 540 15 3
834 529 36 11
834 189 53 13
834 854 29 8
833 318 9 2
833 489 35 9
833 548 3 1
833 501 26 5
832 796 93 22
832 603 69 20
832 242 59 12
832 628 20 4
832 999 5 2
831 241 22 5
831 982 19 5
831 714 46 14
831 582 6 2
831 168 64 16
831 821 22 4
830 690 48 9
830 308 35 11
830 183 55 12
830 211 35 8
830 325 55 12
829 537 41 9
829 102 37 8
829 421 23 8
829 649 16 5
828 426 35 10
828 21 39 9
828 566 33 9
828 231 35 9
828 10 68 17
828 846 29 8
828 841 25 7
828 447 45 11
828 338 47 13
827 406 60 16
827 344 30 10
827 932 71 17
827 806 15 4
827 275 19 5
827 518 51 14
827 239 63 18
827 377 43 15
827 62 60 13
826 397 19 4
826 341 7 2
826 476 17 5
826 669 10 3
826 941 6 2
825 845 12 4
825 58 8 2
825 487 35 11
825 566 24 7
825 426 28 6
824 999 51 12
824 628 48 11
824 168 25 10
824 880 21 5
824 660 15 4
823 520 55 15
823 994 15 4
823 664 47 11
823 19 44 10
823 708 41 8
823 938 32 7
823 900 44 11
822 187 52 9
822 71 31 9
822 433 8 2
822 802 21 5
822 23 35 11
821 831 19 6
821 582 23 6
821 783 18 6
821 899 28 8
821 396 72 18
821 168 66 12
821 668 58 16
820 330 31 9
820 604 67 15
820 587 31 10
820 658 49 14
820 933 39 11
820 727 34 7
820 812 65 15
819 278 54 18
819 755 66 19
819 324 52 18
819 718 19 4
819 944 9 2
819 451 47 11
819 117 18 4
818 620 12 3
818 844 13 3
818 866 19 5
818 550 24 7
818 781 28 5
818 67 19 4
817 138 78 22
817 537 60 14
817 54 42 9
817 421 20 5
817 41 46 13
817 837 33 7
817 514 42 9
816 712 7 2
816 117 70 19
816 978 31 9
816 571 59 12
816 661 23 7
815 579 55 14
815 367 24 6
815 412 69 20
815 291 116 29
815 28 162 43
815 554 24 5
814 316 55 14
814 665 34 8
814 536 29 9
814 190 70 19
814 347 7 2
814 776 85 23
813 110 36 8
813 243 25 7
813 382 35 11
813 684 38 12
813 590 41 9
813 840 27 8
812 820 50 15
812 727 79 16
812 933 37 8
812 121 76 19
812 743 24 7
812 215 46 12
812 18 26 7
812 934 23 8
811 69 26 7
811 12 22 5
811 455 20 5
811 919 40 13
811 355 31 8
810 257 83 16
810 261 58 18
810 207 19 5
810 223 8 2
810 164 12 3
810 605 71 15
809 23 31 7
809 394 15 4
809 1 56 14
809 541 48 11
809 599 34 9
809 292 75 17
808 856 71 17
808 753 22 6
808 945 6 2
808 166 72 15
808 319 20 4
807 458 44 13
807 398 58 13
807 357 31 7
807 931 48 10
807 643 21 8
806 922 44 13
806 344 29 6
806 827 18 5
806 275 7 2
805 347 80 19
805 498 47 13
805 733 44 11
805 955 27 7
805 70 41 9
805 595 25 6
805 776 77 19
804 705 45 16
804 697 34 9
804 337 26 9
804 671 55 18
804 779 20 6
804 516 51 13
803 884 40 10
803 959 13 4
803 456 36 10
803 153 29 8
803 438 36 11
803 758 51 14
802 23 54 10
802 822 19 5
802 71 18 4
802 293 15 4
802 599 34 8
802 913 12 4
801 110 28 5
801 853 15 3
801 297 3 1
800 288 46 13
800 286 60 18
800 490 30 8
800 191 51 11
800 100 14 4
800 517 43 9
800 546 28 6
799 266 41 8
799 597 33 9
799 905 48 11
799 226 47 14
799 404 35 9
799 251 6 2
799 322 32 9
799 81 58 12
798 35 29 6
798 1000 10 3
798 351 39 11
798 389 30 9
798 458 56 12
798 931 78 20
798 683 54 12
798 106 75 16
797 964 26 6
797 43 15 5
797 197 22 6
797 887 34 6
796 107 49 13
796 873 33 9
796 563 30 9
796 973 70 14
796 714 40 10
796 999 69 16
796 832 67 21
796 603 103 30
795 179 30 9
795 694 41 9
795 379 23 7
795 495 21 6
795 750 27 6
794 654 67 19
794 392 48 13
794 895 43 9
794 506 73 13
794 441 28 6
794 220 35 8
793 198 18 4
793 36 17 4
793 462 13 3
793 56 17 4
792 225 14 4
792 843 41 10
792 834 54 11
792 983 21 4
792 189 25 7
792 469 21 5
791 184 42 10
791 962 50 14
791 679 38 10
791 499 31 10
791 585 17 6
791 755 44 13
791 386 40 10
790 674 22 6
790 996 18 5
790 149 30 10
790 23 66 17
790 433 67 18
790 415 25 7
790 917 38 10
789 544 25 6
789 981 24 7
789 39 42 12
789 291 16 5
789 613 8 3
789 135 27 7
788 640 12 4
788 768 20 6
788 16 75 20
788 729 23 7
787 927 14 5
787 402 19 7
787 222 34 8
787 245 20 4
787 350 25 6
787 597 20 5
786 17 40 12
786 901 44 10
786 223 16 6
786 45 23 4
786 207 5 1
785 141 35 10
785 581 88 20
785 208 57 16
785 35 24 7
785 285 26 7
784 11 25 5
784 295 37 8
784 773 19 5
784 711 27 7
784 688 39 12
783 138 13 4
783 66 42 13
783 582 37 8
783 821 23 6
783 899 6 2
782 46 15 4
782 856 60 15
782 322 32 10
782 852 42 9
782 301 42 10
782 753 75 26
781 67 18 7
781 818 27 5
781 157 14 5
781 24 38 10
781 550 39 10
781 252 33 11
780 926 28 8
780 123 26 7
780 230 37 12
780 227 15 4
779 697 36 10
779 273 33 10
779 221 42 9
779 804 17 5
779 904 34 10
779 516 32 10
778 435 35 9
778 751 26 7
778 53 40 9
778 262 7 2
778 85 45 13
777 342 62 14
777 121 44 11
777 215 12 3
777 388 52 13
777 317 43 14
776 814 110 26
776 190 59 15
776 347 89 22
776 595 70 21
776 805 95 22
776 727 22 6
776 300 45 11
776 121 38 10
775 666 20 6
775 728 20 5
775 15 21 5
775 370 61 15
775 584 42 10
775 576 24 8
774 42 22 7
774 113 19 5
774 960 37 12
774 47 60 14
774 191 31 10
774 994 54 18
774 520 18 5
773 11 16 5
773 954 19 5
773 882 22 6
773 625 28 5
773 295 25 8
773 784 14 4
772 303 172 42
772 752 99 33
772 936 67 17
772 732 23 5
772 471 31 9
772 609 191 41
772 413 164 38
771 117 97 28
771 29 53 14
771 123 22 6
771 632 90 20
771 903 64 12
771 227 39 11
771 126 52 11
770 298 67 16
770 52 87 19
770 419 69 14
770 203 53 19
770 683 80 20
770 383 37 10
770 202 32 8
770 739 72 19
769 581 71 15
769 930 25 7
769 222 16 4
769 398 39 8
769 374 52 12
768 86 32 10
768 729 13 3
768 271 11 3
768 640 38 10
768 788 20 5
767 430 23 6
767 704 9 3
767 201 37 8
767 478 52 9
767 494 53 13
767 120 41 11
766 732 34 7
766 336 28 10
766 169 33 6
766 442 39 8
766 471 17 6
766 557 13 4
765 609 68 18
765 221 33 9
765 904 60 16
765 434 88 25
765 110 93 31
765 684 165 37
765 243 139 37
764 371 8 2
764 967 16 4
764 572 17 4
764 316 25 5
764 263 21 6
763 626 13 3
763 199 45 13
763 759 26 7
763 505 20 5
763 496 56 13
763 49 50 14
762 672 30 6
762 655 16 4
762 738 38 9
762 734 36 11
762 72 36 8
761 350 18 5
761 905 18 5
761 81 24 5
761 874 23 7
761 374 15 3
760 947 37 8
760 676 31 10
760 167 46 12
760 868 36 9
760 233 27 6
760 408 19 5
759 942 37 11
759 148 26 6
759 91 43 13
759 505 35 8
759 763 29 7
759 626 21 5
759 926 40 11
758 422 64 20
758 959 45 11
758 919 56 13
758 5 25 9
758 93 43 12
758 438 39 10
758 803 39 11
757 165 51 14
757 738 57 17
757 310 35 10
757 361 15 5
757 511 51 15
757 330 104 30
757 734 77 27
756 598 5 1
756 73 20 5
756 879 28 6
755 791 46 13
755 386 55 16
755 585 38 13
755 313 44 9
755 278 14 4
755 324 39 9
755 819 53 14
754 528 51 14
754 193 57 11
754 633 35 10
754 34 8 2
754 559 11 4
753 782 96 23
753 301 86 25
753 856 95 21
753 808 16 4
753 945 25 6
753 366 62 14
753 235 23 5
753 747 56 14
753 328 20 5
752 303 56 13
752 746 37 9
752 306 50 14
752 142 38 12
752 594 50 11
752 772 130 31
752 936 69 13
751 492 33 9
751 743 20 6
751 85 38 10
751 934 31 8
751 778 23 8
751 435 25 7
750 327 38 10
750 635 39 7
750 309 35 10
750 179 34 9
750 538 92 19
750 970 80 22
750 908 65 14
750 495 42 10
750 795 26 7
749 6 18 6
749 314 12 3
749 44 18 4
749 872 10 3
748 133 22 8
748 405 4 1
748 911 38 10
748 417 20 4
747 366 43 9
747 31 32 7
747 753 67 16
747 328 66 15
747 175 3 1
747 706 46 13
747 623 52 16
747 745 54 15
747 387 41 11
746 303 40 9
746 94 50 13
746 991 43 12
746 752 33 10
746 306 47 14
745 747 63 17
745 387 40 9
745 274 19 4
745 623 47 14
745 281 38 8
745 391 40 15
744 280 18 5
744 687 16 5
744 104 19 5
744 671 47 17
744 199 45 11
744 467 14 5
744 112 36 9
743 933 30 7
743 812 28 8
743 492 17 5
743 934 27 7
743 751 23 6
742 721 9 3
742 75 26 7
742 549 39 8
742 229 39 9
742 477 33 6
741 584 14 4
741 51 18 4
741 639 14 4
741 205 31 9
740 170 55 14
740 677 52 9
740 943 14 4
740 23 53 16
740 670 9 3
739 770 64 21
739 203 29 6
739 98 15 4
739 202 69 17
739 939 30 9
739 184 55 14
739 962 37 10
738 672 15 4
738 165 54 13
738 673 23 8
738 757 48 13
738 734 58 15
738 762 39 9
737 570 43 15
737 427 53 14
737 248 36 12
737 420 45 10
737 128 59 11
737 193 59 13
737 633 56 14
737 254 43 10
737 700 81 21
736 125 14 4
736 353 16 4
736 602 78 18
736 553 73 16
736 975 59 15
735 470 23 7
735 297 12 3
735 853 22 5
735 977 25 5
734 738 65 17
734 762 34 8
734 72 29 8
734 757 79 21
734 218 25 6
734 330 35 7
733 284 14 3
733 498 10 3
733 805 42 9
733 70 32 11
733 912 41 13
732 936 39 9
732 169 18 5
732 766 30 8
732 772 23 5
732 471 38 10
731 496 36 8
731 977 40 11
731 853 43 14
731 987 17 5
731 629 42 11
731 886 61 15
731 382 53 16
730 889 50 13
730 27 27 7
730 409 54 14
730 131 42 12
730 60 36 10
730 450 36 13
729 768 13 3
729 788 23 6
729 271 17 6
729 16 71 19
729 340 31 8
728 171 23 7
728 252 82 22
728 326 83 18
728 370 62 16
728 15 2 1
728 775 23 5
727 218 65 17
727 190 57 12
727 330 55 15
727 820 25 7
727 812 68 15
727 776 23 7
727 121 66 17
726 934 43 10
726 18 48 12
726 215 65 14
726 85 26 7
726 55 41 13
726 356 58 14
726 388 47 18
725 921 73 25
725 334 38 8
725 634 9 3
725 337 22 7
725 196 62 15
724 618 37 13
724 631 24 7
724 910 44 12
724 24 30 6
724 258 13 4
724 503 16 5
723 900 46 13
723 589 50 11
723 543 35 9
723 989 5 2
723 708 46 9
723 7 31 7
723 246 28 6
722 600 15 4
722 373 22 6
722 679 32 7
722 386 16 5
721 477 25 9
721 876 27 6
721 446 29 6
721 742 8 2
721 921 41 9
721 75 23 8
721 323 29 8
720 530 165 43
720 717 163 43
720 838 44 10
720 88 31 9
720 143 28 6
719 94 112 30
719 174 63 15
719 709 24 6
719 607 36 10
719 991 27 8
718 278 56 14
718 648 23 7
718 978 32 8
718 944 14 4
718 819 20 6
717 530 43 9
717 850 14 4
717 976 11 3
717 720 159 45
717 838 98 28
716 399 44 10
716 569 40 10
716 699 16 6
716 95 31 8
716 897 36 8
716 468 11 3
715 641 34 8
715 501 20 5
715 842 23 6
715 348 52 10
715 482 71 14
715 521 50 12
715 509 60 15
714 973 56 11
714 796 40 8
714 241 45 13
714 831 52 12
714 168 51 18
714 999 55 14
713 951 25 7
713 92 67 19
713 272 2 1
713 38 25 7
712 816 7 2
712 117 86 18
712 293 55 14
712 571 48 15
712 256 26 6
712 632 107 25
712 691 38 10
711 11 30 10
711 364 42 9
711 210 28 6
711 37 24 7
711 784 28 6
711 688 47 14
711 368 59 16
711 63 35 8
710 476 28 8
710 669 25 9
710 160 23 5
710 353 31 6
710 622 20 7
709 719 20 8
709 174 32 10
709 607 33 10
709 593 13 3
708 823 32 9
708 900 24 5
708 484 30 6
708 19 27 8
708 989 39 12
708 723 40 12
707 22 13 4
707 463 45 10
707 97 13 5
707 483 16 5
707 985 35 7
707 443 47 11
706 235 25 8
706 328 24 7
706 747 40 14
706 387 21 4
706 986 25 7
706 909 23 6
705 334 45 8
705 634 16 4
705 416 23 6
705 267 23 5
705 337 41 10
705 804 57 15
705 697 49 13
704 376 33 10
704 430 18 6
704 12 30 7
704 455 40 10
704 767 9 3
704 201 40 11
703 4 22 6
703 279 16 4
703 864 18 4
703 542 31 8
703 548 34 8
703 636 35 11
703 551 21 6
702 369 64 13
702 1 25 7
702 380 29 6
702 892 30 6
702 362 14 4
701 868 28 8
701 167 46 10
701 436 28 8
701 504 30 9
701 676 53 12
701 6 58 15
700 737 81 15
700 633 39 9
700 254 63 20
700 627 57 19
700 129 45 12
700 460 7 2
700 692 19 5
699 399 35 7
699 586 27 9
699 716 19 5
699 95 36 9
699 423 34 9
699 409 72 19
698 904 13 4
698 516 16 4
698 280 18 5
698 104 14 5
698 467 24 6
698 434 42 10
698 112 38 10
697 267 63 14
697 705 45 12
697 273 9 2
697 779 28 9
697 804 37 9
696 513 29 6
696 339 37 9
696 122 40 9
696 666 47 13
696 925 30 8
695 895 77 17
695 36 53 13
695 220 85 22
695 678 36 13
695 64 25 7
695 640 64 13
695 980 17 5
695 16 81 20
694 565 41 10
694 379 47 12
694 795 38 9
694 179 31 8
694 647 7 2
694 850 28 6
693 488 26 8
693 270 28 8
693 163 20 5
693 92 35 10
693 28 28 10
693 414 31 10
692 129 31 8
692 700 20 4
692 460 14 4
692 118 22 7
692 932 20 5
692 406 21 6
691 712 34 7
691 256 10 4
691 533 31 8
691 887 35 10
691 964 52 14
691 232 76 19
691 632 96 23
690 380 21 5
690 362 26 6
690 830 48 11
690 308 21 7
690 183 61 15
690 321 59 14
689 535 40 14
689 20 42 11
689 504 5 2
689 270 41 8
689 488 40 11
688 295 35 8
688 784 51 13
688 711 48 16
688 105 4 1
688 146 21 5
688 916 19 4
688 368 47 15
688 859 41 11
687 516 10 3
687 671 59 13
687 104 5 2
687 744 15 5
686 867 81 24
686 178 32 9
686 637 79 19
686 134 41 9
686 159 45 15
686 432 70 18
686 675 52 15
685 195 114 27
685 365 48 18
685 641 37 9
685 348 18 4
685 645 41 10
684 609 168 50
684 765 165 34
684 243 35 10
684 813 36 10
684 590 31 10
684 417 153 35
684 33 62 22
683 389 35 9
683 298 11 3
683 562 32 7
683 798 55 11
683 106 70 19
683 878 70 16
683 770 60 16
683 383 69 17
682 940 19 5
682 177 18 6
682 914 48 13
682 148 21 7
682 942 7 3
681 152 51 9
681 568 51 10
681 580 16 4
681 493 65 13
681 296 59 17
681 445 14 5
681 651 31 8
680 188 43 11
680 474 50 14
680 219 24 6
680 480 58 11
680 331 18 7
680 967 50 13
680 74 61 17
679 939 38 9
679 962 26 9
679 791 33 9
679 600 23 7
679 722 34 8
679 386 32 8
678 36 23 7
678 462 12 4
678 356 59 15
678 695 43 10
678 640 59 14
677 319 27 7
677 170 65 19
677 235 25 6
677 986 16 4
677 740 38 11
677 83 31 8
677 943 35 9
676 760 42 8
676 233 17 6
676 868 48 14
676 608 44 16
676 314 45 11
676 701 71 14
676 6 46 10
675 686 67 14
675 432 40 12
675 395 40 8
675 159 60 14
675 427 26 7
675 358 15 4
674 244 30 9
674 861 37 10
674 996 30 10
674 415 26 8
674 790 24 7
673 605 32 8
673 860 14 3
673 164 58 17
673 672 26 8
673 165 39 10
673 738 24 6
672 164 55 13
672 673 32 7
672 738 16 4
672 655 44 8
672 762 24 6
671 196 22 5
671 337 51 16
671 804 55 17
671 180 22 7
671 505 63 19
671 516 64 14
671 687 52 17
671 199 82 17
671 744 62 13
670 740 10 3
670 606 15 4
670 943 14 3
670 630 15 5
670 394 51 11
670 23 55 18
669 826 12 3
669 941 6 3
669 341 15 5
669 476 22 6
669 125 21 6
669 710 27 8
669 353 28 8
668 821 76 19
668 168 25 7
668 396 36 13
668 294 32 9
668 660 25 6
668 90 42 12
667 847 65 13
667 583 22 7
667 891 22 7
667 617 10 3
667 50 26 6
666 171 54 13
666 122 27 8
666 696 48 15
666 925 62 18
666 15 41 10
666 775 22 7
666 576 32 10
666 115 31 9
666 659 58 13
665 228 4 1
665 572 6 2
665 316 33 9
665 814 41 9
665 536 4 1
664 994 34 11
664 823 42 12
664 74 29 10
664 431 54 15
664 19 16 5
664 484 29 7
663 644 26 6
663 547 3 1
663 209 46 10
663 192 18 5
662 522 28 6
662 360 18 4
662 604 25 6
662 502 33 7
662 865 39 13
662 937 25 5
661 978 14 4
661 816 26 8
661 968 9 3
661 571 37 11
660 168 33 7
660 824 14 3
660 668 21 6
660 90 66 14
660 880 22 6
660 333 46 15
659 666 47 12
659 925 48 12
659 305 8 3
659 857 23 5
659 115 25 7
658 820 47 11
658 604 19 5
658 937 22 7
658 587 8 3
658 492 35 8
657 238 58 13
657 3 69 14
657 261 31 9
657 984 44 9
657 45 23 7
657 17 56 15
657 480 61 13
656 567 51 12
656 956 59 13
656 216 45 12
656 561 21 5
656 493 33 7
656 152 39 12
655 164 44 12
655 316 54 15
655 72 30 8
655 672 35 11
655 762 18 5
654 486 11 3
654 642 35 9
654 595 37 8
654 506 26 7
654 794 77 20
654 392 59 15
653 515 27 6
653 407 83 17
653 463 60 12
653 14 37 10
653 545 28 8
653 574 22 6
652 205 8 3
652 862 24 6
652 551 11 3
652 279 20 5
651 32 14 4
651 847 25 6
651 296 62 16
651 681 26 7
651 445 12 4
650 507 60 15
650 617 41 9
650 596 20 6
650 891 34 8
650 863 30 7
650 876 23 8
650 334 97 26
650 446 39 10
649 102 44 11
649 829 20 4
649 59 23 5
649 421 41 9
649 392 69 23
648 552 71 18
648 278 62 13
648 968 27 7
648 718 21 8
648 978 17 4
647 565 45 13
647 530 13 4
647 850 29 7
647 694 7 2
646 896 34 9
646 65 62 14
646 621 48 13
646 956 28 6
646 145 41 8
646 898 16 4
646 381 17 4
645 195 101 28
645 685 32 10
645 348 34 9
645 27 51 9
645 206 44 11
645 889 32 8
644 976 76 14
644 908 79 22
644 249 64 16
644 209 40 9
644 663 25 7
644 535 54 14
644 547 27 7
643 807 28 6
643 931 41 11
643 268 38 8
643 384 45 10
643 166 33 9
643 357 11 4
642 70 43 12
642 912 48 9
642 955 36 11
642 59 41 12
642 392 54 15
642 654 33 10
642 486 28 8
641 365 46 12
641 489 12 3
641 685 39 10
641 348 43 11
641 501 37 10
641 715 30 8
640 356 68 13
640 678 48 12
640 695 69 13
640 346 44 12
640 16 88 19
640 86 48 11
640 788 17 4
640 768 30 8
639 576 28 9
639 584 27 7
639 115 43 10
639 857 38 10
639 741 16 4
639 540 47 12
639 205 32 11
638 124 7 2
638 172 11 3
638 156 14 5
638 525 10 3
637 343 31 8
637 867 30 7
637 686 64 21
637 511 55 15
637 881 58 15
637 432 72 15
636 703 37 12
636 548 22 7
636 551 30 10
636 501 18 6
636 842 16 5
636 217 14 5
635 963 40 13
635 359 24 7
635 133 41 12
635 327 20 5
635 592 24 6
635 750 38 9
635 309 17 5
634 705 14 5
634 337 28 7
634 334 33 8
634 725 8 2
633 193 29 7
633 737 63 15
633 754 33 8
633 700 32 9
633 129 22 5
633 34 29 7
632 117 96 33
632 712 85 25
632 691 81 23
632 771 82 20
632 232 26 8
632 286 42 10
632 888 66 16
632 903 37 12
631 618 37 9
631 154 24 7
631 724 27 8
631 157 16 4
631 24 25 7
630 670 16 4
630 606 11 3
630 83 26 5
630 369 46 11
630 1 46 11
630 394 46 12
629 987 44 11
629 731 50 10
629 335 26 7
629 886 44 11
629 204 13 3
629 422 31 6
629 919 46 12
628 824 42 9
628 832 18 4
628 999 23 5
628 68 28 7
628 880 49 11
628 89 45 11
628 242 61 15
627 254 39 9
627 429 13 4
627 700 53 19
627 460 77 17
627 397 36 9
627 476 48 11
626 763 10 4
626 759 22 7
626 926 31 7
626 890 80 19
626 49 50 15
625 882 11 3
625 773 22 6
625 87 8 3
625 295 8 3
625 220 24 8
624 159 44 13
624 570 70 15
624 528 43 12
624 128 37 13
624 193 52 13
623 175 46 12
623 747 50 13
623 925 43 15
623 305 40 10
623 857 53 15
623 473 41 11
623 391 53 14
623 745 46 13
622 710 20 7
622 353 32 8
622 250 40 9
622 315 8 2
622 160 23 6
621 646 61 12
621 65 21 6
621 145 57 12
621 52 32 10
621 200 21 6
620 957 11 3
620 844 12 3
620 818 12 3
620 67 7 2
619 141 60 15
619 428 156 38
619 896 151 30
619 906 37 7
619 65 43 13
619 950 16 5
618 439 91 23
618 108 58 18
618 425 17 4
618 910 98 24
618 724 48 10
618 631 29 8
618 154 20 7
617 50 28 6
617 667 12 3
617 57 34 11
617 863 35 9
617 650 43 8
617 891 17 6
616 26 19 4
616 265 17 5
616 329 21 7
616 888 8 2
616 894 3 1
615 202 26 7
615 383 16 4
615 861 21 6
615 870 44 9
614 378 19 5
614 120 50 14
614 411 17 5
614 538 53 17
614 963 60 15
614 359 57 15
613 135 28 5
613 789 11 3
613 291 9 3
613 13 28 10
612 289 36 8
612 875 30 7
612 569 31 6
612 155 42 11
612 867 40 10
611 386 42 11
611 373 50 13
611 313 9 3
611 229 47 10
611 324 19 5
611 549 26 8
610 153 43 10
610 403 48 11
610 998 39 13
610 453 35 7
610 873 45 10
610 107 12 3
610 78 24 6
609 303 266 86
609 772 186 39
609 413 8 3
609 765 55 15
609 221 35 9
609 684 216 43
609 530 479 103
609 405 307 77
609 417 269 72
608 25 63 16
608 333 43 11
608 233 49 10
608 560 51 15
608 231 45 9
608 10 42 10
608 676 42 12
608 314 68 17
607 709 35 8
607 719 38 9
607 991 37 10
607 593 44 11
607 920 31 7
607 287 32 10
607 461 29 9
606 670 15 4
606 943 8 2
606 630 12 4
606 83 11 3
605 257 18 5
605 472 26 6
605 958 20 6
605 860 22 7
605 673 34 9
605 164 62 15
605 810 65 16
604 330 74 19
604 820 51 14
604 662 26 6
604 360 25 8
604 658 19 6
604 937 13 4
603 93 102 28
603 563 118 26
603 538 31 8
603 796 119 34
603 970 78 19
603 832 90 19
603 242 57 14
603 997 41 10
603 465 45 13
602 55 83 16
602 356 62 17
602 125 62 16
602 346 40 11
602 736 55 16
602 2 36 8
602 553 18 4
601 512 56 15
601 354 30 9
601 517 21 6
601 452 60 11
601 400 45 11
601 66 94 19
601 543 55 15
600 939 55 14
600 363 50 11
600 591 48 11
600 373 29 8
600 57 34 12
600 679 23 7
600 722 11 3
599 23 41 11
599 802 36 8
599 913 19 7
599 293 37 11
599 809 35 11
599 292 67 18
599 918 67 16
598 73 20 6
598 756 4 1
598 226 24 5
598 879 31 7
597 245 20 7
597 787 18 5
597 266 27 8
597 799 46 10
597 350 31 8
597 905 28 6
596 507 52 9
596 650 17 5
596 891 10 4
595 776 87 20
595 805 22 7
595 300 67 15
595 260 44 9
595 955 22 8
595 486 29 7
595 506 47 12
595 654 33 9
594 752 36 13
594 306 19 6
594 186 80 20
594 523 66 16
594 214 53 10
594 142 22 6
593 709 14 3
593 174 35 10
593 915 20 6
593 920 44 13
593 607 31 9
592 133 38 10
592 635 19 5
592 309 8 3
592 565 19 5
592 179 30 7
591 372 30 9
591 224 14 5
591 363 19 5
591 600 46 13
591 57 27 6
591 50 19 6
590 684 30 11
590 813 39 11
590 840 24 6
590 33 56 14
590 478 48 15
589 452 19 4
589 900 9 3
589 723 41 12
589 543 41 12
588 910 14 6
588 500 15 4
588 195 32 7
587 820 41 9
587 933 14 4
587 658 10 2
587 492 33 9
586 137 44 11
586 399 14 5
586 699 37 9
586 409 33 9
585 791 22 6
585 499 23 5
585 952 39 11
585 755 46 10
585 278 47 10
584 775 41 8
584 576 18 4
584 639 29 6
584 370 41 13
584 741 18 4
584 51 27 7
583 847 51 17
583 372 13 3
583 224 13 3
583 667 28 7
583 50 25 6
582 982 12 4
582 831 6 2
582 821 17 5
582 66 29 8
582 783 28 8
581 141 124 25
581 785 82 16
581 130 276 69
581 930 71 17
581 769 70 18
581 398 55 18
581 458 60 13
581 208 12 3
580 920 25 8
580 445 21 6
580 681 16 4
580 568 37 10
580 287 31 8
580 849 34 9
579 338 32 9
579 447 11 3
579 194 27 6
579 412 43 12
579 815 51 12
579 367 35 12
578 410 17 4
578 910 188 66
578 97 39 11
578 969 20 5
578 439 52 13
577 64 23 6
577 534 10 3
577 980 27 7
577 16 49 11
577 531 16 4
576 666 35 11
576 775 27 7
576 584 18 5
576 115 27 8
576 639 30 9
575 985 51 11
575 173 34 9
575 443 27 7
575 84 34 8
575 491 19 4
575 444 49 13
575 990 39 13
574 515 24 6
574 883 20 5
574 653 19 5
574 545 24 5
574 948 9 3
573 850 40 12
573 976 35 7
573 249 9 3
573 379 18 4
572 764 17 4
572 967 21 5
572 228 9 2
572 665 5 2
572 316 33 8
571 187 45 9
571 71 14 4
571 816 48 16
571 293 14 4
571 712 56 14
571 968 39 10
571 661 50 12
570 358 15 4
570 159 57 17
570 427 43 10
570 624 64 14
570 737 56 12
570 128 31 8
569 875 48 12
569 399 66 13
569 612 24 8
569 716 31 9
569 867 34 10
569 897 21 6
568 915 29 6
568 76 12 3
568 152 24 7
568 920 52 14
568 681 49 9
568 580 38 13
567 428 31 7
567 161 55 11
567 956 60 15
567 656 55 12
567 152 51 13
567 858 20 6
566 845 26 7
566 825 24 7
566 426 4 1
566 828 41 11
566 231 33 9
565 405 54 10
565 133 28 7
565 592 19 4
565 179 35 11
565 694 41 10
565 530 51 14
565 647 54 11
564 302 23 6
564 923 29 9
564 299 28 8
564 151 23 5
564 984 45 14
563 5 41 13
563 93 61 14
563 873 20 5
563 603 130 25
563 796 31 7
562 389 3 1
562 351 13 4
562 298 40 8
562 683 25 9
561 216 27 7
561 656 17 5
561 871 17 4
561 82 67 17
561 493 39 10
561 99 53 13
560 961 14 3
560 333 40 9
560 466 6 2
560 845 13 3
560 231 43 11
560 608 43 12
559 528 45 13
559 754 10 4
559 34 16 5
559 922 24 8
559 118 31 7
559 406 32 11
559 344 42 12
558 312 22 6
558 953 27 5
558 417 27 7
558 911 19 5
558 375 10 3
557 766 13 3
557 442 28 9
557 276 69 16
557 471 18 6
557 111 75 17
556 292 44 11
556 918 28 8
556 479 47 12
556 851 10 3
556 139 31 10
555 987 29 8
555 890 5 2
555 49 17 5
555 422 25 5
555 335 21 6
554 48 32 9
554 367 26 6
554 264 28 7
554 272 44 12
554 28 140 28
554 815 22 4
553 602 16 5
553 2 40 8
553 736 67 18
553 340 66 13
553 975 29 7
552 952 30 7
552 247 23 7
552 187 6 2
552 917 22 5
552 968 56 12
552 648 67 18
552 278 67 18
551 279 22 6
551 652 9 3
551 703 18 5
551 636 32 8
551 862 21 6
551 217 26 7
550 818 33 8
550 866 22 5
550 781 38 10
550 171 68 18
550 252 27 7
549 229 40 11
549 611 28 8
549 742 39 9
549 324 32 8
549 75 36 9
549 914 49 12
549 451 63 19
548 542 17 5
548 318 10 3
548 703 27 10
548 833 4 1
548 636 25 5
548 501 19 7
547 644 24 6
547 663 4 1
547 192 23 7
547 535 32 7
546 928 18 5
546 100 20 5
546 800 25 7
546 349 20 5
546 354 19 6
546 517 18 5
545 653 29 7
545 574 20 5
545 948 15 4
545 182 23 7
545 14 13 3
544 39 62 13
544 63 31 8
544 789 31 7
544 135 5 2
544 13 16 5
543 452 50 13
543 589 50 12
543 723 34 9
543 601 41 11
543 7 25 6
543 332 19 7
543 66 84 27
543 138 99 21
543 537 75 15
542 144 26 7
542 4 18 5
542 703 31 8
542 497 26 6
542 548 21 6
542 318 12 3
541 809 43 10
541 1 18 5
541 292 31 10
541 140 23 5
541 892 27 9
540 639 39 10
540 857 53 13
540 205 57 12
540 862 52 15
540 843 10 3
540 529 46 10
540 834 11 3
539 523 50 10
539 336 47 14
539 418 42 11
539 527 36 10
539 9 34 11
539 988 50 10
539 276 36 10
539 442 20 5
538 411 46 15
538 614 48 13
538 603 32 10
538 359 81 19
538 327 76 17
538 355 75 17
538 93 81 19
538 750 105 18
538 970 77 26
537 332 58 14
537 246 51 17
537 543 61 17
537 138 57 15
537 102 28 8
537 829 40 9
537 817 51 14
537 421 48 14
536 228 2 1
536 431 39 11
536 347 38 9
536 814 35 9
536 665 3 1
535 908 101 23
535 839 97 26
535 644 48 13
535 547 28 8
535 167 92 27
535 504 58 15
535 689 58 13
535 20 56 15
535 192 42 8
534 972 10 3
534 531 13 4
534 577 7 3
534 64 27 8
534 146 19 5
533 256 29 10
533 918 38 13
533 691 24 7
533 887 19 6
533 851 49 16
532 126 24 7
532 227 56 11
532 230 52 14
532 320 24 8
532 307 32 8
532 449 65 14
532 403 62 11
532 884 31 7
531 534 15 4
531 972 21 7
531 577 12 3
531 16 44 11
531 181 28 6
531 859 38 13
530 609 422 102
530 405 108 24
530 565 47 15
530 647 17 4
530 850 32 6
530 720 230 40
530 717 37 10
529 862 28 7
529 540 53 13
529 834 36 11
529 217 52 10
529 923 42 10
529 302 29 9
529 854 28 10
528 409 326 88
528 134 136 35
528 159 97 23
528 624 32 12
528 193 65 14
528 518 141 42
528 922 75 17
528 754 41 14
528 559 41 14
527 418 24 7
527 539 38 11
527 847 48 11
527 9 5 2
526 136 26 8
526 182 26 8
526 96 19 5
526 444 50 11
525 172 16 5
525 638 13 4
525 156 27 7
525 883 9 3
525 136 27 5
525 182 37 8
524 384 35 9
524 885 27 7
524 268 10 3
524 170 54 17
524 454 49 10
523 594 65 15
523 214 33 9
523 186 33 9
523 418 59 14
523 336 35 8
523 539 49 11
522 437 4 1
522 385 10 3
522 502 20 6
522 662 27 8
522 360 21 6
521 842 48 16
521 923 53 15
521 715 60 12
521 509 32 9
521 299 69 19
521 237 55 13
520 774 19 5
520 994 55 16
520 823 47 16
520 938 46 9
520 191 23 5
519 96 27 7
519 879 64 13
519 444 62 11
519 979 31 7
519 448 13 4
518 409 414 122
518 528 147 50
518 922 95 25
518 275 66 12
518 827 68 17
518 62 51 15
517 191 72 14
517 800 43 12
517 512 34 11
517 546 23 5
517 354 36 7
517 601 19 5
516 804 38 11
516 779 33 8
516 904 28 6
516 698 14 5
516 104 10 4
516 687 8 2
516 671 61 15
515 130 58 15
515 407 82 29
515 653 25 5
515 124 28 7
515 574 25 6
515 883 23 5
515 172 18 6
514 966 13 3
514 817 40 11
514 837 19 6
514 150 60 11
514 77 22 5
514 41 38 7
513 301 83 15
513 979 116 26
513 902 50 13
513 171 64 23
513 122 50 11
513 696 24 7
513 339 34 8
512 191 43 13
512 517 41 12
512 601 53 11
512 938 31 6
512 452 8 2
511 361 38 13
511 343 58 13
511 757 58 12
511 637 77 19
511 881 41 10
511 437 37 9
511 330 113 21
511 360 48 10
510 877 35 11
510 82 32 9
510 99 44 10
510 98 34 9
510 939 26 10
510 363 46 9
509 715 66 17
509 521 34 8
509 482 27 9
509 237 64 14
509 119 32 10
508 232 19 5
508 964 8 3
508 288 44 9
508 286 36 10
507 240 15 4
507 988 30 6
507 891 48 14
507 596 52 13
507 334 65 16
507 650 68 18
506 595 50 12
506 654 29 7
506 260 26 6
506 342 16 6
506 317 57 17
506 895 67 17
506 794 75 15
505 940 66 17
505 180 57 17
505 942 40 12
505 671 68 17
505 199 37 10
505 759 32 7
505 763 20 6
504 167 70 16
504 535 46 15
504 701 31 7
504 436 38 11
504 689 5 1
504 488 32 10
503 258 8 2
503 724 19 6
503 24 25 8
503 910 40 10
503 500 31 6
503 236 55 15
503 475 58 15
502 385 19 5
502 522 25 5
502 662 25 7
502 158 43 9
502 865 29 8
502 304 21 7
501 833 19 5
501 489 30 10
501 548 24 5
501 636 20 5
501 641 28 10
501 842 22 5
501 715 23 6
500 503 25 8
500 910 29 7
500 588 14 4
500 236 69 14
500 195 41 9
499 401 30 9
499 184 28 10
499 244 35 9
499 415 46 15
499 791 33 9
499 585 20 6
499 952 44 11
499 247 48 13
498 431 54 13
498 61 51 13
498 347 56 15
498 284 11 3
498 805 49 14
498 733 11 4
497 144 31 8
497 365 31 6
497 489 22 7
497 542 20 6
497 318 20 6
496 199 28 8
496 763 51 14
496 49 36 11
496 987 30 8
496 731 38 11
496 977 37 7
495 750 40 12
495 795 22 7
495 908 42 11
495 249 27 7
495 379 16 5
494 953 19 5
494 478 17 4
494 767 46 13
494 911 41 12
494 120 24 6
493 656 33 9
493 152 36 8
493 296 50 12
493 681 58 16
493 561 32 9
493 99 43 13
492 937 41 12
492 933 25 6
492 435 28 6
492 743 20 5
492 751 26 7
492 658 33 9
492 587 34 10
491 575 18 5
491 84 26 7
491 116 22 6
491 990 36 8
491 957 54 16
490 286 57 15
490 888 32 9
490 26 15 4
490 100 22 5
490 800 29 9
490 928 13 4
490 349 33 9
489 497 21 6
489 318 33 7
489 833 25 9
489 365 34 9
489 501 34 7
489 641 12 3
488 504 37 8
488 689 39 8
488 436 17 3
488 163 15 5
488 270 47 11
488 693 32 7
487 80 54 13
487 150 15 4
487 58 41 12
487 825 33 10
487 426 29 6
487 40 18 6
487 21 23 6
487 846 26 7
486 955 15 4
486 595 28 7
486 654 12 3
486 642 32 8
485 870 23 5
485 213 21 5
485 454 17 5
485 149 28 6
485 170 37 12
484 431 64 18
484 708 30 6
484 664 25 7
484 19 17 5
484 61 39 12
484 989 55 12
483 969 30 8
483 97 24 5
483 707 17 5
483 439 29 6
483 443 30 10
483 393 37 9
482 348 40 11
482 206 11 3
482 715 66 19
482 889 25 6
482 131 35 11
482 119 43 10
482 509 38 9
481 239 25 7
481 315 13 3
481 250 23 5
481 377 44 12
480 3 32 10
480 657 59 12
480 17 18 5
480 901 38 7
480 219 41 9
480 680 43 12
480 331 38 13
479 311 36 7
479 292 39 9
479 556 44 13
479 139 63 16
479 321 17 6
479 946 56 15
478 840 50 17
478 430 61 14
478 33 40 11
478 590 47 11
478 953 13 4
478 494 16 5
478 767 44 12
477 929 32 9
477 863 27 7
477 721 31 9
477 876 29 9
477 742 27 7
477 229 9 3
476 460 58 14
476 627 40 14
476 397 35 10
476 826 17 6
476 941 17 5
476 710 29 8
476 669 22 5
476 160 38 9
476 932 63 15
475 24 39 12
475 252 27 6
475 503 50 12
475 236 27 10
475 326 60 16
474 893 34 9
474 974 30 7
474 188 25 8
474 680 48 13
474 74 98 25
474 47 30 7
474 994 85 16
473 623 46 12
473 391 34 7
473 162 18 5
473 225 17 6
473 857 53 18
472 253 29 7
472 257 28 7
472 605 20 6
472 992 60 17
472 165 23 8
472 958 23 6
471 732 33 10
471 772 43 9
471 766 24 5
471 557 19 4
471 413 157 38
471 111 80 18
470 434 13 3
470 112 16 6
470 297 36 8
470 735 24 6
470 977 29 10
469 983 11 3
469 212 14 4
469 189 10 3
469 792 24 7
468 716 13 4
468 897 24 6
468 95 26 7
467 280 9 3
467 698 25 6
467 112 27 6
467 744 12 4
466 58 18 4
466 80 18 6
466 961 12 4
466 90 18 4
466 560 8 2
466 845 17 4
465 242 9 3
465 603 39 12
465 997 14 4
465 947 58 14
465 970 38 10
465 839 63 19
464 407 13 3
464 463 11 3
464 22 35 9
463 407 20 5
463 653 49 13
463 464 13 3
463 22 37 8
463 707 47 10
463 985 36 11
463 14 45 13
462 36 25 6
462 56 23 6
462 793 13 4
462 678 12 4
462 356 59 19
461 991 30 7
461 607 32 8
461 287 56 14
461 186 59 15
461 306 20 6
460 627 79 19
460 700 7 2
460 692 14 5
460 476 70 14
460 932 20 6
459 237 38 8
459 253 61 17
459 101 41 9
459 875 36 8
459 992 20 6
459 289 26 7
458 1000 45 12
458 798 64 14
458 581 67 17
458 208 55 12
458 398 40 8
458 931 71 21
458 807 56 12
457 872 36 8
457 352 27 10
457 44 57 12
457 163 21 6
457 92 11 3
457 951 54 15
456 884 31 7
456 153 30 8
456 803 38 9
456 998 9 3
456 403 19 6
455 12 37 7
455 704 34 10
455 811 25 6
455 355 45 12
455 907 13 4
455 201 17 5
454 885 41 9
454 390 43 9
454 213 27 7
454 524 44 11
454 170 36 9
454 485 20 6
453 449 56 12
453 403 46 12
453 265 58 11
453 400 63 15
453 610 26 7
453 973 49 11
453 78 21 5
452 900 26 5
452 938 31 7
452 512 9 3
452 589 18 5
452 543 60 13
452 601 62 12
451 324 67 14
451 549 70 15
451 819 45 15
451 914 63 16
451 117 45 10
451 8 5 2
450 730 43 10
450 60 8 2
450 137 12 3
450 409 45 12
449 320 61 11
449 532 52 16
449 329 11 4
449 265 24 7
449 403 30 7
449 453 45 13
448 879 48 16
448 971 46 15
448 979 23 6
448 519 13 3
447 841 25 7
447 828 42 9
447 338 30 9
447 579 12 4
447 194 19 6
446 650 37 7
446 334 95 22
446 921 35 10
446 721 24 8
446 876 11 4
445 580 27 6
445 849 21 4
445 32 14 4
445 681 19 5
445 651 12 3
444 173 51 13
444 182 51 14
444 526 55 12
444 96 54 12
444 575 43 13
444 990 15 4
444 519 61 14
444 979 70 17
444 255 46 15
443 707 39 12
443 985 37 11
443 483 30 10
443 393 31 7
443 575 24 6
443 84 19 5
442 336 59 15
442 766 40 8
442 557 36 9
442 276 34 10
442 539 22 6
441 392 53 13
441 794 29 6
441 220 5 2
441 954 48 11
441 882 24 5
440 404 36 11
440 251 35 8
440 322 29 8
440 852 23 7
440 277 11 3
440 147 10 3
439 578 60 11
439 969 28 7
439 483 24 7
439 910 196 52
439 393 14 4
439 108 31 10
439 618 83 30
438 803 39 11
438 758 27 8
438 153 24 6
438 873 39 9
438 5 10 3
437 511 29 10
437 881 30 7
437 385 9 3
437 360 22 5
437 522 5 2
436 701 28 9
436 504 46 11
436 6 36 7
436 352 22 7
436 488 13 4
436 163 24 6
435 937 43 10
435 492 26 7
435 865 63 16
435 53 42 8
435 778 35 7
435 751 28 7
434 904 59 13
434 698 43 12
434 765 83 19
434 470 13 3
434 112 24 5
434 110 45 11
434 297 33 10
433 790 79 18
433 917 52 13
433 187 48 14
433 23 37 10
433 822 6 2
432 637 73 16
432 881 31 7
432 686 67 19
432 158 17 5
432 395 10 3
432 675 42 10
431 74 42 13
431 228 40 11
431 664 48 17
431 484 59 18
431 536 38 11
431 347 20 6
431 498 57 15
431 61 65 18
430 886 29 9
430 840 40 12
430 949 24 9
430 290 32 8
430 704 24 6
430 376 38 10
430 478 55 13
430 767 28 6
429 53 50 12
429 262 51 14
429 627 13 4
429 254 27 9
429 55 75 18
429 397 35 11
428 130 500 132
428 141 246 53
428 94 200 53
428 567 29 8
428 619 202 39
428 161 38 7
428 896 35 12
428 858 37 9
428 174 54 17
427 395 23 7
427 158 26 8
427 675 30 6
427 358 39 10
427 570 34 10
427 424 35 12
427 304 49 13
427 248 48 13
427 737 58 14
426 825 23 6
426 566 4 1
426 828 38 9
426 21 3 1
426 487 29 8
425 108 55 16
425 132 26 7
425 154 28 5
425 618 17 4
424 865 8 3
424 427 48 13
424 304 10 3
424 420 33 7
424 248 14 3
423 95 2 1
423 409 92 25
423 699 37 9
423 178 44 12
423 134 56 13
422 890 20 6
422 555 19 6
422 335 8 2
422 230 72 15
422 959 64 18
422 758 84 19
422 629 31 7
422 919 51 15
421 829 33 6
421 537 54 11
421 649 32 11
421 392 102 26
421 817 17 5
421 41 53 17
420 424 30 7
420 865 32 10
420 248 20 5
420 737 54 13
420 53 25 5
420 254 33 7
419 200 35 10
419 52 49 10
419 770 63 18
419 282 28 5
419 203 37 11
418 849 25 10
418 186 37 11
418 523 53 15
418 32 28 7
418 847 28 9
418 539 53 13
418 527 32 8
417 684 145 29
417 609 353 71
417 33 59 16
417 312 45 12
417 558 23 6
417 375 19 5
417 405 23 5
417 748 17 5
417 911 23 6
416 111 12 3
416 413 72 19
416 334 53 14
416 267 9 3
416 705 23 6
415 674 30 6
415 244 55 12
415 499 46 12
415 247 24 7
415 790 26 5
415 917 30 7
414 270 29 8
414 30 22 5
414 924 62 14
414 693 33 8
414 88 94 31
414 28 44 11
413 471 125 37
413 111 98 23
413 416 84 19
413 772 166 32
413 267 73 19
413 273 38 10
413 609 12 3
413 221 34 10
412 39 35 11
412 194 50 9
412 579 41 11
412 981 11 3
412 815 58 17
412 291 44 10
411 907 30 9
411 378 26 7
411 355 36 8
411 538 57 14
411 614 15 5
410 407 55 12
410 578 18 5
410 22 46 12
410 97 34 12
409 910 289 64
409 27 72 23
409 730 57 12
409 450 35 8
409 137 43 12
409 518 543 135
409 528 343 61
409 134 166 48
409 586 42 10
409 423 96 30
409 699 79 15
408 185 17 4
408 947 23 5
408 345 8 3
408 233 31 11
408 760 28 5
407 130 120 34
407 515 84 27
407 410 45 12
407 653 71 21
407 463 26 5
407 464 11 4
407 22 29 10
406 118 11 3
406 559 42 10
406 692 28 7
406 344 31 8
406 932 36 10
406 827 47 12
405 609 313 97
405 417 17 6
405 133 20 7
405 748 3 1
405 530 80 26
405 565 50 13
404 226 38 8
404 799 32 8
404 251 30 9
404 879 50 10
404 440 29 8
404 147 28 9
404 971 49 10
403 532 58 14
403 884 36 10
403 449 36 8
403 456 19 6
403 453 48 13
403 610 56 11
403 998 16 5
402 130 138 37
402 930 31 10
402 835 159 34
402 927 13 3
402 245 24 5
402 787 27 6
402 222 35 9
401 499 30 7
401 244 11 3
401 202 51 17
401 184 9 3
400 354 24 6
400 265 63 16
400 453 52 17
400 601 45 9
400 66 52 13
400 973 54 16
399 79 51 18
399 137 40 12
399 101 69 17
399 586 16 4
399 699 38 7
399 875 87 23
399 569 66 17
399 716 46 11
398 581 68 15
398 458 28 9
398 769 32 10
398 374 42 12
398 856 61 15
398 357 57 15
398 807 50 15
397 429 35 10
397 55 66 16
397 627 36 10
397 125 41 12
397 476 40 8
397 826 21 6
397 341 15 4
396 899 63 13
396 821 62 18
396 668 49 12
396 54 42 10
396 294 30 8
396 103 17 4
396 995 26 7
395 432 10 3
395 675 36 7
395 427 28 7
395 158 16 4
394 670 49 14
394 23 21 6
394 809 15 4
394 1 52 12
394 630 59 13
393 483 29 10
393 439 11 4
393 108 24 6
393 443 26 7
393 84 27 6
392 59 60 17
392 649 88 21
392 642 54 15
392 421 70 25
392 654 59 20
392 794 37 12
392 41 71 18
392 954 61 16
392 441 46 15
391 623 50 13
391 745 43 10
391 281 36 9
391 473 27 7
391 162 15 4
391 983 34 10
391 308 34 12
390 878 12 3
390 885 21 6
390 384 25 8
390 870 31 8
390 213 26 8
390 454 45 8
389 562 2 1
389 683 26 9
389 798 27 8
389 351 17 4
388 215 53 14
388 777 57 16
388 317 38 9
388 726 60 15
388 356 52 14
388 56 17 4
387 706 16 5
387 909 37 9
387 747 37 9
387 274 36 9
387 745 42 11
386 679 42 9
386 722 21 4
386 373 15 5
386 791 56 14
386 611 56 12
386 313 40 14
386 755 65 18
385 437 11 3
385 881 26 5
385 158 33 9
385 502 17 6
385 522 10 3
384 931 12 4
384 106 22 6
384 643 38 12
384 878 24 6
384 390 28 6
384 268 34 11
384 885 19 5
384 524 35 7
383 683 66 19
383 770 46 9
383 202 25 6
383 878 57 12
383 870 45 13
383 615 14 4
382 853 18 3
382 110 36 8
382 731 59 16
382 886 56 14
382 840 45 13
382 813 31 10
381 646 19 4
381 898 1 1
381 216 19 7
381 145 32 11
380 369 57 17
380 702 28 8
380 281 31 11
380 308 40 10
380 362 17 4
380 690 19 5
379 694 44 10
379 795 27 6
379 495 14 4
379 850 42 10
379 249 24 6
379 573 17 5
378 201 23 6
378 120 33 8
378 907 13 4
378 411 30 7
378 614 15 5
377 239 38 10
377 481 35 12
377 827 52 15
377 250 44 14
377 62 25 6
376 204 34 8
376 290 5 2
376 919 37 11
376 69 22 5
376 12 25 6
376 704 35 11
376 430 32 10
375 417 16 5
375 911 9 3
375 558 9 3
374 222 53 13
374 769 46 12
374 350 30 8
374 398 49 15
374 761 11 4
374 856 37 10
374 874 31 7
373 600 25 6
373 57 33 8
373 722 22 5
373 386 21 6
373 611 53 16
373 229 47 12
373 929 32 8
372 283 23 5
372 296 27 8
372 847 53 12
372 363 35 12
372 591 35 7
372 583 16 4
372 224 21 5
371 764 7 2
371 967 11 3
371 331 41 9
371 263 25 6
370 728 44 16
370 775 48 15
370 326 27 8
370 144 36 10
370 584 57 14
370 51 39 12
370 864 24 5
370 4 28 9
369 909 48 10
369 83 41 10
369 630 42 8
369 274 42 10
369 281 36 10
369 380 69 16
369 702 51 16
369 1 58 14
368 711 48 13
368 63 45 12
368 688 65 13
368 859 32 8
368 13 22 6
367 338 17 5
367 48 22 5
367 579 41 10
367 815 24 6
367 554 28 6
366 301 69 17
366 753 59 14
366 339 28 5
366 31 19 5
366 747 42 8
365 236 44 11
365 326 46 15
365 144 41 13
365 195 104 26
365 685 68 14
365 497 28 7
365 489 33 9
365 641 42 12
364 41 64 12
364 127 44 11
364 954 29 8
364 11 33 10
364 711 40 11
364 210 16 5
363 99 42 11
363 510 48 12
363 283 48 12
363 372 35 12
363 939 42 13
363 600 40 14
363 591 21 7
362 702 12 4
362 380 21 5
362 690 22 7
362 892 28 6
362 321 50 14
361 310 28 7
361 757 19 4
361 511 46 11
361 343 25 7
360 330 75 20
360 511 43 10
360 437 19 6
360 522 21 5
360 662 16 4
360 604 29 8
359 614 50 17
359 963 48 9
359 635 28 6
359 327 4 1
359 538 82 21
358 675 17 5
358 427 38 10
358 570 16 4
358 159 61 16
357 398 68 14
357 807 27 6
357 856 31 9
357 643 13 4
357 166 42 10
356 726 64 16
356 388 54 19
356 56 68 14
356 462 55 18
356 678 73 18
356 55 69 16
356 602 50 15
356 346 35 7
356 640 66 16
355 455 41 11
355 919 66 13
355 811 37 10
355 907 46 12
355 411 36 8
355 538 75 14
355 93 38 12
354 26 41 13
354 349 9 2
354 265 63 16
354 546 20 7
354 400 24 6
354 601 31 9
354 517 28 9
353 669 35 10
353 125 20 6
353 736 13 4
353 710 29 7
353 622 35 8
353 975 60 18
353 250 75 14
352 436 21 7
352 872 16 5
352 6 12 4
352 457 34 8
352 163 33 10
351 285 39 8
351 906 44 12
351 950 64 15
351 35 31 8
351 298 40 11
351 562 12 4
351 798 43 10
351 389 15 4
350 222 30 10
350 787 27 6
350 761 16 5
350 374 31 6
350 597 26 6
350 905 10 3
349 490 29 10
349 26 50 11
349 928 20 4
349 354 9 2
349 546 15 5
348 641 34 11
348 685 16 4
348 645 44 12
348 206 43 10
348 715 44 13
348 482 49 12
347 536 41 8
347 431 19 5
347 814 7 2
347 776 103 24
347 498 73 18
347 805 98 22
346 356 27 7
346 602 45 11
346 640 38 12
346 2 26 7
346 86 16 4
345 848 15 4
345 185 20 5
345 25 20 7
345 408 9 3
345 233 37 11
344 559 50 12
344 406 28 9
344 922 35 7
344 827 33 10
344 806 32 7
343 310 19 5
343 155 22 6
343 867 49 15
343 637 36 10
343 361 27 7
343 511 63 15
342 260 15 5
342 506 21 5
342 317 40 14
342 777 45 13
342 121 52 10
341 826 6 2
341 397 16 3
341 125 35 9
341 669 15 5
340 553 59 14
340 975 54 16
340 2 42 11
340 250 192 52
340 271 22 5
340 729 27 8
340 62 273 65
340 16 102 31
340 291 230 67
339 301 76 15
339 366 26 7
339 31 15 5
339 925 36 10
339 696 34 7
339 513 33 11
338 828 50 14
338 10 46 14
338 447 33 10
338 579 38 8
338 367 21 5
338 48 26 6
337 634 26 6
337 705 34 11
337 725 22 5
337 196 55 17
337 804 27 9
337 671 66 13
336 214 22 5
336 936 30 8
336 523 41 10
336 539 41 11
336 442 48 12
336 766 35 9
336 169 9 3
335 987 26 9
335 629 24 5
335 422 10 2
335 555 22 6
334 240 60 16
334 507 74 13
334 111 56 11
334 276 70 16
334 650 102 23
334 446 69 24
334 705 33 9
334 416 51 13
334 921 86 20
334 634 36 9
334 725 35 10
333 660 50 12
333 880 49 10
333 234 32 11
333 25 34 8
333 90 47 12
333 961 26 7
333 560 34 8
333 608 55 12
332 543 24 5
332 537 53 16
332 7 1 1
332 246 14 3
331 480 44 13
331 680 19 7
331 901 28 8
331 967 42 13
331 371 37 10
331 263 59 11
330 757 91 25
330 734 33 7
330 218 26 8
330 360 81 19
330 511 91 24
330 727 50 15
330 820 29 10
330 604 65 14
329 903 43 12
329 320 41 12
329 894 22 6
329 616 23 6
329 449 11 3
329 265 22 5
328 753 19 4
328 235 8 2
328 747 52 17
328 706 27 8
327 359 4 1
327 538 73 18
327 750 45 9
327 635 26 7
326 475 49 14
326 252 78 17
326 728 62 20
326 236 38 10
326 365 46 12
326 370 31 9
326 144 26 6
325 308 44 11
325 212 9 3
325 869 11 3
325 238 58 17
325 830 53 11
325 211 57 15
325 3 83 21
324 313 16 4
324 611 15 4
324 549 38 10
324 451 63 17
324 755 44 9
324 819 62 18
323 921 7 2
323 721 37 10
323 75 37 9
323 914 47 11
323 177 36 11
322 799 32 8
322 81 41 12
322 46 42 10
322 251 22 6
322 440 22 6
322 852 26 7
322 782 42 11
321 362 44 14
321 892 32 9
321 311 38 10
321 269 43 13
321 183 32 9
321 690 71 15
321 479 23 5
321 946 65 13
320 126 9 3
320 903 24 6
320 329 57 13
320 532 30 6
320 449 56 15
319 166 65 14
319 808 16 5
319 945 16 4
319 235 24 8
319 170 61 17
319 677 33 7
318 497 19 6
318 542 11 3
318 489 33 7
318 548 10 3
318 833 7 3
317 342 44 11
317 506 47 12
317 777 55 14
317 388 32 8
317 895 47 11
317 198 27 7
317 56 37 10
316 764 22 6
316 164 74 16
316 263 5 2
316 655 58 14
316 72 68 19
316 190 68 22
316 814 57 15
316 572 29 7
316 665 27 9
315 160 21 6
315 622 9 2
315 239 20 5
315 250 38 8
315 481 17 4
314 608 75 16
314 676 43 10
314 6 20 5
314 10 67 18
314 749 14 4
314 44 22 5
313 386 49 13
313 611 9 3
313 324 12 4
313 755 48 11
312 33 17 6
312 953 17 4
312 417 47 12
312 558 16 5
311 140 6 2
311 892 23 6
311 321 48 10
311 292 23 7
311 479 33 7
310 165 44 12
310 343 18 6
310 155 15 4
310 757 31 9
310 361 22 7
309 592 9 3
309 635 18 5
309 750 35 10
309 179 20 6
308 391 35 11
308 281 38 13
308 380 36 8
308 983 42 15
308 212 47 12
308 325 37 12
308 690 24 7
308 830 47 12
307 230 29 7
307 959 39 10
307 884 15 4
307 532 34 8
306 991 33 10
306 746 53 11
306 752 43 11
306 461 17 6
306 594 17 5
306 186 59 16
305 659 7 3
305 925 41 11
305 623 41 8
305 857 31 7
304 158 32 12
304 502 20 7
304 865 11 2
304 424 10 2
304 427 36 12
303 752 56 11
303 609 359 73
303 772 168 48
303 746 37 9
303 94 20 7
302 529 36 8
302 854 22 6
302 923 22 6
302 151 41 12
302 564 22 7
301 782 35 9
301 852 8 3
301 277 32 8
301 902 56 13
301 513 75 16
301 753 95 20
301 366 60 13
301 339 77 14
300 595 65 15
300 260 31 9
300 776 32 9
300 121 10 3
299 923 23 6
299 564 30 6
299 521 55 16
299 237 92 25
299 253 52 19
299 984 74 14
299 257 91 20
298 351 47 11
298 950 59 18
298 52 54 19
298 770 68 18
298 683 14 4
298 562 33 8
297 470 26 7
297 434 38 10
297 110 21 6
297 735 15 3
297 853 15 4
297 801 3 1
296 493 50 16
296 681 57 14
296 651 53 14
296 99 42 10
296 283 10 3
296 847 55 14
296 372 25 8
295 773 31 9
295 784 34 9
295 625 11 3
295 220 36 9
295 688 25 8
295 105 27 6
295 64 54 15
294 668 38 12
294 396 30 7
294 90 18 4
294 80 23 6
294 103 26 7
293 71 4 2
293 802 12 4
293 913 13 4
293 599 42 10
293 918 69 21
293 256 73 21
293 571 15 4
293 712 75 20
292 809 73 19
292 599 49 17
292 541 34 11
292 140 20 5
292 311 24 6
292 479 44 11
292 918 46 12
292 556 40 9
291 859 76 25
291 62 457 128
291 981 35 7
291 789 18 5
291 340 279 58
291 613 11 3
291 13 35 11
291 181 141 36
291 16 153 38
291 412 37 11
291 815 120 26
290 949 11 3
290 430 38 8
290 376 4 1
290 204 38 9
289 459 31 9
289 992 18 6
289 875 13 4
289 155 31 11
289 612 36 9
288 964 44 10
288 43 33 8
288 508 34 8
288 286 43 11
288 960 34 6
288 800 54 12
288 191 42 13
287 607 46 9
287 461 58 14
287 920 19 6
287 186 26 5
287 849 38 10
287 580 28 9
286 232 28 8
286 632 40 8
286 508 35 9
286 288 30 9
286 800 57 15
286 888 54 14
286 490 50 18
285 141 20 5
285 785 25 7
285 35 39 9
285 906 36 9
285 351 35 10
284 61 41 10
284 935 34 12
284 912 44 12
284 498 11 4
284 733 13 3
283 296 14 4
283 99 40 7
283 372 25 7
283 363 36 11
282 200 44 12
282 145 55 13
282 419 28 7
282 877 43 11
282 203 35 9
281 274 41 8
281 369 45 10
281 745 39 9
281 391 35 9
281 380 43 10
281 308 50 13
280 698 14 4
280 467 11 3
280 744 13 5
280 104 5 2
279 51 18 4
279 703 15 4
279 864 15 5
279 205 22 7
279 551 19 6
279 652 17 5
278 952 60 14
278 585 44 11
278 755 13 3
278 819 53 18
278 718 50 14
278 648 52 16
278 552 73 18
277 147 11 4
277 440 13 3
277 902 25 6
277 852 24 6
277 301 29 9
276 539 38 13
276 442 33 9
276 557 59 19
276 988 24 7
276 240 14 4
276 111 74 16
276 334 62 19
275 922 53 12
275 806 7 2
275 827 16 5
275 518 61 15
274 909 41 11
274 387 36 8
274 745 16 4
274 369 40 8
274 281 38 9
273 267 66 14
273 413 37 9
273 697 11 3
273 221 21 7
273 779 43 11
272 92 64 20
272 264 29 8
272 28 98 25
272 554 39 13
272 38 31 7
272 713 2 1
271 86 30 9
271 768 9 3
271 2 42 10
271 729 17 5
271 340 25 7
270 689 34 10
270 20 29 9
270 488 48 9
270 693 31 7
270 414 32 7
270 30 20 5
269 321 46 11
269 183 37 9
269 946 23 7
269 188 23 6
269 893 12 3
268 643 34 8
268 384 43 9
268 166 11 3
268 524 11 3
268 170 75 14
267 416 8 3
267 705 22 5
267 697 51 12
267 273 64 18
267 413 65 16
266 245 23 8
266 835 89 28
266 226 58 13
266 597 27 7
266 799 36 8
265 616 24 6
265 329 21 6
265 449 30 7
265 26 26 6
265 354 65 17
265 453 59 12
265 400 76 14
264 38 18 5
264 48 9 2
264 554 30 8
264 272 38 10
263 901 61 13
263 223 63 15
263 331 44 12
263 371 28 6
263 764 23 5
263 316 5 2
263 164 71 16
262 778 7 3
262 53 40 9
262 429 45 12
262 85 48 12
262 55 50 17
261 657 30 9
261 984 16 5
261 257 58 15
261 45 34 12
261 207 58 14
261 810 67 15
260 595 47 10
260 300 35 9
260 506 27 7
260 121 31 8
260 342 16 4
259 216 9 3
259 871 12 4
259 877 45 11
259 145 32 6
258 24 26 7
258 503 7 2
258 724 13 3
257 299 66 21
257 984 66 18
257 261 48 15
257 253 36 11
257 810 73 17
257 605 15 4
257 472 27 9
256 293 65 20
256 712 18 5
256 691 12 3
256 533 37 7
256 918 53 18
255 444 50 16
255 990 48 11
255 979 42 13
255 957 34 8
255 844 27 7
255 171 76 22
255 866 31 8
254 420 29 9
254 53 34 12
254 737 41 11
254 700 67 15
254 627 41 11
254 429 36 7
253 299 62 16
253 237 70 20
253 459 71 18
253 257 38 9
253 992 58 12
253 472 30 10
252 781 33 10
252 550 31 6
252 24 37 13
252 475 23 6
252 171 94 22
252 326 66 14
252 728 81 25
251 404 27 6
251 799 8 3
251 322 21 6
251 440 43 10
250 622 43 11
250 315 27 10
250 481 23 6
250 353 61 17
250 975 114 28
250 377 46 12
250 340 183 51
250 62 55 15
249 495 25 7
249 379 27 7
249 573 9 2
249 976 35 9
249 644 57 16
249 908 54 14
248 424 15 4
248 427 37 10
248 420 22 5
248 737 48 12
247 499 43 10
247 415 25 6
247 917 10 3
247 952 18 5
247 552 29 6
246 723 29 7
246 7 13 4
246 332 12 4
246 935 35 10
246 989 25 8
246 102 43 12
246 537 63 17
245 402 18 6
245 927 10 3
245 835 122 30
245 266 33 6
245 597 28 7
245 787 22 4
244 202 68 13
244 401 10 3
244 674 34 7
244 861 46 12
244 415 49 11
244 499 31 8
243 765 105 35
243 110 26 7
243 684 39 8
243 813 21 5
242 832 48 14
242 603 60 11
242 465 9 3
242 628 48 12
242 947 50 12
242 89 45 10
241 973 29 7
241 982 10 3
241 66 22 7
241 714 56 12
241 831 26 5
240 276 17 5
240 334 53 18
240 507 14 5
240 988 18 6
239 932 63 15
239 160 15 5
239 827 73 18
239 377 48 13
239 315 22 5
239 481 22 5
238 869 50 12
238 325 70 16
238 993 8 3
238 151 38 8
238 984 34 10
238 657 48 11
238 3 82 21
237 509 60 14
237 521 48 16
237 299 91 23
237 119 44 11
237 101 24 6
237 253 63 18
237 459 28 10
236 503 56 15
236 475 36 10
236 500 65 14
236 195 79 25
236 326 35 9
236 365 53 14
235 945 17 6
235 753 25 6
235 319 27 6
235 328 6 2
235 706 26 9
235 986 34 7
235 677 26 6
234 68 20 6
234 25 40 10
234 333 36 9
234 880 5 2
233 25 42 12
233 345 34 11
233 408 39 9
233 760 21 7
233 676 19 6
233 608 46 12
232 691 55 20
232 964 20 7
232 508 13 4
232 286 25 8
232 632 32 7
231 845 28 8
231 560 34 9
231 608 45 12
231 566 34 10
231 10 36 10
231 828 40 10
230 780 36 11
230 926 63 15
230 890 60 15
230 227 48 11
230 532 39 12
230 307 29 7
230 422 51 17
230 959 52 10
229 373 49 11
229 929 22 6
229 549 33 12
229 611 47 13
229 742 30 10
229 477 9 3
228 967 25 6
228 74 44 12
228 665 4 1
228 572 7 2
228 431 37 9
228 536 3 1
227 123 33 9
227 780 16 4
227 771 46 11
227 126 53 11
227 230 49 10
227 532 50 11
226 73 34 11
226 835 69 21
226 266 56 12
226 598 24 6
226 879 41 8
226 799 48 14
226 404 38 7
225 162 26 8
225 473 19 5
225 857 55 15
225 843 36 9
225 983 27 7
225 792 14 3
224 372 21 6
224 583 9 3
224 50 18 4
224 591 15 5
223 786 15 5
223 901 47 15
223 207 16 4
223 810 8 2
223 263 57 19
223 164 18 5
222 930 29 7
222 350 31 10
222 787 39 9
222 402 34 11
222 374 38 12
222 769 17 4
221 413 45 8
221 609 32 12
221 273 20 7
221 779 37 12
221 765 45 10
221 904 58 16
220 794 33 9
220 441 6 2
220 895 47 13
220 882 18 5
220 695 77 16
220 64 55 19
220 87 17 6
220 625 25 8
220 295 34 11
219 3 50 12
219 211 58 13
219 188 22 6
219 480 36 10
219 680 22 7
218 72 21 7
218 734 23 5
218 330 27 8
218 727 47 17
218 190 26 8
217 551 27 8
217 862 34 9
217 529 50 12
217 923 68 14
217 842 25 7
217 636 15 4
216 898 22 6
216 956 24 7
216 381 19 6
216 145 33 8
216 259 9 3
216 656 43 9
216 871 14 4
216 561 25 6
215 812 38 10
215 121 37 10
215 777 10 3
215 18 20 6
215 726 62 18
215 388 47 12
214 594 41 11
214 142 32 8
214 936 15 4
214 336 22 6
214 523 25 7
213 870 2 1
213 390 25 8
213 485 19 6
213 454 21 5
212 983 25 5
212 308 39 13
212 469 15 4
212 325 9 2
212 869 7 2
212 189 13 4
211 830 32 8
211 183 46 12
211 325 74 20
211 3 21 5
211 219 48 13
211 188 72 16
210 127 53 11
210 364 22 5
210 855 46 11
210 37 11 3
210 711 28 6
209 976 98 26
209 644 35 11
209 663 45 12
209 838 35 8
209 109 9 4
209 192 40 10
208 785 60 16
208 1000 77 19
208 35 55 16
208 458 44 16
208 581 10 3
207 261 56 14
207 45 23 7
207 786 4 1
207 223 13 4
207 810 19 5
206 348 35 10
206 645 31 8
206 482 9 2
206 889 19 4
205 741 34 9
205 51 24 5
205 639 35 10
205 279 21 6
205 652 10 3
205 540 61 14
205 862 23 6
204 629 12 3
204 919 30 7
204 886 49 11
204 949 43 11
204 376 33 11
204 290 30 9
203 419 31 11
203 770 54 19
203 282 32 8
203 877 46 11
203 739 25 6
203 98 30 8
202 770 32 7
202 739 84 20
202 615 29 6
202 383 22 7
202 861 33 9
202 244 53 14
202 184 61 16
202 401 68 16
201 704 29 11
201 767 38 7
201 907 15 4
201 455 15 4
201 378 20 6
201 120 30 8
200 52 33 7
200 621 19 6
200 419 40 10
200 145 52 12
200 282 56 11
199 671 58 16
199 744 38 12
199 505 39 9
199 763 57 15
199 496 26 8
199 977 48 15
199 112 46 11
198 895 29 10
198 317 32 9
198 56 24 5
198 36 16 5
198 793 16 4
197 887 32 9
197 797 20 5
197 113 32 8
197 42 29 9
197 139 58 13
197 960 25 5
197 43 18 5
196 725 62 14
196 337 47 16
196 671 17 6
196 180 17 5
196 177 25 7
196 921 54 14
195 588 28 7
195 500 37 12
195 236 96 25
195 910 39 8
195 27 131 31
195 645 99 27
195 365 79 21
195 685 114 24
194 841 23 5
194 965 13 5
194 176 17 4
194 39 19 5
194 412 35 12
194 447 24 6
194 579 24 7
193 624 45 15
193 128 26 6
193 737 60 12
193 528 61 12
193 633 33 9
193 754 41 13
192 547 21 7
192 663 25 6
192 109 45 12
192 209 41 12
192 924 61 15
192 20 47 12
192 535 43 12
192 143 66 18
192 88 83 22
191 960 43 14
191 774 38 9
191 288 55 11
191 938 43 13
191 520 21 5
191 512 44 10
191 800 59 11
191 517 62 16
190 316 72 23
190 814 63 15
190 72 37 9
190 218 29 8
190 727 52 12
190 776 69 15
189 834 65 18
189 792 34 7
189 469 11 3
189 854 81 19
189 212 10 3
189 993 52 12
189 869 11 3
188 183 59 16
188 269 31 7
188 893 21 5
188 211 68 13
188 219 24 5
188 680 38 12
188 474 30 7
187 552 6 2
187 917 24 6
187 433 53 12
187 822 39 11
187 968 64 17
187 571 51 10
187 71 43 12
186 461 65 14
186 306 75 15
186 594 64 20
186 287 26 6
186 849 34 9
186 523 36 11
186 418 41 12
185 848 32 6
185 89 20 7
185 345 20 5
185 408 14 4
185 947 10 2
184 739 75 15
184 962 35 10
184 202 67 14
184 401 10 3
184 499 29 7
184 791 42 13
183 830 39 12
183 690 69 17
183 321 33 7
183 211 49 13
183 188 56 16
183 269 30 10
182 883 29 10
182 948 30 6
182 545 23 6
182 525 33 11
182 136 38 9
182 14 29 9
182 173 43 14
182 526 27 8
182 444 47 17
181 531 28 7
181 859 51 14
181 291 132 29
181 16 29 7
180 196 19 4
180 940 13 3
180 177 16 4
180 671 24 7
180 505 54 13
179 592 29 6
179 565 30 11
179 750 32 8
179 309 23 6
179 795 30 7
179 694 28 8
178 897 73 19
178 95 42 11
178 423 52 12
178 867 65 19
178 686 33 9
178 134 18 6
177 323 39 12
177 196 30 8
177 921 50 10
177 180 18 4
177 940 12 3
177 682 21 5
177 914 72 18
176 194 16 3
176 965 7 2
176 39 3 1
175 747 4 1
175 623 44 12
175 925 35 11
175 31 24 6
174 94 141 35
174 858 38 11
174 428 62 16
174 719 54 12
174 709 33 11
174 76 42 11
174 593 38 10
174 915 38 11
173 14 30 9
173 182 48 12
173 985 16 5
173 575 36 12
173 444 53 13
172 124 9 2
172 515 20 4
172 883 14 4
172 525 13 4
172 638 11 3
171 979 69 21
171 255 80 23
171 866 74 17
171 513 78 17
171 550 83 16
171 252 71 20
171 728 23 7
171 15 23 6
171 666 47 13
171 122 41 10
170 166 61 16
170 268 63 19
170 524 52 13
170 454 47 12
170 485 41 12
170 149 50 17
170 319 66 18
170 23 81 19
170 677 82 17
170 740 43 11
169 936 35 9
169 732 23 7
169 766 33 7
169 336 10 3
168 831 74 14
168 714 65 17
168 999 63 15
168 824 26 9
168 660 27 7
168 821 53 17
168 668 25 6
167 839 20 5
167 947 55 11
167 760 46 13
167 868 10 3
167 701 37 9
167 504 68 14
167 535 96 23
166 856 56 15
166 268 13 4
166 170 74 19
166 643 31 9
166 357 36 10
166 319 64 18
166 808 65 17
165 472 25 6
165 958 24 6
165 860 30 6
165 992 66 13
165 155 61 14
165 310 41 14
165 757 42 14
165 673 36 9
165 738 50 13
164 223 18 5
164 605 80 20
164 810 11 4
164 673 56 14
164 672 51 13
164 655 39 12
164 316 68 15
164 263 74 16
163 436 26 6
163 488 15 5
163 352 30 9
163 457 27 6
163 92 33 7
163 693 19 5
162 391 14 4
162 473 17 4
162 983 23 8
162 225 35 8
161 428 29 9
161 896 9 2
161 567 43 10
161 956 26 7
160 476 38 10
160 710 19 5
160 932 46 15
160 239 16 4
160 315 19 5
160 622 21 5
159 134 45 16
159 686 64 15
159 528 70 24
159 624 57 14
159 675 53 15
159 358 57 16
159 570 75 13
158 432 22 5
158 881 24 8
158 385 30 8
158 395 13 4
158 427 29 9
158 502 34 12
158 304 37 9
157 154 29 8
157 67 36 9
157 781 16 5
157 24 27 7
157 631 14 5
156 130 21 6
156 124 21 5
156 835 24 7
156 638 15 4
156 525 20 5
156 73 42 13
156 136 36 9
155 289 46 11
155 992 36 10
155 165 58 15
155 612 49 12
155 867 50 17
155 310 16 5
155 343 29 8
154 132 41 9
154 425 22 8
154 116 44 14
154 67 34 9
154 157 30 9
154 631 21 7
154 618 25 6
153 456 28 8
153 803 35 9
153 998 35 9
153 610 38 10
153 873 40 9
153 438 26 5
152 567 52 16
152 858 41 12
152 76 26 9
152 568 27 6
152 681 51 13
152 493 33 7
152 656 49 10
151 302 36 10
151 854 45 13
151 993 32 8
151 238 32 8
151 984 41 9
151 564 26 6
150 995 49 13
150 966 57 11
150 514 57 15
150 103 47 13
150 77 49 12
150 80 42 12
150 836 11 3
150 40 17 4
150 487 17 4
149 870 35 12
149 485 24 8
149 170 66 14
149 23 88 24
149 996 15 3
149 790 38 9
148 914 70 14
148 114 59 17
148 29 57 15
148 682 22 6
148 942 17 5
148 91 49 11
148 759 29 7
147 404 27 9
147 971 43 11
147 902 24 9
147 277 13 4
147 440 9 3
146 105 15 4
146 688 21 5
146 972 7 3
146 916 4 1
146 64 36 7
146 534 22 5
145 646 44 11
145 621 55 14
145 381 32 10
145 216 32 7
145 200 40 13
145 282 38 14
145 877 61 17
145 259 23 8
144 326 24 6
144 370 27 7
144 365 42 9
144 497 31 7
144 4 25 6
144 542 25 7
143 109 43 12
143 838 31 8
143 192 57 19
143 720 20 6
143 88 29 6
142 752 45 11
142 594 22 7
142 214 33 8
142 936 30 7
141 130 353 86
141 428 226 59
141 785 43 12
141 581 111 28
141 285 20 4
141 619 48 12
141 906 21 6
140 541 20 6
140 892 27 7
140 292 18 5
140 311 6 2
139 479 70 16
139 887 69 13
139 946 41 11
139 851 36 8
139 556 43 12
139 974 65 17
139 42 41 10
139 197 60 11
138 543 97 27
138 66 54 14
138 783 15 4
138 537 61 12
138 817 69 18
138 899 13 4
138 54 69 15
137 450 9 3
137 60 16 5
137 79 33 7
137 409 38 10
137 399 37 9
137 586 48 13
136 156 33 7
136 525 22 6
136 182 37 10
136 526 24 7
136 96 40 9
136 73 41 13
135 13 13 4
135 544 6 2
135 613 29 7
135 789 24 7
134 409 142 39
134 423 58 14
134 178 25 6
134 528 112 38
134 686 43 11
134 159 47 16
133 911 40 10
133 748 30 7
133 405 21 8
133 963 34 10
133 635 41 10
133 565 35 8
133 592 37 9
132 84 37 11
132 116 26 9
132 154 33 12
132 425 21 7
132 108 33 7
131 889 42 12
131 482 34 8
131 730 53 12
131 60 28 8
131 119 17 6
131 79 33 9
130 407 176 34
130 515 46 11
130 428 596 163
130 141 341 74
130 124 31 7
130 581 223 64
130 156 21 8
130 835 17 5
130 930 191 42
130 402 178 35
129 633 23 6
129 34 12 3
129 118 19 5
129 700 32 11
129 692 35 10
128 570 31 7
128 624 39 10
128 737 44 13
128 193 26 6
127 40 32 8
127 77 38 12
127 836 34 9
127 41 40 11
127 364 33 11
127 855 35 9
127 210 36 13
126 771 49 13
126 227 53 11
126 532 20 7
126 903 33 7
126 320 12 3
125 397 44 12
125 341 36 7
125 55 73 17
125 669 28 6
125 602 77 18
125 736 13 4
125 353 27 6
124 130 27 9
124 515 27 7
124 172 8 3
124 156 17 5
124 638 8 2
123 926 48 12
123 91 46 12
123 771 25 7
123 29 60 11
123 227 34 8
123 780 27 7
122 513 45 9
122 696 31 9
122 666 27 6
122 171 49 13
121 727 70 14
121 776 41 11
121 300 10 3
121 812 75 14
121 260 40 9
121 342 37 14
121 777 43 10
121 215 45 13
120 767 56 11
120 494 23 7
120 378 37 12
120 201 29 9
120 614 59 11
120 963 35 10
120 911 38 10
119 482 40 9
119 509 40 8
119 131 19 5
119 79 32 8
119 237 38 9
119 101 32 9
118 34 25 6
118 129 21 6
118 559 37 10
118 692 20 5
118 406 12 3
117 819 18 4
117 978 55 13
117 944 13 4
117 816 80 20
117 771 88 29
117 632 103 31
117 712 80 23
117 29 81 18
117 114 60 15
117 451 39 12
117 8 39 13
116 84 29 6
116 491 24 7
116 132 34 8
116 154 45 15
116 67 54 14
116 957 53 10
115 666 35 12
115 659 22 7
115 576 27 8
115 639 40 11
115 857 20 5
114 914 44 13
114 148 55 14
114 29 24 7
114 117 53 16
114 8 11 3
113 197 29 6
113 960 33 6
113 774 25 6
113 42 14 3
112 698 39 10
112 467 24 6
112 744 35 8
112 199 44 14
112 434 23 6
112 470 21 6
112 977 49 9
111 557 88 22
111 471 78 20
111 413 70 17
111 416 12 4
111 334 58 14
111 276 83 22
110 765 124 32
110 434 45 11
110 297 28 7
110 853 26 9
110 801 25 5
110 382 37 9
110 243 27 5
110 813 31 10
109 192 50 13
109 209 11 3
109 143 47 11
109 838 24 6
108 393 19 7
108 84 23 6
108 439 32 7
108 618 61 19
108 425 54 14
108 132 26 8
107 610 10 3
107 78 18 4
107 973 38 10
107 796 61 16
107 873 39 9
106 798 68 20
106 683 67 19
106 931 17 4
106 878 20 6
106 384 22 6
105 688 4 1
105 146 15 4
105 295 32 8
105 64 39 9
104 516 13 4
104 698 16 5
104 280 4 1
104 687 5 2
104 744 14 4
103 396 18 4
103 995 23 5
103 150 50 17
103 80 29 8
103 294 24 7
102 246 39 13
102 935 49 9
102 537 24 8
102 59 55 14
102 829 33 7
102 649 39 10
101 119 38 8
101 237 24 6
101 79 24 6
101 399 78 16
101 875 46 12
101 459 45 9
100 490 20 6
100 928 12 4
100 546 21 5
100 800 13 4
99 561 52 12
99 493 50 13
99 82 38 8
99 510 42 10
99 296 41 11
99 363 53 15
99 283 31 9
98 877 46 12
98 510 26 9
98 939 30 6
98 739 18 4
98 203 23 6
97 578 45 10
97 410 35 12
97 22 6 2
97 969 27 6
97 707 15 4
97 483 18 7
96 136 37 9
96 73 57 16
96 526 13 5
96 444 44 12
96 519 31 7
96 879 60 15
95 699 32 11
95 716 34 9
95 468 29 7
95 897 44 11
95 178 49 11
95 423 2 1
94 428 248 48
94 174 148 39
94 719 112 27
94 991 71 22
94 303 24 5
94 746 58 14
93 758 41 10
93 919 64 18
93 5 38 10
93 563 66 18
93 603 107 28
93 355 47 12
93 538 100 21
92 163 28 6
92 693 36 9
92 951 62 17
92 457 10 3
92 713 79 19
92 28 22 6
92 272 68 18
91 148 46 11
91 759 44 14
91 926 62 15
91 29 17 6
91 123 47 11
90 668 57 13
90 660 63 16
90 294 19 4
90 80 17 4
90 333 37 10
90 961 20 5
90 466 18 6
89 628 46 11
89 242 35 11
89 947 28 8
89 185 26 6
89 68 32 8
89 848 32 9
88 192 65 16
88 924 59 12
88 720 40 11
88 143 30 7
88 28 126 41
88 414 112 24
87 882 3 1
87 625 9 2
87 220 24 5
86 271 35 10
86 2 14 5
86 346 13 4
86 768 40 9
86 640 51 14
85 751 35 11
85 934 32 10
85 778 52 10
85 262 55 12
85 726 26 8
85 55 36 8
84 393 22 8
84 443 16 5
84 575 24 7
84 108 21 5
84 132 34 12
84 491 39 10
84 116 25 9
83 986 33 7
83 677 37 9
83 909 29 9
83 369 43 11
83 943 8 3
83 606 12 3
83 630 23 7
82 871 44 12
82 561 68 18
82 99 32 8
82 877 11 3
82 510 28 8
81 905 32 7
81 761 21 6
81 799 50 13
81 322 41 12
81 46 12 3
81 874 5 2
80 90 16 5
80 150 59 11
80 466 22 6
80 58 20 5
80 487 39 15
80 103 37 11
80 294 18 5
79 131 41 10
79 119 30 7
79 60 30 10
79 137 31 7
79 101 19 7
79 399 50 16
78 610 20 7
78 107 15 4
78 973 34 7
78 453 24 5
77 514 20 5
77 41 13 5
77 150 56 13
77 127 48 10
77 836 36 11
76 174 53 15
76 915 22 4
76 858 37 10
76 568 14 3
76 152 25 9
75 742 22 6
75 721 23 8
75 323 36 10
75 914 27 7
75 549 32 10
74 474 70 19
74 680 85 21
74 994 49 15
74 967 40 10
74 228 39 10
74 664 30 9
74 431 50 12
73 835 44 10
73 156 49 11
73 226 34 12
73 598 23 7
73 136 43 11
73 96 64 13
73 756 19 4
73 879 45 12
72 316 69 18
72 655 36 8
72 734 25 7
72 762 41 10
72 190 31 8
72 218 21 6
71 822 34 8
71 187 44 12
71 571 14 4
71 293 4 1
71 802 17 4
70 733 37 8
70 805 29 11
70 955 25 8
70 642 40 9
70 912 23 6
69 376 19 6
69 919 34 8
69 12 14 3
69 811 25 6
68 628 36 7
68 234 23 5
68 880 26 5
68 25 37 8
68 89 28 7
68 848 35 8
67 116 58 15
67 957 17 4
67 620 8 2
67 154 34 9
67 157 26 8
67 781 21 6
67 818 14 5
66 400 56 12
66 601 100 22
66 973 28 9
66 241 24 7
66 543 92 27
66 138 51 16
66 982 18 4
66 582 27 7
66 783 51 15
65 896 106 20
65 646 51 14
65 619 49 11
65 950 44 10
65 621 20 5
65 52 55 10
64 220 63 16
64 980 8 2
64 695 27 6
64 295 51 15
64 105 33 11
64 577 22 7
64 146 26 8
64 534 31 6
63 37 32 8
63 855 50 15
63 368 45 13
63 711 33 8
63 965 72 19
63 39 52 18
63 544 39 8
63 13 49 13
62 518 54 11
62 827 50 15
62 377 22 8
62 250 67 17
62 340 275 54
62 291 422 146
61 484 35 9
61 989 30 8
61 431 65 17
61 498 40 13
61 935 32 7
61 284 38 9
60 131 31 10
60 730 34 12
60 450 8 2
60 79 28 7
60 137 16 4
59 935 54 12
59 102 56 13
59 912 28 8
59 642 38 10
59 392 65 23
59 649 21 6
58 466 19 5
58 845 15 4
58 80 20 6
58 825 8 2
58 487 45 12
57 591 26 9
57 50 25 7
57 617 48 12
57 600 36 9
57 863 45 12
57 929 24 9
57 373 36 9
56 317 31 8
56 198 22 7
56 388 19 6
56 356 68 14
56 462 24 5
56 793 16 4
55 262 51 12
55 85 32 9
55 726 35 12
55 429 67 22
55 397 69 18
55 125 70 21
55 602 78 21
55 356 69 17
54 138 62 15
54 899 61 13
54 817 50 12
54 837 17 4
54 966 23 6
54 995 27 8
54 396 36 8
53 865 39 13
53 435 43 10
53 420 25 7
53 254 35 10
53 778 44 10
53 262 33 10
53 429 48 13
52 65 52 13
52 621 30 8
52 200 25 8
52 950 34 12
52 298 59 16
52 419 39 12
52 770 96 20
51 370 47 10
51 584 28 7
51 741 18 5
51 864 32 7
51 205 20 6
51 279 22 4
50 224 15 5
50 583 26 5
50 591 23 6
50 57 24 5
50 617 22 6
50 667 29 7
49 763 67 17
49 496 40 9
49 626 53 17
49 987 17 5
49 890 26 6
49 555 20 5
48 10 47 15
48 38 30 6
48 338 25 6
48 264 8 3
48 367 19 5
48 554 24 6
47 42 53 13
47 974 10 3
47 774 56 15
47 994 49 14
47 474 31 7
46 81 16 4
46 874 17 5
46 322 47 11
46 856 51 13
46 782 15 4
45 657 30 7
45 261 39 10
45 17 38 10
45 786 19 6
45 207 28 7
44 10 64 15
44 314 28 6
44 749 23 5
44 872 27 8
44 38 39 8
44 457 60 12
44 951 12 3
43 797 14 4
43 964 42 10
43 288 35 8
43 960 7 2
43 197 18 4
42 139 40 9
42 197 30 10
42 974 55 12
42 47 60 15
42 774 22 6
42 113 11 3
41 421 58 18
41 817 58 12
41 514 31 8
41 77 13 5
41 392 97 20
41 954 70 17
41 364 60 15
41 127 45 11
40 150 14 3
40 836 8 2
40 127 35 8
40 855 47 9
40 487 22 6
40 846 36 9
39 194 14 5
39 63 72 17
39 544 47 16
39 965 8 3
39 176 3 1
39 412 32 11
39 981 38 10
39 789 52 10
38 44 40 9
38 10 46 11
38 48 22 6
38 264 22 5
38 951 30 9
38 272 25 7
38 713 32 7
37 855 40 11
37 210 12 3
37 63 24 7
37 711 21 6
36 895 38 8
36 198 15 4
36 793 17 5
36 462 21 5
36 678 24 6
36 695 61 13
35 785 30 8
35 285 32 10
35 351 37 10
35 798 30 6
35 1000 20 6
35 208 77 16
34 754 8 2
34 633 27 8
34 559 18 5
34 129 13 3
34 118 25 6
33 684 63 17
33 417 52 13
33 478 37 7
33 590 54 10
33 312 17 6
33 953 36 8
32 445 13 3
32 849 8 3
32 651 17 4
32 418 36 8
32 847 28 10
31 366 19 5
31 339 16 4
31 747 31 8
31 925 32 7
31 175 30 8
30 20 18 5
30 924 46 11
30 414 17 6
30 270 21 5
29 117 64 22
29 114 20 6
29 148 54 13
29 91 18 5
29 771 74 18
29 123 58 15
28 92 25 5
28 272 93 24
28 693 37 10
28 88 174 42
28 414 56 11
28 815 155 31
28 554 138 39
27 910 165 38
27 195 157 42
27 645 44 12
27 889 40 13
27 730 23 8
27 409 65 20
26 616 17 6
26 888 21 5
26 490 21 5
26 349 45 10
26 265 21 6
26 354 52 13
25 234 41 11
25 68 32 8
25 848 16 4
25 333 39 9
25 608 44 16
25 233 48 13
25 345 26 7
24 157 23 7
24 631 30 6
24 781 30 8
24 724 29 6
24 258 22 6
24 252 39 13
24 475 48 11
24 503 28 7
23 149 95 20
23 170 87 17
23 790 71 18
23 740 72 14
23 670 68 17
23 394 25 6
23 809 33 9
23 599 49 13
23 433 30 9
23 802 43 14
23 822 33 10
22 407 27 9
22 464 26 8
22 463 32 11
22 410 37 11
22 707 15 4
22 97 5 2
21 426 3 1
21 828 39 9
21 846 16 5
21 487 24 6
20 689 56 14
20 535 48 14
20 192 53 11
20 270 24 7
20 924 33 9
20 30 19 6
19 823 48 11
19 708 25 8
19 664 14 3
19 484 13 3
18 812 29 7
18 934 27 10
18 726 50 14
18 215 22 6
17 657 58 13
17 480 21 7
17 45 46 9
17 901 17 5
17 786 49 10
16 695 72 20
16 640 70 22
16 980 52 16
16 577 45 13
16 788 59 19
16 531 40 10
16 729 74 16
16 340 116 28
16 181 27 6
16 291 153 31
15 171 28 8
15 666 36 12
15 728 1 1
15 775 26 6
14 653 37 11
14 545 14 3
14 463 40 13
14 985 36 8
14 182 37 11
14 173 24 9
13 63 41 12
13 368 31 8
13 135 12 3
13 544 14 4
13 859 47 12
13 613 32 9
13 291 43 8
12 376 23 7
12 704 21 8
12 455 34 7
12 69 13 4
12 811 21 6
11 364 33 8
11 954 9 2
11 773 15 4
11 711 36 10
11 784 17 6
10 231 36 8
10 608 40 12
10 828 53 14
10 338 48 15
10 314 61 16
10 44 70 18
10 38 39 12
10 48 46 15
9 539 48 10
9 527 6 2
9 847 47 12
9 891 60 17
9 988 12 3
8 914 61 16
8 114 13 4
8 117 42 11
8 451 5 1
7 543 18 6
7 723 24 7
7 332 1 1
7 246 13 4
6 436 30 8
6 314 25 7
6 676 37 9
6 701 63 14
6 749 25 7
6 872 16 4
6 352 14 4
5 758 29 8
5 438 9 2
5 873 39 10
5 93 44 13
5 563 41 11
4 370 30 9
4 864 15 4
4 144 22 6
4 703 22 5
4 542 17 5
3 238 97 19
3 325 64 16
3 211 19 6
3 657 65 15
3 219 52 10
3 480 32 9
2 602 27 8
2 346 22 6
2 86 16 5
2 553 37 10
2 271 34 10
2 340 45 11
1 809 44 12
1 630 59 15
1 394 56 15
1 369 59 12
1 541 18 5
1 702 28 9
1 892 37 12
