nnodes narcs source target drone_limit type
1000 5956 357 780 444 drone_routing_pli_project1
nodename posx posy
1000 953.968 184.431
999 690.344 716.883
998 237.497 295.871
997 991.996 785.924
996 173.882 123.501
995 188.321 109.398
994 958.247 380.171
993 143.253 316.382
992 900.711 982.337
991 415.93 631.841
990 234.482 964.075
989 974.24 271.319
988 757.633 188.371
987 16.9421 996.501
986 814.228 522.89
985 726.878 802.421
984 5.54794 913.789
983 617.912 776.848
982 318.539 672.22
981 218.247 425.552
980 328.967 417.735
979 407.62 476.217
978 340.759 993.96
977 472.316 625.078
976 867.002 387.325
975 208.54 375.091
974 645.393 201.033
973 462.016 17.7877
972 361.837 635.338
971 782.13 652.827
970 677.394 632.066
969 256.685 623.504
968 809.79 896.261
967 614.603 811.851
966 402.21 810.347
965 796.664 306.079
964 356.516 814.891
963 28.4989 183.353
962 650.267 13.3088
961 37.2972 683.807
960 378.088 542.995
959 157.735 263.226
958 636.636 479.488
957 318.9 762.409
956 733.645 649.563
955 109.969 815.483
954 167.451 29.2654
953 527.228 216.569
952 62.9899 308.976
951 519.97 87.5939
950 229.206 493.914
949 910.744 637.64
948 733.965 958.955
947 671.34 108.175
946 185.407 434.353
945 316.507 175.439
944 619.628 816.445
943 431.3 882.189
942 677.084 186.697
941 95.737 831.211
940 304.194 804.623
939 404.407 362.28
938 539.521 296.083
937 13.142 206.641
936 579.418 578.016
935 965.92 357.113
934 607.127 893.448
933 170.837 780.424
932 199.511 435.247
931 184.203 38.5362
930 181.674 531.806
929 228.197 769.254
928 812.909 980.212
927 83.9033 429.143
926 186.218 429.28
925 63.2378 334.172
924 783.131 432.554
923 237.788 190.264
922 617.832 965.53
921 479.147 316.097
920 248.69 497.043
919 305.023 187.656
918 846.846 646.386
917 611.311 825.939
916 253.424 679.075
915 857.272 688.124
914 588.613 588.421
913 335.725 875.06
912 103.848 879.716
911 651.42 635.049
910 995.901 880.852
909 218.911 810.936
908 279.06 18.8333
907 418.818 264.266
906 285.802 956.569
905 382.479 620.743
904 231.412 318.576
903 245.863 353.958
902 624.658 347.276
901 82.2415 182.187
900 272.638 732.061
899 719.333 653.218
898 647.79 909.61
897 822.261 276.22
896 440.285 823.37
895 202.298 503.652
894 987.909 789.799
893 438.519 630.444
892 783.278 195.031
891 892.556 356.866
890 526.897 43.8142
889 794.86 434.795
888 893.111 317.925
887 695.414 797.93
886 770.218 948.141
885 535.639 662.744
884 738.631 346.109
883 416.285 810.853
882 771.548 623.215
881 735.014 141.583
880 937.552 195.341
879 345.948 366.866
878 407.265 647.223
877 272.071 644.469
876 516.793 829.107
875 972.438 979.757
874 516.281 862.383
873 343.992 324.758
872 976.446 329.781
871 308.442 654.751
870 480.252 568.994
869 706.203 579.749
868 78.577 935.038
867 171.681 658.384
866 222.539 764.441
865 998.998 916.323
864 232.319 790.969
863 698.168 756.571
862 351.336 15.0289
861 884.342 595.052
860 640.618 713.37
859 404.338 6.51652
858 263.237 947.903
857 674.588 752.224
856 511.7 757.465
855 243.952 845.367
854 458.055 218.511
853 686.609 340.798
852 619.783 873.863
851 329.299 94.4685
850 94.0432 145.943
849 700.33 591.685
848 324.737 374.843
847 303.599 592.818
846 934.725 14.1814
845 639.925 775.853
844 829.348 350.092
843 762.651 486.787
842 304.377 311.678
841 928.934 845.568
840 965.553 554.829
839 628.654 735.397
838 478.766 924.858
837 897.327 49.7382
836 157.412 645.743
835 977.744 141.442
834 91.0636 513.066
833 139.049 853.637
832 408.841 961.53
831 515.207 188.434
830 629.936 973.109
829 832.817 447.4
828 208.022 334.78
827 678.415 151.857
826 947.63 51.0072
825 746.976 800.549
824 128.134 680.814
823 227.464 360.441
822 880.43 776.68
821 950.971 611.381
820 635.475 336.575
819 157.086 109.11
818 612.207 484.247
817 151.479 610.423
816 191.252 318.964
815 830.805 570.035
814 283.825 736.268
813 60.53 506.25
812 152.261 837.097
811 399.459 111.659
810 567.007 494.666
809 285.948 409.826
808 238.363 526.672
807 821.042 717.801
806 480.832 374.237
805 911.178 840.11
804 441.121 977.25
803 147.521 699.938
802 632.342 776.568
801 202.112 399.031
800 198.153 194.491
799 186.601 615.451
798 309.827 132.861
797 742.743 908.054
796 451.691 679.453
795 182.585 243.156
794 448.157 383.537
793 759.523 221.372
792 847.56 815.828
791 790.349 624.604
790 420.124 190.706
789 446.024 72.3978
788 812.193 233.565
787 340.075 555.655
786 886.043 216.473
785 745.036 170.562
784 570.542 763.566
783 207.775 507.55
782 555.971 105.716
781 284.475 344.529
780 336.646 513.236
779 17.7836 770.158
778 684.697 586.399
777 996.499 825.796
776 921.349 476.418
775 408.25 642.33
774 429.223 343.633
773 375.96 783.235
772 858.073 943.789
771 189.323 745.262
770 851.807 35.6266
769 354.875 954.504
768 847.774 801.109
767 916.091 4.47299
766 348.671 0.312701
765 383.795 674.333
764 868.151 592.714
763 184.472 534.518
762 625.321 850.876
761 519.014 772.574
760 679.837 986.466
759 338.134 567.75
758 23.9951 276.545
757 116.295 706.459
756 693.807 3.88676
755 748.158 694.437
754 37.0659 951.948
753 127.283 901.916
752 239.384 75.5222
751 394.543 26.2698
750 212.301 513.976
749 984.061 607.852
748 191.188 646.582
747 139.775 458.761
746 371.702 89.5367
745 640.297 615.184
744 676.069 691.728
743 839.577 990.27
742 125.221 850.713
741 514.194 958.988
740 187.512 100.398
739 284.575 56.3633
738 63.9621 535.784
737 848.946 207.518
736 885.18 465.354
735 909.023 57.9491
734 764.546 805.217
733 370.693 145.889
732 151.241 347.17
731 238.828 700.096
730 827.16 701.155
729 81.9459 585.146
728 612.779 596.189
727 181.027 415.676
726 604.343 347.076
725 580.22 668.97
724 821.062 790.974
723 480.495 23.9487
722 55.9213 361.25
721 437.136 410.682
720 603.634 298.624
719 987.029 868.928
718 287.547 263.238
717 912.477 272.259
716 774.129 877.31
715 787.114 995.85
714 796.124 427.123
713 610.735 394.974
712 397.405 125.214
711 759.53 456.292
710 254.986 878.322
709 614.4 607.829
708 164.057 432.568
707 712.621 583.46
706 824.997 442.722
705 148.78 575.337
704 628.543 414.809
703 953.402 48.8891
702 474.809 437.582
701 947.393 400.295
700 109.109 94.8542
699 924.836 700.3
698 634.367 243.025
697 194.961 670.026
696 935.398 361.359
695 427.475 587.541
694 690.276 711.121
693 226.823 326.218
692 461.072 457.287
691 915.317 209.559
690 360 456.484
689 59.0734 848.776
688 833.971 449.473
687 423.091 860.049
686 853.907 627.954
685 312.986 73.2533
684 935.269 794.851
683 843.314 12.9177
682 950.027 785.359
681 180.312 509.268
680 161.806 252.837
679 526.381 970.91
678 665.92 998.515
677 752.775 293.89
676 832.19 495.893
675 525.53 501.748
674 115.408 247.536
673 309.612 899.364
672 947.479 841.57
671 250.951 905.824
670 384.964 634.187
669 21.258 418.632
668 831.201 569.378
667 833.419 898.012
666 855.407 813.429
665 985.273 674.938
664 811.144 294.637
663 127.713 843.329
662 329.083 422.471
661 562.395 543.455
660 586.811 848.966
659 9.73195 262.22
658 601.056 121.555
657 626.067 733.168
656 251.631 63.3842
655 438.578 115.912
654 734.91 166.367
653 578.098 856.389
652 107.951 765.034
651 666.032 195.785
650 269.557 206.376
649 816.064 911.12
648 425.536 182.307
647 980.722 972.943
646 893.036 246.577
645 764.873 318.065
644 150.749 805.719
643 472.9 515.115
642 772.612 422.009
641 605.384 389.473
640 273.785 573.144
639 498.162 547.769
638 727.531 415.114
637 447.241 561.074
636 105.256 38.0792
635 804.542 424.792
634 771.635 995.38
633 901.101 891.223
632 101.15 938.382
631 667.327 681.308
630 237.593 278.91
629 807.174 222.986
628 106.605 310.473
627 849.528 967.181
626 722.825 892.439
625 272.513 15.2207
624 964.16 990.279
623 773.387 504.505
622 469.284 282.025
621 158.755 177.857
620 351.057 7.24082
619 949.369 775.807
618 505.056 931.009
617 744.998 294.369
616 472.906 11.4811
615 464.018 931.974
614 935.324 245.045
613 467.288 381.091
612 847.422 476.789
611 176.662 409.849
610 173.566 323.881
609 406.676 818.346
608 862.187 993.345
607 217.35 469.178
606 650.912 770.263
605 562.066 292.474
604 84.2977 504.169
603 414.518 797.094
602 632.411 85.7296
601 902.094 510.68
600 437.471 848.048
599 410.8 985.493
598 203.549 71.2353
597 742.025 92.2518
596 343.624 449.247
595 448.98 562.699
594 268.64 987.46
593 137.158 400.023
592 751.146 440.59
591 127.517 355.494
590 524.822 35.3125
589 723.507 155.07
588 640.999 921.551
587 836.173 271.087
586 841.181 991.57
585 769.516 475.48
584 114.526 436.761
583 87.1599 120.815
582 282.12 577.734
581 129.328 496.637
580 523.235 112.896
579 555.886 858.35
578 167.385 352.126
577 308.635 965.814
576 301.075 213.195
575 337.711 574.915
574 58.2582 595.882
573 968.404 157.951
572 203.624 158.881
571 713.31 782.473
570 400.218 812.943
569 899.766 132.397
568 546.328 325.584
567 595.071 923.106
566 736.972 82.2851
565 805.122 741.921
564 765.377 150.347
563 800.652 668.745
562 939.05 587.561
561 116.031 915.727
560 199.969 281.153
559 367.126 420.176
558 762.249 204.971
557 567.692 567.247
556 413.711 665.89
555 280.349 477.686
554 267.021 54.6214
553 332.848 25.3745
552 635.541 611.49
551 249.025 637.963
550 189.471 413.76
549 194.698 154.39
548 7.04972 946.53
547 501.583 472.843
546 257.956 352.226
545 508.906 313.184
544 273.252 491.821
543 26.377 265.205
542 696.338 881.087
541 569.058 8.47363
540 347.802 83.6217
539 211.838 515.798
538 745.781 304.873
537 447.92 519.59
536 821.352 402.83
535 473.093 92.0363
534 971.529 835.958
533 438.622 913.969
532 963.198 841.104
531 175.207 465.723
530 399.435 366.578
529 865.375 732.883
528 91.5389 581.112
527 980.58 81.4465
526 149.092 599.622
525 272.62 206.004
524 356.641 983.179
523 659.161 710.832
522 196.216 513.75
521 834.481 151.273
520 993.874 254.358
519 405.026 680.064
518 206.507 381.561
517 253.18 733.138
516 960.05 228.524
515 801.513 109.085
514 36.556 271.439
513 435.56 987.583
512 566.671 907.356
511 769.465 770.6
510 494.401 144.386
509 851.136 476.448
508 267.66 202.115
507 119.285 865.462
506 293.181 306.535
505 683.084 606.439
504 146.822 74.9191
503 707.378 918.302
502 815.899 96.2397
501 685.35 39.7689
500 881.745 5.76656
499 671.203 123.172
498 337.625 271.516
497 54.5725 233.777
496 36.0386 407.812
495 784.514 813.755
494 723.545 619.292
493 614.746 475.935
492 450.744 278.484
491 635.535 296.136
490 337.068 832.341
489 195.588 828.523
488 268.472 7.79
487 85.6683 64.3738
486 951.799 692.924
485 262.311 163.859
484 730.239 867.706
483 314.988 420.08
482 864.472 64.0816
481 625.025 956.289
480 335.18 277.834
479 703.138 736.939
478 153.052 120.203
477 420.239 701.303
476 247.278 482.553
475 830.398 49.5932
474 114.975 647.876
473 514.934 754.923
472 970.909 783.674
471 13.5637 303.512
470 355.142 116.223
469 35.4759 28.1749
468 298.49 950.153
467 14.9065 478.487
466 771.517 552.816
465 869.079 331.764
464 358.667 872.7
463 879.881 893.07
462 808.335 66.9319
461 724.857 245.199
460 262.474 946.161
459 270.365 310.797
458 812.667 136.349
457 674.459 182.444
456 357.544 46.3534
455 165.105 1.21882
454 139.736 517.006
453 19.0639 842.804
452 456.928 320.545
451 397.678 659.785
450 805.617 846.793
449 850.015 471.071
448 609.264 332.089
447 194.657 60.3111
446 983.109 695.4
445 784.63 305.077
444 20.9815 389.744
443 662.796 502.266
442 477.312 961.552
441 66.731 261.656
440 628.921 151.003
439 53.9576 522.324
438 502.065 137.136
437 523.196 303.609
436 553.207 816.296
435 610.091 965.619
434 606.692 44.6355
433 763.349 40.6084
432 235.38 427.223
431 858.013 356.838
430 474.591 209.947
429 497.243 946.109
428 485.776 947.009
427 384.821 574.817
426 531.001 57.0747
425 931.929 120.154
424 926.804 935.152
423 379.691 116.456
422 856.885 604.359
421 881.528 794.589
420 425.231 730.8
419 576.414 736.827
418 809.143 303.815
417 497.46 762.52
416 56.7865 130.656
415 673.434 972.011
414 994.478 95.8037
413 389.426 618.001
412 940.333 587.264
411 844.273 989.712
410 835.05 650.7
409 365.743 114.724
408 916.541 962.305
407 581.098 369.91
406 898.59 137.359
405 73.411 94.1476
404 527.47 847.092
403 837.845 793.794
402 444.032 695.119
401 463.769 293.814
400 78.633 408.728
399 256.668 213.946
398 255.712 91.7154
397 248.886 925.714
396 734.078 635.414
395 172.648 892.21
394 805.077 823.934
393 346.81 212.414
392 607.715 738.224
391 96.537 723.934
390 88.3652 160.952
389 740.586 85.2712
388 670.554 319.168
387 473.991 518.209
386 142.064 342.262
385 196.435 984.389
384 993.731 736.668
383 712.091 373.504
382 235.018 322.725
381 900.766 154.09
380 391.124 889.599
379 750.102 976.531
378 76.872 106.711
377 283.681 0.517351
376 913.071 399.859
375 831.308 559.411
374 67.1206 831.455
373 98.4062 969.606
372 874.143 900.954
371 606.376 376.222
370 637.336 346.669
369 221.587 13.9664
368 173.125 836.358
367 266.093 904.679
366 111.232 93.1124
365 628.633 46.3874
364 582.283 836.5
363 62.4732 542.215
362 223.036 607.237
361 581.318 825.456
360 445.728 376.943
359 332.064 347.954
358 494.207 972.195
357 241.595 485.445
356 833.09 22.9358
355 983.979 383.023
354 71.8719 997.397
353 696.09 407.928
352 644.945 136.753
351 357.511 421.389
350 379.405 839.486
349 740 336.722
348 460.368 464.296
347 390.341 241.901
346 20.4076 177.006
345 727.125 560.573
344 54.6734 526.232
343 168.247 369.405
342 811.909 919.188
341 344.532 629.624
340 496.871 216.451
339 150.813 8.80652
338 600.94 766.225
337 315.839 432.063
336 561.538 456.952
335 685.073 10.6847
334 640.689 744.035
333 776.378 536.412
332 858.763 173.278
331 830.112 20.503
330 768.272 110.957
329 396.505 502.827
328 598.53 238.415
327 20.5602 495.734
326 435.724 776.963
325 256.069 383.32
324 262.31 385.623
323 695.521 26.1616
322 799.15 587.9
321 993.582 866.217
320 654.881 411.933
319 711.893 362.353
318 568.005 507.939
317 867.862 474.231
316 853.291 284.116
315 147.139 745.792
314 157.345 882.804
313 77.9545 898.403
312 457.616 17.6696
311 976.469 541.362
310 870.423 584.549
309 988.882 941.756
308 279.574 426.965
307 83.0156 798.855
306 367.332 925.531
305 806.281 656.852
304 180.279 40.941
303 126.985 214.933
302 547.491 784.925
301 732.242 90.5665
300 187.348 643.792
299 960.872 30.3923
298 189.548 415.506
297 717.686 597.218
296 284.279 33.8777
295 532.733 679.865
294 251.882 891.617
293 603.353 947.813
292 371.457 696.633
291 568.142 512.027
290 640.195 121.149
289 712 448.507
288 848.339 158.527
287 763.811 618.137
286 495.735 774.995
285 818.654 985.487
284 60.3267 829.176
283 762.038 745.173
282 648.552 386.902
281 883.78 336.339
280 491.511 147.499
279 804.974 427.108
278 814.714 244.778
277 985.976 229.551
276 65.9384 825.336
275 691.375 843.793
274 394.77 531.415
273 536.32 494.169
272 245.227 928.251
271 475.859 511.677
270 352.783 478.292
269 95.7525 220.71
268 779.32 448.269
267 261.855 724.057
266 621.114 70.5058
265 949.872 152.305
264 979.851 907.097
263 444.267 690.772
262 785.662 84.0334
261 22.3066 541.63
260 242.032 380.904
259 856.55 578.245
258 459.63 948.488
257 728.298 444.552
256 241.208 159.04
255 469.26 120.497
254 750.935 109.143
253 984.424 875.485
252 774.105 39.0986
251 573.277 160.226
250 569.19 211.444
249 798.37 422.358
248 602.558 19.525
247 760.768 386.287
246 202.786 549.389
245 664.434 810.644
244 888.908 878.51
243 490.619 659.871
242 624.898 806.054
241 385.941 516.273
240 887.468 824.197
239 592.426 666.413
238 359.316 170.237
237 935.022 856.37
236 475.407 66.2679
235 724.267 193.738
234 452.825 437.566
233 543.198 34.5795
232 869.079 792.766
231 554.374 119.179
230 160.428 697.619
229 392.984 384.354
228 478.296 638.552
227 285.444 189.37
226 353.026 670.502
225 51.2248 538.946
224 301.211 303.071
223 82.7219 896.16
222 404.233 686.977
221 149.144 460.93
220 556.448 515.165
219 3.10232 190.553
218 403.833 705.696
217 772.082 186.928
216 386.787 51.431
215 152.41 433.818
214 979.957 629.191
213 573.661 784.836
212 450.178 992.188
211 21.6188 860.88
210 790.366 517.259
209 774.637 381.177
208 39.0441 845.384
207 270.175 925.843
206 865.311 101.976
205 945.93 195.327
204 37.7719 583.827
203 635.716 212.956
202 450.253 283.053
201 808.353 315.191
200 541.001 24.9077
199 154.351 128.569
198 806.297 25.3424
197 208.311 465.527
196 311.753 334.526
195 474.319 340.605
194 579.515 292.288
193 949.253 255.461
192 458.642 758.207
191 738.21 901.793
190 847.412 329.717
189 272.895 345.826
188 755.357 972.458
187 295.065 181.395
186 791.586 763.818
185 492.292 649.838
184 913.298 708.175
183 383.573 137.359
182 130.232 595.316
181 580.526 72.1853
180 849.687 525.475
179 901.192 86.8574
178 972.444 258.736
177 414.342 401.992
176 568.69 815.605
175 441.411 977.835
174 628.331 471.363
173 861.3 804.201
172 692.006 270.611
171 942.525 227.719
170 124.813 620.865
169 982.006 901.779
168 938.094 195.266
167 546.136 477.641
166 736.503 933.751
165 295.768 707.745
164 955.647 138.249
163 612.267 111.502
162 744.409 628.735
161 328.507 651.378
160 867.113 390.921
159 280.329 108.956
158 882.278 689.731
157 526.041 647.055
156 672.012 942.015
155 501.33 739.831
154 521.199 792.64
153 73.8261 577.035
152 297.509 485.389
151 96.5974 764.767
150 577.669 288.235
149 216.038 701.092
148 565.109 55.5268
147 121.907 182.802
146 408.641 980.37
145 312.355 366.258
144 667.579 811.737
143 633.303 161.383
142 579.142 744.414
141 110.081 969.036
140 919.121 407.065
139 862.028 597.736
138 353.872 805.206
137 542.245 420.308
136 554.522 261.709
135 810.859 792.774
134 73.7673 737
133 789.065 379.734
132 209.455 913.271
131 382.784 969.682
130 231.818 959.79
129 360.695 261.829
128 414.293 437.471
127 345.329 839.067
126 59.5277 687.064
125 573.41 469.97
124 977.757 722.971
123 719.98 101.002
122 776.187 929.435
121 999.385 487.462
120 524.392 142.778
119 566.043 681.56
118 337.743 276.789
117 272.03 346.383
116 681.345 892.201
115 601.89 627.384
114 550.321 768.491
113 24.2752 605.28
112 485.064 959.644
111 673.945 926.57
110 785.586 216.831
109 726.528 295.889
108 497.543 361.555
107 744.881 87.6272
106 250.871 873.36
105 773.996 346.906
104 884.377 906.627
103 827.399 90.4882
102 826.663 320.871
101 349.826 759.441
100 313.375 356.919
99 138.576 324.542
98 887.267 935.736
97 361.04 294.129
96 982.654 424.799
95 692.16 348.364
94 267.614 195.956
93 108.475 633.977
92 381.095 584.712
91 582.319 744.311
90 629.947 509.687
89 309.98 909.89
88 521.718 187.516
87 342.245 998.376
86 918.715 107.21
85 647.838 117.397
84 370.014 842.703
83 984.627 211.654
82 370.323 876.152
81 156.929 313.467
80 14.4179 480.073
79 648.407 544.528
78 666.445 825.523
77 509.378 561.413
76 795.101 917.522
75 187.364 608.134
74 285.441 138.46
73 584.459 389.7
72 119.919 145.332
71 540.938 549.906
70 915.983 516.798
69 639.268 47.1202
68 52.8214 889.941
67 326.361 330.965
66 950.31 732.464
65 916.203 72.1121
64 960.209 341.43
63 783.527 662.861
62 571.614 981.366
61 637.536 648.123
60 544.681 219.022
59 990.181 259.641
58 790.872 784.875
57 45.3586 889.761
56 483.298 607.65
55 144.873 468.435
54 973.003 802.14
53 446.978 596.072
52 618.948 226.235
51 688.768 967.755
50 920.574 3.40011
49 121.3 117.664
48 228.58 984.55
47 104.79 67.3954
46 455.309 210.132
45 431.035 813.444
44 311.024 850.63
43 393.687 207.332
42 653.518 32.2673
41 568.537 120.65
40 99.8224 184.451
39 481.517 535.211
38 451.108 725.892
37 39.8762 528.416
36 112.917 796.155
35 161.674 943.032
34 237.152 456.745
33 262.222 730.469
32 1.2558 58.3692
31 616.942 663.315
30 302.097 885.499
29 513.893 936.681
28 252.313 442.23
27 103.227 463.561
26 597.471 890.237
25 934.435 746.014
24 442.228 855.491
23 6.47672 635
22 198.543 609.662
21 323.826 125.034
20 211.685 138.647
19 207.937 347.634
18 139.709 827.551
17 135.458 896.491
16 465.894 21.2827
15 510.284 538.285
14 914.442 24.5556
13 296.743 721.587
12 467.928 755.911
11 788.292 311.839
10 897.465 197.942
9 324.264 857.388
8 507.414 530.33
7 532.589 868.111
6 256.372 792.962
5 627.09 987.452
4 682.985 612.102
3 553.675 217.735
2 573.263 801.507
1 912.433 159.083
tail head car_cost drone_cost
1000 573 29 7
1000 168 19 5
1000 83 47 9
1000 205 14 3
1000 880 21 6
1000 265 28 10
1000 1 56 12
999 479 28 7
999 694 5 2
999 857 42 10
999 523 30 9
998 630 16 5
998 382 25 7
998 459 43 8
998 560 34 9
998 904 27 6
997 384 53 12
997 472 23 5
997 894 7 2
997 777 38 10
996 20 41 12
996 995 21 6
996 549 41 10
996 199 22 5
996 819 24 7
996 478 21 6
995 752 72 18
995 819 27 8
995 740 11 3
995 20 43 8
995 996 17 5
994 935 28 6
994 696 28 8
994 701 20 6
994 355 26 8
993 959 46 13
993 81 17 3
993 628 34 8
993 99 11 2
992 624 76 19
992 408 27 7
992 608 41 12
992 627 63 16
992 772 63 13
992 98 41 12
991 695 44 12
991 893 20 5
991 413 33 7
991 878 20 5
991 775 12 3
990 594 42 13
990 858 39 8
990 460 36 8
990 130 5 2
990 48 23 6
989 59 18 5
989 872 51 12
989 64 65 21
989 178 15 4
989 717 57 15
989 193 26 8
988 217 17 4
988 558 14 4
988 785 26 5
988 235 31 7
987 354 60 12
987 754 48 10
987 548 57 12
986 180 38 11
986 676 36 7
986 375 34 11
986 210 28 6
986 333 46 11
985 825 19 5
985 484 67 15
985 275 58 12
985 887 36 10
985 571 20 7
984 548 36 9
984 754 46 15
984 57 50 12
984 453 64 22
984 211 47 12
984 779 155 36
984 23 300 80
984 219 673 200
984 32 916 181
983 802 13 4
983 334 42 10
983 839 44 11
983 242 26 9
983 967 38 10
983 392 41 10
983 213 46 10
983 338 17 6
982 161 20 5
982 292 69 15
982 226 41 9
982 165 38 10
982 871 19 6
981 432 15 5
981 260 60 13
981 34 31 11
981 197 45 12
981 932 25 6
981 801 35 9
981 298 29 8
980 351 26 9
980 879 51 16
980 662 5 2
980 483 14 5
980 848 49 11
979 348 59 14
979 128 42 10
979 329 26 9
979 537 65 14
979 690 49 11
979 270 49 17
978 524 22 5
978 769 35 13
978 87 6 2
978 577 38 9
978 594 73 21
977 56 21 6
977 228 18 5
977 53 45 11
977 893 35 9
976 376 51 12
976 891 37 11
976 160 4 1
976 431 36 10
976 536 58 12
975 260 31 8
975 823 29 6
975 518 8 2
975 19 32 8
975 343 49 9
974 651 24 6
974 203 16 5
974 143 39 10
973 616 14 4
973 312 4 2
973 16 5 2
972 670 26 7
972 905 28 6
972 226 43 10
972 765 38 10
972 161 34 10
972 341 18 4
971 305 29 7
971 791 35 8
971 63 10 3
971 956 57 14
971 882 29 8
971 162 48 10
970 494 55 13
970 4 19 6
970 899 54 11
970 911 24 8
970 631 60 13
969 847 52 16
969 582 50 16
969 640 56 13
969 877 28 8
969 362 40 10
969 551 17 5
968 667 28 7
968 649 15 5
968 76 31 6
968 716 34 10
968 450 54 14
967 242 11 3
967 983 35 9
967 917 17 4
967 944 7 2
967 361 32 9
967 2 38 11
967 213 42 14
966 883 17 3
966 603 18 6
966 773 38 10
966 570 4 1
966 609 11 2
965 418 14 4
965 664 19 5
965 445 12 3
965 201 14 4
965 11 12 3
964 350 37 9
964 570 46 11
964 773 34 10
964 84 35 10
964 127 28 7
964 490 26 8
964 138 9 3
963 901 45 12
963 416 71 16
963 497 53 16
963 346 12 3
963 219 27 6
963 937 27 8
962 756 54 13
962 335 40 9
962 42 22 6
962 541 70 21
962 248 41 10
962 365 47 12
961 574 107 24
961 779 91 23
961 23 68 16
961 113 75 20
961 134 73 18
961 126 26 6
960 274 19 5
960 241 29 6
960 780 50 15
960 427 33 8
960 787 37 10
959 795 26 7
959 680 10 4
959 993 60 13
959 560 42 12
959 81 61 13
959 674 45 12
959 628 58 20
958 289 88 18
958 320 83 16
958 443 28 10
958 90 33 10
958 818 27 7
958 493 25 7
958 174 14 3
957 138 62 13
957 101 29 8
957 940 52 11
957 6 66 21
957 13 43 13
957 814 45 13
956 63 60 13
956 971 50 14
956 162 24 7
956 396 14 4
956 755 39 11
956 899 17 4
955 18 33 8
955 644 34 10
955 36 20 5
955 663 27 9
955 307 35 9
955 941 22 6
954 931 17 5
954 504 45 15
954 304 20 5
954 636 58 16
954 455 24 6
954 339 29 7
953 60 20 4
953 136 52 16
953 88 29 7
953 340 30 7
953 831 32 8
952 628 37 10
952 441 42 11
952 925 23 7
952 471 44 11
952 758 43 13
952 514 40 11
951 782 46 12
951 426 36 10
951 580 24 6
951 236 57 12
951 535 39 12
950 920 19 6
950 357 16 5
950 783 22 8
950 607 30 8
950 895 27 9
950 750 27 7
950 808 34 10
949 486 59 17
949 214 63 16
949 821 42 12
949 562 67 16
949 861 46 15
949 158 52 13
949 699 57 19
949 918 63 18
949 686 59 14
948 188 24 7
948 886 37 9
948 166 22 7
948 379 20 7
948 503 45 13
948 51 46 10
947 501 69 15
947 123 44 11
947 499 17 4
947 69 56 21
947 85 29 6
947 602 37 10
946 926 6 2
946 932 14 4
946 708 21 6
946 531 29 7
945 238 40 10
945 21 55 13
945 187 27 5
945 919 17 5
945 393 56 14
945 798 46 12
945 74 43 13
944 78 53 12
944 242 13 4
944 762 37 8
944 917 14 3
944 967 7 2
943 838 71 15
943 24 27 9
943 533 29 9
943 380 34 9
943 687 27 6
942 589 53 14
942 827 37 10
942 461 86 16
942 235 42 13
942 457 5 2
942 651 14 4
941 742 32 9
941 507 49 11
941 663 41 9
941 955 21 6
941 912 55 13
941 276 26 9
941 307 35 10
941 374 27 8
941 689 46 10
940 138 52 13
940 490 42 13
940 957 39 12
940 44 50 11
940 6 41 14
940 855 77 18
939 360 50 10
939 774 32 8
939 530 7 2
939 177 42 10
939 97 71 24
939 873 82 16
938 605 22 7
938 136 35 9
938 568 32 7
938 437 18 4
937 497 53 12
937 543 57 18
937 659 67 17
937 963 25 8
937 219 17 5
936 79 64 18
936 728 32 11
936 90 72 18
936 661 39 10
936 557 19 4
936 914 12 4
936 157 81 21
935 872 27 7
935 355 29 7
935 64 16 4
935 994 26 8
935 696 31 8
934 898 45 13
934 852 25 6
934 588 38 11
934 26 12 3
934 567 31 9
933 909 49 13
933 866 51 15
933 771 48 9
933 489 45 16
933 315 47 11
933 644 28 8
932 981 22 5
932 197 32 7
932 926 14 5
932 298 27 6
932 946 14 4
932 531 34 9
931 369 38 12
931 455 49 13
931 954 21 5
931 447 24 6
931 304 5 2
930 522 22 5
930 681 21 6
930 454 43 14
930 705 50 14
930 763 5 2
929 6 34 8
929 517 51 10
929 866 9 2
929 864 18 5
928 285 8 3
928 627 42 12
928 715 32 9
928 342 66 15
928 886 50 13
927 584 37 9
927 27 36 10
927 813 87 19
927 467 94 18
927 669 77 16
927 400 23 6
927 496 62 11
926 932 13 3
926 298 16 5
926 946 7 2
926 708 20 7
926 727 16 5
925 591 79 14
925 628 48 12
925 722 34 7
925 952 26 8
925 471 48 17
924 714 17 4
924 642 13 4
924 268 18 4
924 889 13 3
923 94 35 8
923 485 36 11
923 256 35 9
923 572 44 14
923 399 33 8
923 800 38 12
922 830 14 4
922 481 11 3
922 435 9 2
922 5 26 7
921 545 31 8
921 195 29 6
921 622 39 9
921 401 23 7
921 452 22 7
920 544 25 8
920 808 37 8
920 476 18 4
920 950 19 6
920 357 16 4
919 393 50 11
919 945 15 4
919 576 29 7
919 187 13 3
919 227 21 6
918 158 65 17
918 949 61 18
918 686 21 5
918 410 15 3
918 915 40 11
917 944 15 3
917 967 16 4
917 762 27 8
917 660 28 8
917 361 33 9
917 364 35 8
916 165 58 13
916 871 54 16
916 877 41 10
916 267 51 11
916 731 29 7
916 551 41 10
916 697 61 16
916 149 44 10
915 158 24 6
915 410 36 10
915 918 43 12
915 730 34 8
915 529 46 11
914 709 38 9
914 728 29 7
914 115 34 9
914 936 16 4
914 157 99 20
913 464 22 5
913 127 30 8
913 306 72 18
913 89 51 11
913 673 30 9
913 30 38 9
913 9 20 5
912 753 31 10
912 17 30 11
912 507 21 6
912 561 46 10
912 223 28 7
912 941 49 15
912 689 61 17
911 970 22 7
911 4 37 12
911 631 48 11
911 745 23 6
911 61 17 5
910 777 46 16
910 865 39 9
910 169 31 7
910 253 11 4
910 321 16 4
910 719 17 4
909 6 44 12
909 864 21 6
909 866 39 12
909 855 45 11
909 933 64 15
909 489 25 9
908 553 46 12
908 377 22 5
908 625 7 2
908 296 17 4
907 854 53 16
907 492 29 8
907 202 36 9
907 774 65 21
907 97 53 18
907 347 39 10
907 129 52 14
906 577 30 6
906 468 16 5
906 594 36 10
906 207 41 10
906 858 23 7
905 413 7 3
905 670 14 4
905 972 25 7
905 341 37 11
905 92 43 11
904 998 24 7
904 382 6 2
904 693 8 3
904 560 46 13
904 816 33 9
903 546 13 4
903 325 28 8
903 260 32 7
903 382 35 10
903 693 38 9
903 823 18 6
902 820 15 4
902 282 51 13
902 370 13 4
902 371 33 8
902 448 19 6
902 726 23 6
901 40 20 6
901 390 25 7
901 269 33 12
901 497 55 14
901 416 66 12
901 963 63 15
900 13 24 6
900 165 32 10
900 267 16 4
900 814 11 4
900 6 71 17
900 517 23 6
900 33 9 3
899 396 25 6
899 494 29 9
899 755 51 12
899 956 15 5
899 694 66 15
899 970 52 12
899 744 60 16
899 631 48 17
898 116 37 10
898 588 16 3
898 111 34 7
898 852 45 12
898 934 40 9
897 587 18 3
897 278 30 8
897 664 26 6
897 316 29 8
896 876 65 20
896 286 78 17
896 24 30 9
896 600 23 7
896 326 49 14
896 45 12 4
896 609 32 10
895 950 28 9
895 607 33 9
895 197 44 9
895 783 8 2
895 522 11 4
895 531 41 10
895 681 21 6
894 997 7 2
894 472 15 6
894 54 18 6
894 777 43 11
893 228 41 13
893 977 36 9
893 53 31 10
893 796 60 11
893 695 51 12
893 556 44 12
893 991 24 7
893 878 41 9
892 737 59 15
892 521 72 20
892 629 31 9
892 458 74 18
892 110 21 6
892 558 27 7
892 217 16 4
891 696 35 12
891 888 36 9
891 376 42 10
891 976 37 12
891 431 29 8
891 281 19 6
890 233 17 5
890 426 13 4
890 236 50 15
890 590 10 2
890 723 55 11
889 279 15 4
889 714 8 2
889 706 32 9
889 268 24 5
889 924 14 4
888 696 70 13
888 64 72 20
888 717 56 15
888 891 44 10
888 281 22 5
888 316 56 14
888 465 30 6
887 863 39 11
887 985 29 9
887 571 27 5
887 275 49 10
887 857 61 12
887 144 37 8
887 78 39 12
887 606 57 11
887 245 35 10
886 928 56 12
886 342 61 12
886 122 21 5
886 715 47 13
886 188 30 8
886 166 39 10
886 948 32 11
885 725 49 12
885 119 31 8
885 295 18 5
885 243 51 13
885 157 19 5
884 105 43 10
884 349 9 3
884 247 49 14
884 383 35 8
884 319 29 9
883 603 15 4
883 966 14 4
883 609 13 3
883 45 13 5
882 791 18 5
882 322 46 12
882 971 35 9
882 287 11 2
882 162 29 6
881 564 36 9
881 785 29 9
881 254 35 11
881 654 24 7
881 123 38 11
881 589 15 6
880 1000 17 6
880 168 1 1
880 171 38 10
880 691 26 8
880 1 45 11
880 10 47 12
879 229 57 13
879 559 47 14
879 530 50 16
879 351 56 16
879 873 51 12
879 980 44 12
879 848 19 6
879 359 19 7
878 893 40 9
878 991 18 6
878 775 6 2
878 556 18 5
878 670 26 8
878 451 17 4
877 847 65 18
877 871 37 10
877 916 45 10
877 551 23 6
877 969 24 7
876 436 38 9
876 404 22 5
876 154 42 10
876 874 31 9
876 24 70 23
876 896 85 22
876 286 61 17
875 647 9 4
875 624 15 3
875 424 70 15
875 408 52 18
874 876 33 10
874 404 23 5
874 7 17 5
874 618 67 20
874 24 89 21
874 838 61 20
873 530 82 21
873 939 64 21
873 97 38 8
873 879 40 13
873 359 28 8
873 67 16 4
873 842 37 10
873 480 40 12
872 520 79 19
872 59 63 16
872 355 56 12
872 935 28 7
872 989 53 15
872 64 17 5
871 161 23 6
871 341 42 13
871 982 18 6
871 165 51 13
871 847 57 14
871 877 42 11
871 916 67 13
870 77 31 8
870 639 31 7
870 39 30 9
870 56 38 10
870 595 29 10
870 53 47 10
869 345 29 8
869 707 6 3
869 849 16 3
869 79 74 14
869 778 27 6
868 632 26 7
868 223 34 11
868 373 34 9
868 754 45 12
868 313 39 8
868 68 57 13
867 697 25 8
867 748 24 6
867 300 23 7
867 230 46 10
867 824 41 10
867 836 17 5
866 517 46 12
866 929 8 3
866 864 25 6
866 909 48 12
866 149 58 14
866 933 48 14
866 771 41 11
865 121 383 102
865 647 57 15
865 309 24 7
865 777 97 23
865 910 39 10
865 169 23 7
865 264 24 5
864 6 23 6
864 909 28 6
864 929 24 5
864 866 28 8
863 571 35 7
863 283 67 18
863 479 21 6
863 857 23 6
863 887 49 10
862 751 40 13
862 456 36 10
862 620 9 2
862 553 25 6
861 562 50 17
861 70 81 17
861 949 57 12
861 310 18 5
861 686 51 14
861 764 20 4
861 422 33 7
861 139 22 7
860 631 41 12
860 523 23 6
860 334 35 9
860 839 28 6
860 657 24 7
860 392 43 12
860 239 58 18
860 31 52 15
859 541 146 50
859 616 62 18
859 312 60 16
859 751 20 6
859 766 60 15
859 620 46 14
858 906 20 6
858 207 26 5
858 594 33 9
858 460 2 1
858 990 38 8
857 863 21 5
857 479 37 8
857 999 41 9
857 887 58 15
857 606 33 7
857 523 51 13
857 334 38 10
856 473 5 2
856 761 20 5
856 417 18 4
856 155 19 6
855 940 79 18
855 44 67 14
855 6 52 16
855 909 47 13
855 489 51 12
855 106 34 9
854 340 47 10
854 430 20 6
854 622 67 16
854 492 62 18
854 907 72 18
854 46 8 3
854 347 74 16
854 43 67 16
854 790 42 12
853 349 44 13
853 109 55 15
853 95 10 3
853 282 54 17
853 370 53 11
853 388 28 9
852 116 54 15
852 762 20 7
852 898 38 13
852 934 20 7
852 660 38 11
852 26 26 8
851 21 26 10
851 470 31 8
851 540 19 5
851 685 26 6
851 159 50 11
850 49 47 9
850 72 23 8
850 390 14 5
850 416 41 12
850 583 24 8
849 869 16 4
849 707 15 5
849 505 24 6
849 778 17 5
849 297 17 5
849 4 22 8
848 879 20 6
848 359 33 9
848 980 51 11
848 483 51 12
848 100 21 6
848 145 14 4
848 809 50 15
847 575 35 10
847 759 38 10
847 341 48 16
847 871 63 18
847 877 56 15
847 582 29 7
847 969 47 14
846 299 36 10
846 50 20 5
846 14 24 5
846 826 44 11
845 334 30 8
845 245 49 13
845 606 10 4
845 242 37 7
845 802 9 3
844 431 26 8
844 190 30 8
844 536 55 13
844 133 54 14
844 105 58 13
844 102 30 7
844 201 42 11
843 585 12 4
843 623 23 6
843 345 83 23
843 711 35 8
843 257 62 16
843 443 92 30
843 289 60 19
842 873 43 10
842 67 34 7
842 480 52 10
842 196 23 7
842 224 11 3
842 506 15 4
842 781 44 12
841 672 19 5
841 684 52 13
841 237 15 3
841 805 20 5
840 311 17 5
840 749 52 17
840 412 41 12
840 70 61 15
840 562 46 11
839 860 28 8
839 334 13 5
839 983 42 12
839 392 26 5
839 657 4 1
838 618 25 8
838 429 34 9
838 874 67 18
838 428 27 7
838 615 19 5
838 533 39 9
838 24 79 22
838 943 58 15
837 735 14 4
837 14 30 8
837 500 40 10
837 770 44 13
837 482 36 10
837 179 33 10
836 300 36 9
836 799 41 12
836 867 17 5
836 824 40 11
836 474 37 12
836 817 30 9
836 170 44 11
835 414 40 12
835 164 24 6
835 573 16 5
835 83 63 15
834 454 55 14
834 581 36 11
834 813 36 10
834 604 10 4
834 528 66 19
834 738 36 8
834 363 40 13
833 812 25 5
833 314 30 8
833 663 14 4
833 742 14 4
833 507 20 7
832 258 53 15
832 533 46 15
832 804 34 11
832 146 17 6
832 306 58 17
832 131 23 6
831 120 53 13
831 88 7 2
831 953 30 9
831 340 36 7
831 430 56 11
831 280 55 14
830 415 44 13
830 678 43 11
830 156 63 14
830 5 15 4
830 481 15 5
830 922 15 5
829 160 67 18
829 688 3 1
829 536 49 14
829 706 9 3
828 693 22 6
828 19 16 3
828 610 32 11
828 816 23 5
827 589 51 10
827 942 38 9
827 457 26 8
827 499 27 9
827 352 35 8
827 143 53 13
826 299 26 6
826 703 7 2
826 65 39 8
826 527 39 11
826 735 44 12
826 14 39 13
826 846 40 11
825 511 36 11
825 734 19 5
825 571 40 10
825 985 21 5
825 484 60 17
824 867 46 14
824 230 34 11
824 836 39 13
824 757 33 9
824 803 27 7
824 126 83 17
824 474 32 8
823 903 19 5
823 19 28 6
823 693 38 10
823 975 29 7
823 260 26 7
822 25 52 14
822 684 65 15
822 421 19 5
822 232 24 5
822 529 47 11
822 403 46 14
821 749 40 9
821 214 32 9
821 949 58 12
821 412 25 8
821 562 30 7
820 388 33 11
820 491 43 12
820 370 9 3
820 448 30 8
820 902 15 5
819 995 26 7
819 740 30 9
819 996 25 5
819 478 12 4
819 504 40 9
819 366 53 12
819 49 35 9
818 958 27 7
818 493 9 3
818 125 36 10
818 810 38 13
818 318 47 13
818 90 30 7
818 291 48 13
817 75 29 11
817 799 33 8
817 526 10 3
817 182 24 7
817 836 36 8
817 170 30 9
816 693 40 11
816 904 33 11
816 560 36 9
816 81 40 8
816 610 17 6
816 828 20 7
815 668 1 1
815 259 24 7
815 375 13 4
815 422 47 10
815 322 35 9
814 957 45 13
814 13 17 4
814 6 73 14
814 900 11 4
813 834 27 8
813 604 23 6
813 27 70 17
813 927 72 18
813 738 26 9
813 439 18 5
813 327 38 10
813 467 61 16
812 368 20 5
812 314 47 10
812 833 18 6
812 644 33 9
812 18 18 4
812 663 26 8
811 789 65 18
811 655 35 10
811 712 15 4
811 423 25 5
811 216 53 18
811 746 35 11
810 818 50 14
810 125 28 7
810 318 12 4
810 220 24 7
810 167 30 7
810 273 30 7
809 848 43 14
809 145 52 16
809 483 32 7
809 308 17 5
809 324 28 9
808 544 58 12
808 920 33 9
808 640 70 17
808 246 44 11
808 539 31 8
808 950 39 10
808 750 35 6
807 730 15 5
807 529 56 11
807 565 32 8
807 563 43 15
807 755 75 19
806 137 74 18
806 108 21 5
806 702 58 16
806 195 28 9
806 613 18 4
805 684 49 11
805 237 26 8
805 841 17 5
805 240 25 7
805 244 51 10
804 442 34 11
804 175 1 1
804 258 30 8
804 513 12 4
804 832 37 10
804 146 36 8
803 230 14 4
803 315 41 11
803 757 28 7
803 824 31 8
802 334 40 8
802 845 9 3
802 242 29 9
802 983 15 5
801 260 39 11
801 518 21 4
801 981 31 7
801 298 24 5
801 550 20 6
801 343 52 14
801 611 28 8
800 572 38 8
800 399 74 17
800 923 46 10
800 795 42 12
800 549 43 12
800 621 39 10
799 22 14 4
799 75 9 2
799 300 28 7
799 836 42 13
799 817 43 11
798 21 18 5
798 945 51 10
798 159 39 12
798 74 28 8
797 716 52 9
797 122 41 10
797 166 29 7
797 191 7 3
797 503 42 10
796 228 58 14
796 155 72 18
796 243 42 10
796 38 42 13
796 402 19 4
796 263 12 4
796 556 48 10
796 893 47 11
795 399 78 17
795 630 61 19
795 800 46 13
795 560 47 12
795 621 57 20
795 303 63 15
795 959 36 8
795 680 25 7
794 613 17 6
794 721 25 8
794 177 43 10
794 360 7 2
793 278 54 16
793 110 29 8
793 558 16 4
793 235 37 11
793 677 64 18
793 461 49 13
792 244 86 18
792 768 15 4
792 240 39 12
792 666 10 3
792 667 91 22
792 450 56 15
792 394 35 10
792 403 21 8
792 724 32 9
791 410 53 15
791 686 74 19
791 322 31 11
791 305 42 8
791 882 21 6
791 971 24 7
790 46 42 12
790 648 11 3
790 43 35 10
790 854 56 12
790 238 64 18
790 183 67 18
790 733 68 17
789 236 28 8
789 16 53 13
789 312 66 16
789 535 31 7
789 655 40 12
789 811 59 18
789 216 52 15
789 751 57 18
788 737 53 13
788 629 12 3
788 110 32 8
788 278 12 3
787 759 13 4
787 427 48 11
787 960 43 11
787 582 65 13
787 780 48 12
786 691 28 9
786 10 26 6
786 332 59 14
786 646 30 9
786 737 33 11
785 217 36 9
785 564 26 9
785 881 29 9
785 988 22 6
785 235 25 10
785 654 9 3
784 338 30 9
784 91 20 7
784 142 22 6
784 419 23 8
784 114 25 5
784 213 25 5
783 950 26 6
783 750 10 2
783 539 9 2
783 522 12 4
783 895 8 2
782 181 39 10
782 148 43 12
782 231 16 4
782 41 19 6
782 580 39 9
782 951 34 11
782 426 61 16
781 100 27 9
781 196 27 7
781 842 32 11
781 506 43 11
781 145 43 10
781 459 32 10
781 324 48 11
781 189 13 4
781 117 15 4
780 960 42 16
780 241 59 13
780 270 38 10
780 787 40 10
780 582 95 25
780 640 104 19
780 152 50 12
780 544 61 18
779 307 60 19
779 276 73 16
779 134 73 17
779 284 74 16
779 961 94 18
779 453 59 22
779 23 138 33
779 984 135 38
778 869 26 7
778 505 24 5
778 849 20 5
778 745 52 15
778 79 53 12
778 552 55 17
777 865 103 25
777 121 293 71
777 910 61 14
777 321 48 11
777 384 93 23
777 997 40 12
777 534 23 8
777 54 36 8
777 894 41 12
776 121 75 17
776 96 79 24
776 701 70 18
776 140 81 15
776 70 43 10
776 311 86 26
776 601 40 9
776 736 43 9
775 878 5 2
775 991 14 3
775 670 28 8
775 413 26 8
774 195 40 14
774 452 35 10
774 202 60 17
774 360 44 11
774 939 36 7
774 907 66 21
774 97 97 22
773 326 49 16
773 603 46 12
773 420 59 17
773 966 40 8
773 570 37 12
773 101 33 9
773 138 30 9
773 964 42 11
772 372 46 11
772 992 49 16
772 98 34 9
772 627 27 8
772 342 57 15
772 649 59 15
772 667 52 16
771 149 55 11
771 866 39 10
771 933 37 9
771 315 38 12
771 230 50 15
770 837 39 12
770 500 45 10
770 482 37 7
770 475 29 8
770 683 25 8
770 356 21 6
769 131 29 9
769 306 31 8
769 524 24 7
769 978 35 9
769 577 44 12
769 89 63 19
769 468 62 14
768 173 15 4
768 232 24 7
768 666 13 4
768 403 14 4
768 792 13 4
767 500 40 8
767 14 24 6
767 50 6 2
766 50 672 120
766 756 373 97
766 541 187 47
766 859 64 17
766 620 8 2
766 377 72 15
766 553 34 9
765 670 47 9
765 222 28 6
765 519 22 6
765 451 17 6
765 292 25 7
765 226 30 7
765 972 44 10
764 310 9 3
764 259 18 6
764 139 8 2
764 861 15 4
763 539 36 8
763 522 25 6
763 246 20 5
763 705 44 12
763 930 5 1
762 275 79 17
762 78 48 14
762 116 79 21
762 852 28 6
762 944 37 10
762 917 30 8
762 660 41 12
761 302 28 7
761 114 28 7
761 154 18 5
761 286 21 6
761 473 18 5
761 417 28 7
761 856 14 5
760 634 101 26
760 379 67 17
760 51 23 6
760 415 18 4
760 678 17 5
759 92 43 14
759 427 39 13
759 787 14 3
759 575 8 3
759 582 68 14
759 847 38 11
758 543 14 4
758 952 51 13
758 514 14 4
758 659 20 6
758 471 24 7
757 803 38 7
757 824 28 9
757 315 53 13
757 126 66 17
757 391 26 7
756 500 167 41
756 50 243 47
756 683 141 43
756 198 103 26
756 252 89 21
756 433 94 19
756 335 10 3
756 323 25 5
756 962 45 10
756 766 390 88
756 541 136 26
755 565 60 18
755 807 76 20
755 563 49 17
755 63 49 14
755 283 53 13
755 479 57 14
755 694 71 15
755 956 54 14
755 899 46 12
754 373 64 19
754 868 53 14
754 354 55 14
754 68 57 17
754 57 64 13
754 987 59 12
754 984 55 12
754 548 36 9
753 35 62 15
753 17 10 3
753 912 32 9
753 561 20 6
752 656 16 6
752 398 21 6
752 20 83 21
752 995 65 13
752 740 53 16
752 598 42 10
751 312 71 17
751 859 26 5
751 216 25 7
751 789 81 16
751 456 38 12
751 620 41 14
751 862 41 14
750 783 8 2
750 539 2 1
750 950 28 7
750 808 29 9
749 384 127 33
749 121 104 26
749 665 80 17
749 214 22 6
749 821 40 9
749 311 71 14
749 412 50 12
749 840 59 15
748 551 52 15
748 362 52 12
748 22 31 10
748 697 21 8
748 867 20 6
748 300 5 1
747 221 9 2
747 215 27 7
747 55 12 3
747 27 33 11
747 584 39 9
746 811 42 9
746 216 42 11
746 423 29 9
746 409 21 6
746 470 26 10
746 456 43 14
746 540 25 6
745 505 42 13
745 4 45 11
745 778 44 11
745 911 26 6
745 552 6 2
745 61 39 10
744 899 47 15
744 694 24 6
744 523 22 8
744 631 17 4
743 411 4 2
743 627 23 6
743 285 21 7
743 586 2 1
742 663 8 3
742 833 12 4
742 941 36 8
742 507 15 5
741 679 18 5
741 358 24 7
741 29 20 5
741 429 25 5
740 752 48 18
740 598 39 7
740 447 42 10
740 995 10 3
740 504 49 15
740 819 36 9
739 685 39 9
739 159 52 12
739 296 20 7
739 554 16 5
739 398 54 12
738 834 39 10
738 363 7 2
738 439 16 5
738 813 29 9
738 225 15 4
738 344 16 4
737 332 31 10
737 587 76 15
737 646 62 17
737 786 43 11
737 278 55 13
737 788 40 10
737 629 36 14
737 288 56 13
737 892 60 18
737 521 52 15
736 776 32 11
736 140 81 19
736 376 84 19
736 449 39 10
736 601 52 14
736 317 21 6
736 160 70 23
736 688 57 14
735 826 35 9
735 14 38 11
735 837 14 4
735 179 25 8
735 65 14 4
734 495 26 6
734 58 38 8
734 511 34 11
734 716 78 19
734 825 17 5
734 484 74 17
733 790 65 14
733 238 32 8
733 183 17 4
733 409 36 9
733 470 28 11
733 21 51 14
732 610 38 7
732 81 33 10
732 578 14 5
732 343 23 7
732 99 28 7
732 591 21 7
732 386 12 3
731 267 38 9
731 916 29 6
731 149 23 6
731 517 36 11
730 410 44 12
730 529 48 11
730 915 29 8
730 563 50 13
730 807 15 5
729 528 9 4
729 93 65 13
729 574 26 7
729 153 11 4
728 552 33 8
728 79 72 15
728 709 12 3
728 936 39 12
728 914 29 7
727 298 8 2
727 550 8 3
727 926 16 4
727 611 9 3
727 708 25 8
726 902 23 5
726 448 14 5
726 371 27 7
726 407 34 7
726 568 57 18
725 115 38 11
725 119 23 4
725 239 11 4
725 885 39 14
725 157 52 17
724 792 43 8
724 403 15 5
724 135 10 4
724 394 36 8
724 186 34 9
724 565 57 11
723 236 46 12
723 890 51 16
723 590 46 12
723 616 13 5
723 16 15 4
722 591 62 15
722 925 30 8
722 400 48 11
722 496 50 15
722 471 68 19
722 444 47 11
721 702 49 12
721 613 39 12
721 794 35 8
721 177 27 7
721 128 41 10
721 234 35 7
720 491 35 7
720 698 76 14
720 150 33 8
720 328 69 16
720 448 31 11
720 194 30 7
719 253 7 2
719 910 15 4
719 321 6 2
719 532 30 9
719 534 44 9
718 480 60 13
718 224 34 9
718 498 58 14
718 576 55 11
718 506 38 10
718 459 54 15
718 630 58 16
718 525 54 17
718 399 55 15
717 989 68 14
717 193 47 9
717 614 30 8
717 64 69 24
717 888 54 10
717 316 73 13
717 646 30 8
716 968 45 10
716 450 40 10
716 76 38 14
716 495 70 16
716 122 44 13
716 797 48 10
716 734 70 21
716 484 41 10
716 191 42 13
715 624 211 52
715 608 71 20
715 586 56 13
715 285 32 10
715 928 27 9
715 678 106 32
715 634 15 4
715 886 47 12
715 188 48 11
714 889 7 3
714 279 10 3
714 635 8 3
714 249 7 2
714 924 15 3
714 642 29 6
713 282 41 10
713 371 21 5
713 704 31 7
713 336 86 19
713 641 8 3
713 73 23 7
712 655 46 10
712 811 15 4
712 423 23 5
712 648 60 14
712 183 16 5
711 268 25 6
711 585 21 5
711 592 21 5
711 843 37 7
711 257 31 9
710 30 43 14
710 44 70 19
710 367 29 8
710 106 7 2
710 294 12 4
709 728 10 3
709 914 37 8
709 115 25 6
709 552 22 6
708 946 23 5
708 926 22 5
708 727 25 6
708 611 23 8
708 215 12 3
708 221 34 7
708 531 32 10
707 345 32 7
707 869 9 2
707 297 16 4
707 849 16 4
706 688 12 3
706 829 9 3
706 536 46 12
706 279 25 7
706 889 33 7
706 676 63 16
706 268 42 12
705 75 46 15
705 246 56 15
705 763 64 16
705 930 64 15
705 454 51 13
705 528 66 12
705 526 28 7
705 182 27 6
704 282 37 10
704 320 27 8
704 174 47 12
704 493 62 13
704 125 70 17
704 713 24 6
704 336 88 19
703 299 17 6
703 826 7 2
703 527 49 12
702 137 57 17
702 806 75 17
702 234 19 6
702 547 46 10
702 692 20 8
702 613 63 12
702 721 47 12
701 355 34 12
701 994 23 6
701 96 37 10
701 776 90 17
701 140 26 8
701 696 47 11
701 376 35 10
700 366 4 1
700 49 26 6
700 583 30 9
700 378 32 9
700 405 33 10
700 487 37 11
700 47 30 6
699 486 29 7
699 184 14 4
699 66 44 10
699 158 39 13
699 949 70 15
698 172 56 15
698 651 48 17
698 203 28 8
698 491 49 12
698 720 53 14
698 328 31 8
698 52 24 5
697 916 63 15
697 551 67 16
697 149 39 8
697 230 44 10
697 748 24 7
697 867 23 6
696 935 30 7
696 994 35 9
696 64 32 7
696 701 39 12
696 376 43 12
696 891 45 11
696 888 67 13
695 595 32 9
695 53 20 7
695 637 30 8
695 893 42 11
695 991 52 14
695 413 54 14
695 274 69 14
695 92 39 14
695 427 54 11
694 755 64 17
694 899 63 15
694 479 26 7
694 999 7 2
694 744 22 7
694 523 37 9
693 382 10 3
693 903 33 8
693 904 11 3
693 816 39 9
693 823 40 8
693 828 19 5
693 19 29 8
692 348 8 2
692 547 52 9
692 702 23 6
692 128 54 15
692 234 22 5
691 171 35 8
691 880 23 7
691 614 37 12
691 646 37 13
691 786 25 9
691 10 22 5
690 128 66 17
690 559 44 9
690 351 41 10
690 596 20 5
690 979 51 15
690 270 26 7
689 912 47 13
689 223 55 15
689 941 43 13
689 374 22 5
689 284 17 6
689 68 43 11
689 208 21 6
689 57 46 11
688 736 64 12
688 160 67 16
688 449 24 7
688 829 2 1
688 706 10 3
688 676 44 11
688 612 31 8
687 24 17 6
687 600 17 4
687 943 29 7
687 380 41 13
687 350 47 11
687 609 41 13
686 861 40 12
686 422 24 6
686 949 47 13
686 918 18 5
686 410 25 7
686 322 58 18
686 791 73 19
685 540 34 10
685 456 63 12
685 553 47 12
685 851 28 7
685 296 59 12
685 739 37 10
685 159 42 14
684 54 32 10
684 682 18 5
684 619 28 6
684 672 46 12
684 841 54 11
684 805 53 14
684 240 66 14
684 421 53 12
684 25 55 13
684 822 47 15
683 500 33 10
683 331 14 4
683 770 23 6
683 356 14 5
683 756 166 45
683 198 34 11
682 472 18 5
682 54 25 7
682 619 12 3
682 684 17 5
681 895 26 6
681 522 16 4
681 930 20 6
681 454 34 13
681 531 42 12
681 581 55 15
681 55 62 13
680 959 12 3
680 795 27 6
680 674 47 11
680 303 59 13
679 62 48 11
679 512 68 19
679 212 87 22
679 358 36 9
679 29 35 11
679 741 15 4
678 715 120 31
678 634 118 27
678 760 21 6
678 415 32 7
678 87 262 70
678 830 43 13
678 212 190 55
678 5 46 13
678 62 85 29
677 278 93 20
677 445 31 9
677 793 84 20
677 461 56 12
677 617 8 2
677 538 15 3
677 645 26 6
676 509 27 6
676 612 29 7
676 688 51 12
676 180 38 8
676 986 32 8
676 210 49 14
676 585 72 15
676 706 62 15
676 268 78 21
675 15 33 11
675 71 41 13
675 220 28 10
675 273 16 4
675 8 34 8
675 547 33 8
675 271 53 11
674 959 44 12
674 680 53 11
674 303 30 10
674 628 56 18
674 441 52 12
674 269 32 10
673 913 33 11
673 89 12 3
673 367 45 11
673 30 18 4
672 54 45 14
672 532 16 4
672 237 16 5
672 684 41 11
672 841 23 6
671 367 14 4
671 294 12 4
671 397 24 6
671 132 48 9
671 272 26 5
670 878 22 7
670 775 26 8
670 413 17 5
670 765 45 9
670 451 35 8
670 972 23 7
670 905 13 3
669 927 75 15
669 496 19 4
669 467 58 18
669 80 74 14
669 444 25 8
668 375 11 3
668 815 1 1
668 259 33 7
667 463 46 13
667 372 40 11
667 244 66 12
667 792 75 24
667 649 22 6
667 772 47 15
667 450 58 16
667 968 27 7
666 173 10 3
666 768 16 4
666 792 8 3
666 240 39 9
665 384 69 14
665 446 21 6
665 749 77 20
665 214 49 11
665 486 37 11
664 278 58 13
664 418 9 2
664 102 35 8
664 897 24 6
664 316 36 13
664 965 22 6
664 445 24 9
663 812 27 6
663 18 19 6
663 833 13 5
663 742 8 2
663 955 30 10
663 941 33 9
662 351 26 9
662 980 6 2
662 596 35 8
662 483 14 4
662 337 19 4
661 90 63 23
661 936 32 11
661 291 36 8
661 220 24 8
661 71 21 6
661 557 28 7
660 762 33 8
660 852 45 10
660 917 32 9
660 364 14 3
660 653 11 3
660 26 51 12
659 758 19 6
659 543 20 5
659 471 41 11
659 937 67 13
659 219 81 17
659 80 199 49
658 163 16 5
658 440 42 10
658 251 53 12
658 181 63 13
658 41 37 7
657 860 21 7
657 392 22 6
657 839 5 1
656 554 16 5
656 752 16 5
656 398 26 8
656 369 51 15
656 598 47 10
655 535 41 9
655 789 53 12
655 648 81 16
655 255 33 7
655 811 39 11
655 712 50 13
654 881 30 6
654 785 13 3
654 589 18 5
654 235 29 9
653 364 18 5
653 26 47 11
653 660 12 3
653 579 21 5
653 512 56 16
652 315 53 11
652 391 50 10
652 151 13 3
652 36 27 10
651 461 84 21
651 942 16 4
651 457 19 4
651 143 56 13
651 172 85 23
651 698 49 15
651 203 37 7
651 974 22 6
650 525 4 1
650 508 5 2
650 399 16 4
649 772 49 11
649 667 20 7
649 342 8 3
649 968 14 5
649 76 26 7
648 280 69 21
648 655 61 15
648 255 86 23
648 46 35 12
648 790 9 3
648 712 51 17
648 183 52 15
647 865 58 17
647 309 27 8
647 624 23 6
647 424 54 19
647 875 11 4
646 614 48 10
646 691 51 9
646 717 29 7
646 316 52 17
646 587 60 18
646 786 35 8
646 737 63 16
645 11 22 7
645 445 26 7
645 105 25 8
645 349 33 7
645 677 27 6
645 538 26 6
644 368 31 9
644 489 57 12
644 933 35 8
644 812 27 9
644 18 20 6
644 315 49 14
644 36 39 9
644 955 39 10
643 271 4 2
643 537 28 7
643 387 3 1
642 714 22 7
642 249 24 8
642 924 14 4
642 133 42 11
642 209 39 9
642 268 27 8
642 592 25 8
642 638 39 12
642 247 31 10
641 371 16 3
641 713 8 2
641 73 25 5
640 780 75 22
640 582 11 3
640 969 53 15
640 544 71 21
640 808 70 18
640 362 67 13
640 246 65 20
639 15 18 5
639 8 21 6
639 77 19 6
639 870 31 8
639 39 18 6
638 642 39 13
638 592 34 8
638 247 36 11
638 257 28 9
638 289 34 8
638 383 51 13
638 353 35 10
637 39 36 13
637 537 40 9
637 595 3 1
637 274 52 14
637 695 31 7
636 954 58 13
636 339 61 12
636 47 26 9
636 504 57 16
636 469 81 18
636 487 38 8
635 536 32 7
635 279 2 1
635 249 8 2
635 714 10 3
634 715 14 4
634 678 92 31
634 188 25 7
634 379 25 8
634 760 86 25
633 264 78 21
633 237 40 14
633 424 59 15
633 104 19 7
633 463 19 5
633 244 16 4
632 35 73 14
632 141 28 10
632 561 23 6
632 373 27 8
632 223 52 12
632 868 25 5
631 899 60 16
631 970 44 15
631 744 14 4
631 523 26 9
631 860 50 13
631 911 52 13
631 31 64 17
631 61 51 10
630 718 46 12
630 459 50 13
630 399 62 18
630 998 17 5
630 795 66 16
630 560 31 11
629 737 46 11
629 892 39 11
629 110 22 6
629 788 10 3
628 993 36 9
628 99 36 8
628 959 78 20
628 674 60 17
628 952 36 13
628 441 54 17
628 591 46 11
628 925 59 10
627 992 61 14
627 608 33 8
627 772 24 6
627 411 21 7
627 743 21 6
627 285 37 9
627 342 57 15
627 928 40 10
626 484 29 6
626 191 21 5
626 542 33 9
626 503 31 9
625 377 22 5
625 908 9 2
625 488 7 3
625 369 59 13
625 554 34 9
625 296 26 7
624 647 21 6
624 875 14 4
624 715 172 48
624 608 98 21
624 408 46 14
624 992 70 18
623 210 24 6
623 333 34 9
623 585 33 7
623 843 20 7
623 345 83 15
622 437 48 13
622 545 46 14
622 136 98 27
622 340 69 21
622 921 36 10
622 401 12 3
622 854 52 15
622 202 17 6
622 492 16 4
621 800 51 13
621 549 46 13
621 795 74 20
621 303 46 11
621 147 34 9
621 199 41 13
621 72 43 13
620 859 54 12
620 751 56 13
620 766 7 3
620 553 31 7
620 862 8 3
619 472 28 5
619 66 36 10
619 682 12 3
619 25 36 7
619 684 22 6
618 7 63 20
618 874 65 18
618 29 13 3
618 838 27 8
618 429 19 4
617 677 9 2
617 538 10 3
617 461 53 13
617 109 17 4
616 541 113 22
616 200 83 15
616 590 63 17
616 723 17 4
616 16 13 4
616 973 12 3
616 859 79 17
616 312 15 4
615 838 14 4
615 428 24 8
615 533 27 7
615 258 20 5
614 171 20 5
614 193 20 6
614 717 42 10
614 646 50 12
614 691 40 11
613 806 16 4
613 195 38 9
613 702 65 17
613 360 22 6
613 794 18 5
613 721 40 12
612 449 7 2
612 509 4 1
612 676 27 6
612 688 30 7
611 550 12 3
611 801 26 9
611 727 8 2
611 708 29 6
611 343 46 12
611 215 39 8
611 593 34 12
610 828 36 11
610 816 16 5
610 578 34 8
610 19 45 12
610 732 36 8
610 81 22 6
609 600 39 10
609 896 30 8
609 45 21 7
609 883 14 3
609 687 37 11
609 966 10 3
609 570 8 2
609 350 41 8
608 624 84 25
608 992 47 12
608 715 84 19
608 586 21 5
608 627 27 7
608 411 19 5
607 34 22 6
607 357 25 7
607 950 32 8
607 197 9 3
607 895 42 10
606 887 62 14
606 857 33 6
606 334 30 8
606 245 47 10
606 845 14 4
605 150 18 5
605 938 25 6
605 136 35 9
605 568 38 11
605 194 18 5
604 581 43 13
604 27 44 10
604 813 24 6
604 834 13 3
603 45 20 5
603 326 29 7
603 883 15 5
603 773 44 11
603 966 15 5
602 947 49 11
602 85 42 10
602 69 32 10
602 290 43 10
602 266 20 5
602 163 35 9
601 776 40 10
601 70 17 4
601 180 64 13
601 310 76 18
601 736 56 11
601 317 58 14
600 896 21 6
600 24 10 3
600 609 48 13
600 687 17 6
599 212 41 11
599 513 27 7
599 87 64 17
599 524 49 14
599 131 39 9
599 146 7 2
598 656 48 11
598 369 59 15
598 752 37 9
598 447 15 4
598 740 32 10
597 107 6 2
597 254 19 6
597 389 8 2
597 301 12 3
597 123 25 6
596 690 21 4
596 351 31 8
596 270 29 9
596 152 50 16
596 662 35 7
596 337 35 9
595 39 49 11
595 637 3 1
595 695 31 8
595 870 27 9
595 53 37 11
594 87 67 15
594 978 61 19
594 577 50 10
594 906 33 10
594 354 177 54
594 858 41 9
594 990 36 12
594 48 44 9
594 385 83 21
593 343 51 13
593 611 36 10
593 215 41 10
593 584 36 10
593 400 70 18
593 591 52 10
592 268 35 7
592 642 27 6
592 638 34 9
592 257 20 5
592 711 21 6
591 343 50 9
591 732 29 7
591 386 17 6
591 99 33 9
591 593 54 11
591 400 60 17
591 722 74 21
591 628 47 12
591 925 66 15
590 200 23 5
590 233 16 5
590 616 63 12
590 890 8 3
590 723 38 12
589 654 15 4
589 881 15 5
589 235 41 12
589 942 61 16
589 123 47 12
589 827 39 11
589 499 62 16
588 111 29 7
588 898 12 4
588 156 36 11
588 481 33 12
588 293 53 11
588 934 47 13
588 567 54 13
587 646 73 13
587 737 58 18
587 316 21 7
587 897 18 5
587 278 31 9
586 608 18 5
586 411 4 1
586 715 60 12
586 743 3 1
586 285 22 6
585 676 55 18
585 210 42 10
585 268 25 7
585 623 24 8
585 711 26 6
585 843 16 4
584 215 46 11
584 593 42 10
584 747 33 8
584 27 32 7
584 927 34 8
584 400 48 14
583 49 38 9
583 700 35 8
583 850 27 8
583 416 33 8
583 378 19 5
582 759 48 17
582 787 75 19
582 780 96 21
582 847 27 8
582 969 46 13
582 640 11 3
581 681 51 16
581 55 39 9
581 454 23 7
581 27 35 10
581 834 40 12
581 604 47 11
580 231 34 7
580 782 37 8
580 120 36 9
580 438 33 10
580 951 21 6
580 255 44 13
580 535 61 16
579 364 35 10
579 653 24 7
579 404 32 8
579 436 46 10
579 7 29 6
579 512 55 15
578 610 34 8
578 19 37 10
578 343 15 5
578 732 20 5
577 978 41 10
577 769 42 12
577 594 44 13
577 468 22 6
577 906 29 6
576 393 45 11
576 919 21 7
576 498 64 16
576 718 46 15
576 227 24 8
576 525 36 7
575 92 45 13
575 759 9 2
575 847 37 9
575 341 56 16
574 93 64 15
574 729 31 6
574 153 25 6
574 126 103 21
574 961 105 24
574 204 26 6
574 113 30 10
573 835 20 6
573 83 50 15
573 164 25 7
573 1000 35 8
573 265 17 5
572 923 47 12
572 256 37 12
572 20 25 5
572 549 12 3
572 800 33 9
571 511 62 12
571 825 45 12
571 283 69 13
571 863 34 7
571 887 21 7
571 985 26 5
570 966 4 1
570 609 9 2
570 350 34 9
570 964 38 13
570 773 37 11
569 425 28 8
569 86 34 7
569 179 51 10
569 206 55 11
569 406 6 2
569 1 27 8
568 726 51 19
568 448 58 13
568 194 42 12
568 605 43 11
568 407 63 15
568 108 66 18
568 938 27 9
568 437 27 9
568 545 41 12
567 588 42 10
567 293 28 8
567 934 27 9
567 26 28 9
567 512 32 8
567 62 61 17
566 433 50 12
566 389 5 2
566 301 9 3
566 323 78 16
566 501 59 19
565 403 70 15
565 529 56 19
565 807 30 8
565 724 44 16
565 755 65 20
565 186 27 7
565 283 41 13
564 458 49 12
564 330 36 11
564 217 45 9
564 785 34 6
564 254 42 9
564 881 38 8
563 730 34 12
563 410 36 11
563 305 12 4
563 807 57 13
563 63 16 6
563 755 64 13
562 840 44 13
562 821 23 8
562 412 2 1
562 949 63 17
562 861 62 13
562 70 65 20
561 753 16 4
561 35 60 11
561 632 31 8
561 912 44 10
561 223 39 9
560 998 37 12
560 630 42 11
560 904 41 11
560 816 38 10
560 795 36 9
560 959 43 14
560 81 63 13
559 177 60 13
559 229 38 12
559 128 55 11
559 690 31 10
559 351 11 3
559 879 53 15
558 892 20 6
558 217 20 6
558 110 23 7
558 793 19 4
558 235 35 9
558 988 18 5
557 936 15 4
557 157 99 24
557 661 26 7
557 77 70 15
557 71 28 9
556 263 35 9
556 796 33 10
556 893 48 13
556 878 23 6
556 451 17 5
556 477 30 11
556 519 15 4
555 337 51 12
555 152 20 5
555 544 19 4
555 308 52 14
555 476 40 9
555 28 55 10
554 739 20 6
554 398 40 8
554 369 68 19
554 656 17 5
554 296 29 7
554 625 45 10
553 766 31 8
553 620 25 8
553 862 21 6
553 456 29 8
553 685 58 13
553 296 51 15
553 377 57 12
553 908 65 16
552 778 55 13
552 745 6 2
552 79 57 20
552 61 39 11
552 728 31 8
552 115 39 12
552 709 21 5
551 877 26 5
551 969 15 5
551 916 38 10
551 697 66 17
551 748 68 12
551 362 47 10
550 801 22 6
550 298 3 1
550 611 16 4
550 727 10 3
549 572 11 3
549 20 22 6
549 800 49 12
549 621 37 12
549 996 36 8
549 199 40 12
548 987 53 12
548 984 32 10
548 754 25 9
547 167 38 11
547 273 37 13
547 137 71 17
547 675 43 10
547 271 54 11
547 348 36 12
547 702 51 12
547 692 44 11
546 117 17 4
546 324 33 10
546 325 28 7
546 382 41 9
546 903 10 4
545 568 46 11
545 437 18 5
545 108 54 12
545 622 52 13
545 921 31 7
545 195 45 12
544 555 16 4
544 780 79 15
544 152 27 6
544 640 73 23
544 476 27 6
544 920 31 7
544 808 48 13
543 497 48 13
543 758 14 3
543 514 12 3
543 937 65 17
543 659 19 5
542 626 26 9
542 484 41 11
542 275 39 9
542 116 21 6
542 503 42 9
541 756 109 29
541 962 85 18
541 248 32 9
541 148 48 15
541 616 111 25
541 200 33 8
541 233 35 9
541 766 227 51
541 859 167 34
540 746 21 6
540 456 37 9
540 685 38 8
540 851 22 7
540 470 40 8
539 783 11 3
539 750 3 1
539 808 24 8
539 246 41 10
539 763 37 10
539 522 17 4
538 349 32 10
538 109 19 6
538 617 10 3
538 677 13 4
538 645 24 6
537 39 42 11
537 271 24 6
537 348 61 17
537 387 31 6
537 643 30 8
537 637 38 11
537 274 65 14
537 329 46 16
537 979 68 14
536 160 47 13
536 431 63 14
536 976 41 15
536 829 52 11
536 844 63 16
536 706 33 11
536 279 30 9
536 635 25 8
536 133 35 11
536 249 36 7
535 951 42 11
535 236 24 7
535 580 45 14
535 255 30 9
535 789 35 10
535 655 36 9
534 321 42 10
534 777 31 8
534 54 33 8
534 532 11 3
534 719 37 10
533 615 26 7
533 838 36 9
533 258 33 12
533 832 64 16
533 943 33 8
533 380 53 13
533 306 66 16
532 54 45 11
532 719 32 11
532 534 9 3
532 253 45 12
532 672 16 4
532 237 37 9
531 197 36 10
531 895 44 10
531 932 33 8
531 946 31 10
531 681 48 11
531 708 32 10
531 55 29 7
531 221 28 8
530 177 42 12
530 939 7 2
530 229 19 5
530 879 46 12
530 873 58 20
529 25 71 17
529 184 45 15
529 158 47 10
529 822 49 10
529 403 55 14
529 730 59 15
529 915 45 14
529 565 55 14
529 807 48 13
528 705 57 17
528 182 34 12
528 454 92 17
528 170 42 12
528 153 21 4
528 93 55 12
528 729 9 3
528 363 46 14
528 834 66 20
527 414 23 6
527 164 74 16
527 299 48 14
527 425 56 14
527 703 48 10
527 86 67 19
527 65 62 18
527 826 54 12
526 75 40 10
526 817 10 4
526 705 27 6
526 182 16 5
525 576 32 7
525 227 21 6
525 94 10 3
525 508 6 2
525 650 3 1
525 399 19 4
525 718 55 15
524 599 63 13
524 131 34 6
524 87 19 7
524 769 26 8
524 978 22 5
523 694 28 9
523 999 35 8
523 744 23 8
523 631 32 8
523 857 37 10
523 860 16 5
523 334 44 10
522 783 14 3
522 895 11 3
522 539 14 5
522 763 28 6
522 681 18 4
522 930 23 5
521 206 53 16
521 288 15 4
521 737 66 14
521 892 75 19
521 458 23 6
520 414 143 38
520 83 37 10
520 59 6 2
520 872 75 23
520 355 112 32
520 121 206 65
520 277 22 8
520 178 23 7
519 222 7 2
519 477 28 6
519 556 19 5
519 451 22 6
519 765 22 7
518 975 7 3
518 343 43 12
518 801 17 5
518 260 38 8
517 900 20 6
517 33 11 3
517 267 13 4
517 6 52 15
517 929 42 14
517 866 39 12
517 731 42 11
517 149 56 13
516 277 24 7
516 83 35 8
516 178 33 7
516 205 31 8
516 193 31 7
516 171 18 5
515 502 20 6
515 458 34 8
515 262 28 9
515 330 35 9
514 497 36 13
514 441 37 10
514 543 14 3
514 758 15 4
514 952 45 13
513 175 13 3
513 804 13 3
513 212 16 4
513 146 23 6
513 599 30 7
512 567 36 7
512 26 41 11
512 653 52 13
512 62 62 22
512 679 68 19
512 29 72 16
512 7 43 15
512 579 41 12
511 186 24 7
511 58 24 6
511 734 29 9
511 825 41 9
511 283 31 8
511 571 56 14
510 438 12 4
510 255 36 8
510 120 27 8
510 280 4 1
509 449 5 2
509 180 45 11
509 317 17 5
509 676 33 7
509 612 4 1
508 525 7 2
508 94 6 2
508 399 18 4
508 650 5 2
507 314 35 12
507 833 22 7
507 742 14 4
507 17 32 7
507 941 42 11
507 912 21 6
506 224 10 3
506 842 13 4
506 781 33 10
506 459 22 7
506 718 42 13
505 849 24 5
505 778 18 5
505 745 50 13
505 4 6 2
504 740 51 12
504 447 57 11
504 304 57 10
504 954 53 15
504 819 43 9
504 366 45 9
504 47 42 13
504 636 58 12
503 797 38 10
503 166 28 9
503 948 48 13
503 191 34 9
503 626 33 8
503 51 49 14
503 116 30 8
503 542 40 11
503 111 38 10
503 156 51 13
502 103 15 4
502 458 45 9
502 515 22 4
502 262 29 7
502 462 34 7
501 301 73 21
501 123 62 19
501 566 77 18
501 947 63 16
501 323 19 5
501 335 32 7
501 69 40 13
501 42 33 10
500 767 40 10
500 50 42 11
500 14 31 12
500 837 52 13
500 756 202 38
500 683 35 9
500 770 40 10
499 589 52 16
499 123 60 15
499 947 18 5
499 827 31 9
499 85 27 6
499 352 25 7
498 129 27 6
498 393 71 18
498 480 9 2
498 118 5 2
498 718 43 15
498 576 64 17
497 269 47 13
497 901 67 17
497 514 35 11
497 441 26 9
497 543 35 10
497 963 59 15
497 937 51 14
496 722 46 14
496 444 24 7
496 669 17 5
496 927 43 15
496 400 47 12
495 135 40 9
495 58 27 8
495 450 36 11
495 394 22 7
495 734 23 5
495 716 69 14
494 162 21 7
494 287 45 11
494 396 23 5
494 899 28 8
494 970 50 14
494 297 19 6
494 4 48 11
493 704 51 14
493 958 23 6
493 174 18 5
493 125 44 12
493 818 9 3
492 854 73 15
492 907 40 10
492 202 4 2
492 622 22 6
491 172 54 18
491 388 48 12
491 820 40 12
491 698 45 12
491 448 42 12
491 720 29 7
490 964 29 6
490 138 31 8
490 127 10 4
490 9 29 8
490 44 30 9
490 940 39 10
489 909 31 7
489 106 74 16
489 855 46 15
489 395 63 15
489 368 20 7
489 644 53 11
489 933 49 15
488 377 17 5
488 369 43 14
488 625 9 2
487 636 29 7
487 700 46 11
487 47 21 6
487 469 66 18
487 405 36 8
486 446 37 10
486 665 31 9
486 214 66 15
486 124 47 12
486 66 43 9
486 949 62 20
486 699 31 7
485 227 40 10
485 187 38 9
485 74 29 9
485 94 35 8
485 256 25 5
485 923 31 11
484 734 76 16
484 716 45 10
484 191 30 10
484 825 66 21
484 626 27 6
484 985 59 19
484 275 51 14
484 542 41 8
483 980 16 4
483 848 48 11
483 662 14 4
483 337 12 4
483 809 35 8
483 308 42 11
482 179 38 10
482 837 36 9
482 206 43 11
482 103 47 13
482 475 42 11
482 770 32 9
481 156 47 13
481 830 17 4
481 588 37 10
481 922 11 3
481 293 19 7
481 435 20 5
480 498 8 2
480 97 28 7
480 118 3 1
480 873 58 11
480 842 43 11
480 718 44 12
480 224 36 12
479 755 58 17
479 863 22 6
479 283 48 18
479 694 26 8
479 857 38 8
479 999 25 6
478 996 18 5
478 819 13 3
478 49 34 7
478 199 10 2
477 38 46 10
477 402 24 7
477 263 31 7
477 420 32 8
477 218 18 4
477 222 24 6
477 556 36 8
477 519 29 7
476 544 30 7
476 555 28 10
476 28 34 11
476 34 25 6
476 357 8 2
476 920 13 4
475 482 37 8
475 770 31 7
475 356 32 7
475 103 34 11
475 198 34 8
475 462 30 7
474 836 45 9
474 170 24 9
474 824 36 10
474 126 67 20
474 93 17 4
473 419 77 17
473 114 36 10
473 295 81 18
473 155 24 6
473 856 4 2
473 761 21 5
472 997 21 7
472 894 18 4
472 384 56 13
472 54 19 4
472 682 18 5
472 66 56 14
472 619 21 6
471 925 69 16
471 722 86 21
471 952 57 15
471 758 31 9
471 444 104 20
471 659 37 12
471 80 146 47
470 409 13 4
470 746 26 8
470 851 30 8
470 540 32 7
470 733 31 7
470 21 32 9
469 455 150 30
469 339 118 33
469 636 71 20
469 487 73 16
469 32 43 12
469 405 85 20
468 769 59 15
468 89 44 9
468 577 15 5
468 207 33 9
468 906 16 4
467 927 71 20
467 813 55 14
467 669 66 15
467 80 2 1
467 327 15 5
466 375 51 16
466 333 17 4
466 322 45 11
466 345 53 10
466 287 68 15
465 888 27 7
465 281 17 5
465 431 30 6
465 316 50 15
465 190 26 5
464 82 12 4
464 84 27 8
464 306 57 13
464 127 34 8
464 913 25 6
463 633 20 5
463 244 19 4
463 667 48 13
463 372 8 3
463 104 16 4
462 475 32 7
462 103 35 7
462 502 34 7
462 262 32 6
462 198 47 10
462 252 36 12
461 793 47 12
461 677 50 12
461 617 43 11
461 109 48 12
461 172 44 12
461 651 73 17
461 235 59 15
461 942 81 17
460 207 24 7
460 858 3 1
460 990 36 7
460 397 25 6
460 272 25 6
460 130 32 10
459 506 20 7
459 718 47 15
459 781 44 11
459 189 30 10
459 117 34 8
459 630 53 10
459 998 37 9
459 382 42 10
458 502 47 10
458 206 66 18
458 103 43 12
458 521 24 7
458 892 79 18
458 330 47 15
458 515 32 9
458 564 41 11
458 217 72 15
457 827 31 9
457 942 5 2
457 143 45 14
457 651 19 4
456 216 35 8
456 751 47 10
456 746 46 12
456 540 42 8
456 862 35 9
456 553 27 10
456 685 43 11
455 377 120 30
455 369 50 16
455 931 43 11
455 469 120 40
455 954 25 7
455 339 15 5
454 681 41 12
454 930 46 10
454 705 71 17
454 528 82 22
454 581 23 7
454 834 57 11
453 208 18 7
453 284 39 11
453 779 80 19
453 984 69 17
453 211 15 5
452 921 25 7
452 401 25 8
452 195 27 7
452 202 32 12
452 774 41 9
451 556 15 5
451 878 19 5
451 670 31 9
451 519 21 5
451 765 24 5
450 792 50 13
450 667 69 14
450 968 42 15
450 716 52 12
450 495 42 10
450 394 28 6
449 317 21 4
449 736 40 11
449 509 5 2
449 688 28 6
449 612 7 2
448 820 26 8
448 491 41 10
448 902 21 7
448 726 15 4
448 568 54 14
448 720 35 9
448 194 49 12
447 369 57 13
447 598 17 3
447 740 35 10
447 931 26 8
447 304 22 7
447 504 56 12
446 665 21 6
446 486 29 7
446 124 34 8
446 384 51 13
445 278 69 20
445 664 34 9
445 965 12 4
445 11 9 3
445 677 38 9
445 645 21 7
444 722 38 13
444 496 22 6
444 669 32 6
444 471 80 22
444 80 98 23
443 843 87 28
443 289 78 19
443 345 99 26
443 79 51 14
443 958 38 10
443 90 36 9
442 112 9 3
442 358 20 6
442 428 17 4
442 212 44 9
442 175 42 9
442 258 22 7
442 804 44 12
441 674 49 11
441 269 61 15
441 952 51 12
441 628 76 17
441 497 34 9
441 514 36 10
440 352 25 5
440 290 32 10
440 143 10 3
440 163 44 10
440 658 47 9
440 251 67 13
439 738 19 5
439 813 20 4
439 344 4 1
439 327 38 10
439 37 14 4
438 580 29 9
438 120 26 5
438 255 38 9
438 510 11 3
437 136 45 13
437 622 63 13
437 938 16 6
437 568 33 9
437 545 19 5
436 176 15 4
436 364 29 9
436 2 30 6
436 579 46 11
436 404 41 10
436 876 36 11
436 302 38 9
436 154 46 12
435 922 7 2
435 5 26 6
435 481 19 5
435 293 17 6
435 62 36 10
434 365 25 7
434 266 24 7
434 181 31 9
434 248 25 6
434 148 50 9
433 262 56 11
433 252 11 3
433 107 45 11
433 389 60 14
433 566 44 14
433 756 87 22
433 323 84 17
432 324 50 12
432 308 44 12
432 28 24 6
432 325 43 14
432 260 56 14
432 34 26 6
432 981 18 5
431 891 37 9
431 281 34 8
431 465 33 7
431 536 56 16
431 976 27 7
431 190 27 9
431 844 34 7
430 831 55 12
430 280 62 19
430 340 27 5
430 854 17 6
430 46 23 6
429 741 24 7
429 29 19 5
429 618 20 5
429 358 28 8
429 838 32 6
429 428 11 3
429 112 16 6
428 429 13 4
428 112 11 3
428 442 14 5
428 838 24 7
428 615 27 8
428 258 27 8
427 274 40 12
427 695 51 13
427 92 12 3
427 759 47 12
427 960 35 8
427 787 47 12
426 782 66 15
426 951 31 7
426 236 67 16
426 890 14 4
426 233 26 8
426 148 40 9
425 527 61 16
425 164 35 9
425 265 38 12
425 1 41 11
425 86 22 5
425 569 39 8
424 647 72 19
424 309 63 16
424 264 67 15
424 875 63 18
424 408 30 9
424 98 40 12
424 633 57 15
424 104 47 13
423 712 19 5
423 811 21 5
423 183 23 7
423 746 26 7
423 409 14 4
422 861 27 8
422 139 10 2
422 686 21 6
422 259 31 8
422 815 52 10
422 322 64 13
421 684 49 12
421 822 16 5
421 232 15 3
421 173 21 5
421 240 28 7
420 192 45 12
420 38 23 7
420 326 42 14
420 477 28 8
420 773 68 19
420 101 94 21
420 218 29 10
419 392 36 8
419 91 9 3
419 142 8 2
419 784 24 7
419 114 39 13
419 473 74 16
419 119 54 14
419 295 86 19
418 965 12 4
418 201 14 3
418 664 9 3
418 102 24 6
417 761 23 6
417 856 17 4
417 155 22 6
417 12 33 7
417 286 11 4
416 390 52 13
416 850 45 9
416 405 39 11
416 583 33 8
416 378 30 7
416 901 60 16
416 32 92 21
416 963 72 13
416 346 52 14
415 760 19 5
415 51 16 5
415 678 25 6
415 156 32 8
415 830 50 11
414 121 360 107
414 520 180 37
414 299 75 19
414 83 123 24
414 527 20 6
414 835 42 12
414 164 54 18
413 991 30 9
413 695 41 12
413 670 19 5
413 775 28 9
413 92 33 9
413 905 7 3
412 749 53 13
412 840 39 10
412 821 22 8
412 562 2 1
411 608 18 5
411 627 23 7
411 743 5 1
411 586 4 2
410 686 25 8
410 915 50 11
410 918 14 3
410 730 50 11
410 791 43 16
410 305 27 7
410 563 43 11
409 423 15 4
409 746 25 8
409 183 29 7
409 470 10 3
409 733 26 7
408 624 59 14
408 875 60 18
408 424 34 8
408 98 35 11
408 992 25 6
407 726 34 9
407 371 25 8
407 137 66 14
407 73 17 5
407 108 85 21
407 568 46 13
406 1 23 8
406 569 5 2
406 381 21 4
406 206 51 11
406 288 59 13
405 700 38 11
405 487 33 9
405 378 15 4
405 416 40 12
405 469 75 22
405 32 77 18
404 579 27 8
404 436 39 12
404 876 20 6
404 874 17 5
404 7 21 6
403 822 43 13
403 232 26 10
403 529 70 20
403 768 12 4
403 565 61 17
403 792 20 7
403 724 16 5
402 796 16 4
402 263 4 2
402 38 27 8
402 477 25 7
401 622 14 4
401 921 24 7
401 202 19 4
401 452 23 9
400 593 64 14
400 591 76 17
400 584 55 13
400 722 53 13
400 927 23 6
400 496 40 12
399 525 20 6
399 718 60 12
399 94 19 6
399 630 64 14
399 508 20 5
399 650 17 4
399 795 92 19
399 923 33 7
399 800 68 16
398 739 54 11
398 554 45 9
398 656 25 8
398 752 26 6
398 20 53 19
398 159 28 7
398 256 62 20
397 207 24 6
397 367 28 6
397 671 22 6
397 272 5 1
397 460 23 7
396 162 15 4
396 956 17 4
396 494 18 5
396 899 21 7
395 106 79 22
395 132 38 12
395 489 55 21
395 368 62 12
395 35 45 15
395 314 22 5
395 17 40 12
394 792 45 9
394 724 34 11
394 135 34 10
394 495 25 6
394 450 21 6
393 347 52 11
393 43 49 12
393 238 46 14
393 129 59 15
393 498 58 18
393 576 42 11
393 919 45 11
393 945 44 11
392 839 20 7
392 657 20 6
392 860 41 10
392 983 44 12
392 338 28 7
392 91 28 8
392 419 30 7
392 119 82 17
392 239 85 18
391 315 47 16
391 757 24 7
391 652 39 10
391 151 35 10
391 134 24 7
391 126 53 12
390 147 38 10
390 72 37 8
390 850 18 4
390 416 48 10
390 901 25 6
390 40 30 7
389 107 6 2
389 433 52 12
389 566 4 2
389 301 12 2
389 597 7 2
388 109 56 15
388 172 51 15
388 853 32 8
388 370 45 10
388 491 38 12
388 820 32 9
387 8 42 9
387 271 7 2
387 39 20 6
387 537 26 7
387 643 3 1
386 732 13 3
386 99 19 5
386 591 21 4
385 48 28 8
385 594 70 16
385 130 40 13
385 354 135 36
385 35 58 12
385 141 106 18
384 121 265 62
384 777 76 23
384 997 54 10
384 749 138 36
384 665 53 18
384 446 44 11
384 472 61 15
384 124 25 7
384 66 42 11
383 247 57 15
383 884 41 10
383 638 38 14
383 353 38 9
383 319 11 3
383 95 33 8
383 282 56 17
382 117 49 10
382 546 38 8
382 998 29 7
382 459 37 8
382 903 33 10
382 904 6 2
382 693 10 3
381 332 44 14
381 1 11 4
381 10 47 10
381 406 15 5
381 288 46 15
380 943 40 10
380 687 37 11
380 533 59 14
380 306 39 9
380 350 43 14
380 82 23 6
379 188 8 2
379 634 27 9
379 760 76 19
379 948 25 7
379 51 71 19
378 700 40 9
378 405 11 4
378 416 33 8
378 583 21 5
377 766 54 18
377 553 62 14
377 908 16 5
377 488 17 5
377 625 18 6
377 455 121 31
377 369 76 16
376 701 39 9
376 696 41 12
376 140 12 3
376 736 74 19
376 160 44 14
376 891 39 12
376 976 42 13
375 259 26 10
375 180 38 9
375 668 9 3
375 815 12 3
375 322 49 10
375 466 51 16
375 333 57 15
375 986 48 12
374 941 29 8
374 689 18 5
374 276 8 2
374 284 8 3
373 141 14 3
373 632 28 10
373 354 44 10
373 868 36 12
373 754 63 15
372 98 36 11
372 104 11 3
372 463 12 3
372 667 36 10
372 772 55 11
371 282 45 11
371 902 41 10
371 641 16 4
371 713 23 6
371 726 30 9
371 407 29 8
371 73 27 8
370 853 49 13
370 388 39 12
370 820 9 3
370 282 46 10
370 902 15 4
369 488 54 14
369 377 73 14
369 625 53 14
369 554 52 19
369 656 52 17
369 598 53 18
369 447 47 16
369 455 52 15
369 931 49 12
368 489 22 7
368 395 51 15
368 314 40 15
368 644 44 10
368 812 21 5
367 89 37 11
367 673 42 11
367 30 44 10
367 207 22 6
367 397 22 8
367 671 13 4
367 710 31 8
367 294 17 5
366 504 46 10
366 819 53 13
366 47 27 8
366 49 29 7
366 700 3 1
365 42 31 6
365 962 46 9
365 248 38 11
365 434 21 6
365 266 24 6
365 69 12 3
364 917 36 9
364 660 12 4
364 653 18 6
364 579 32 9
364 361 10 3
364 176 26 7
364 436 35 8
363 528 56 13
363 834 41 12
363 738 8 2
363 153 32 11
363 204 55 11
363 225 13 3
362 969 45 11
362 640 50 18
362 551 35 13
362 246 64 16
362 748 60 13
362 22 21 6
361 967 33 10
361 917 27 8
361 2 22 7
361 176 19 4
361 364 13 3
360 613 26 6
360 195 41 14
360 794 7 2
360 177 33 9
360 774 35 11
360 939 36 12
359 873 28 8
359 879 21 5
359 848 23 6
359 100 20 6
359 196 25 6
359 67 17 4
358 679 35 8
358 741 21 6
358 429 29 6
358 212 51 11
358 112 18 4
358 442 19 6
357 476 8 2
357 920 15 4
357 34 25 7
357 950 13 4
357 607 32 8
356 475 22 8
356 770 22 7
356 683 15 4
356 331 4 1
356 198 26 7
355 121 122 26
355 520 146 28
355 96 48 10
355 872 59 15
355 935 30 9
355 701 40 11
355 994 24 7
354 87 226 80
354 594 179 50
354 385 125 30
354 141 56 12
354 373 37 9
354 754 55 14
354 987 52 16
353 638 32 8
353 383 40 11
353 282 62 14
353 289 49 13
353 320 37 13
352 499 34 9
352 85 23 5
352 827 43 9
352 143 24 8
352 440 25 7
352 290 19 5
351 559 11 3
351 690 34 8
351 596 36 8
351 879 45 15
351 980 28 8
351 662 26 9
350 687 40 11
350 609 31 10
350 570 33 9
350 380 45 13
350 82 38 10
350 964 29 8
350 84 9 3
349 105 32 11
349 645 35 10
349 538 30 8
349 884 10 3
349 319 40 9
349 95 57 14
349 853 62 12
349 109 40 13
348 547 44 10
348 692 8 3
348 271 49 14
348 537 53 12
348 128 51 15
348 979 52 13
347 854 75 20
347 43 40 10
347 907 32 8
347 393 50 13
347 129 32 8
346 416 63 18
346 963 12 4
346 32 104 34
346 219 23 6
345 333 66 14
345 466 49 14
345 623 84 17
345 843 84 23
345 287 69 17
345 297 34 9
345 707 27 6
345 869 25 8
345 79 91 20
345 443 93 24
344 439 4 1
344 37 16 5
344 225 11 4
344 738 14 4
343 975 41 12
343 518 40 12
343 19 37 11
343 801 44 11
343 611 44 11
343 593 50 10
343 578 19 5
343 591 48 13
343 732 24 7
342 772 43 12
342 627 63 17
342 649 8 3
342 928 63 14
342 886 53 12
342 122 41 10
342 76 18 5
341 905 44 8
341 92 63 14
341 575 56 12
341 161 25 8
341 972 20 5
341 847 45 14
341 871 36 12
340 953 35 7
340 831 35 10
340 136 68 19
340 622 84 16
340 854 37 10
340 430 19 6
339 469 108 29
339 636 46 16
339 954 30 8
339 455 15 5
338 392 33 9
338 213 38 8
338 983 18 5
338 91 30 8
338 784 32 8
337 596 30 9
337 662 16 4
337 152 66 16
337 483 11 3
337 555 53 16
337 308 44 8
336 704 80 16
336 713 90 21
336 73 64 21
336 125 17 4
336 137 37 10
336 167 22 8
335 756 10 3
335 323 19 6
335 501 34 7
335 962 41 8
335 42 35 11
334 857 30 10
334 523 35 8
334 606 24 8
334 845 35 9
334 860 34 8
334 802 35 9
334 983 41 11
334 839 17 4
333 375 67 16
333 986 38 10
333 210 27 6
333 466 21 5
333 623 27 9
333 345 57 15
332 381 54 12
332 10 50 12
332 786 45 13
332 288 17 5
332 737 40 9
331 683 15 4
331 198 29 7
331 356 4 1
330 458 44 12
330 564 33 10
330 515 37 9
330 262 31 9
330 107 32 10
330 254 16 6
329 537 48 12
329 979 31 9
329 274 28 7
329 270 55 12
329 241 17 4
328 698 33 9
328 52 21 8
328 720 64 14
328 150 48 11
328 136 55 13
328 3 49 12
328 250 34 9
327 439 43 11
327 37 33 8
327 813 49 11
327 261 41 10
327 80 15 5
327 467 21 4
326 286 67 18
326 192 26 7
326 896 49 12
326 45 37 10
326 603 25 7
326 773 59 18
326 420 54 12
325 546 33 8
325 324 7 2
325 903 33 8
325 260 13 5
325 432 46 11
324 809 32 8
324 145 45 15
324 781 42 14
324 117 42 11
324 546 38 11
324 308 46 14
324 432 58 15
324 325 8 2
323 433 59 20
323 756 22 7
323 566 62 21
323 335 22 5
323 501 15 4
322 686 74 20
322 375 45 9
322 422 54 17
322 815 31 10
322 791 38 11
322 882 45 10
322 466 53 14
322 287 43 13
321 777 48 12
321 534 44 12
321 910 14 4
321 719 9 2
320 289 63 15
320 353 46 11
320 958 64 17
320 282 30 7
320 174 55 16
320 704 26 7
319 884 26 7
319 349 32 8
319 95 26 7
319 383 13 3
318 818 47 11
318 291 5 2
318 810 12 4
318 220 12 4
317 449 17 5
317 601 44 12
317 736 17 5
317 180 48 15
317 509 21 5
316 717 70 16
316 646 56 14
316 888 63 11
316 465 41 11
316 190 44 14
316 102 53 12
316 587 22 6
316 897 33 8
316 664 35 11
315 771 47 13
315 933 35 12
315 230 55 15
315 803 38 11
315 644 55 18
315 36 55 16
315 652 36 10
315 391 57 14
315 757 60 11
314 368 42 12
314 395 20 5
314 17 22 6
314 812 38 14
314 833 33 10
314 507 36 9
313 223 6 2
313 68 27 8
313 868 42 10
312 616 14 5
312 16 8 3
312 973 4 2
312 789 59 13
312 859 52 17
312 751 65 18
311 121 70 14
311 749 63 17
311 840 18 5
311 70 73 18
311 776 69 21
310 70 84 19
310 601 91 20
310 764 8 2
310 861 16 4
310 259 16 4
310 180 55 17
309 865 29 6
309 647 35 8
309 264 35 8
309 424 59 14
308 337 35 10
308 483 39 11
308 809 19 5
308 555 61 13
308 324 44 12
308 432 43 10
308 28 30 9
307 955 34 8
307 36 30 7
307 151 31 9
307 941 42 10
307 276 31 8
307 134 59 17
307 779 77 20
306 832 62 13
306 533 59 22
306 380 51 13
306 82 44 11
306 131 39 13
306 769 29 9
306 464 47 13
306 913 57 16
306 89 65 13
305 410 28 7
305 563 11 4
305 63 20 6
305 791 42 11
305 971 24 6
304 931 6 2
304 447 29 7
304 504 42 13
304 954 16 5
303 795 60 17
303 621 51 15
303 269 31 7
303 674 32 11
303 680 55 11
303 147 28 9
303 40 38 13
302 213 32 8
302 2 26 7
302 114 16 4
302 761 29 7
302 436 30 9
302 154 27 6
301 566 10 3
301 389 11 2
301 597 12 3
301 501 82 15
301 123 19 4
300 22 35 8
300 799 26 7
300 836 31 9
300 867 20 6
300 748 6 2
299 414 76 17
299 50 52 13
299 703 24 5
299 527 58 14
299 846 32 9
299 826 28 7
298 981 30 9
298 801 21 5
298 550 2 1
298 932 20 7
298 926 13 4
298 727 10 2
297 287 48 15
297 345 39 11
297 494 20 7
297 707 14 4
297 849 16 5
297 4 31 9
296 553 47 14
296 685 58 13
296 739 26 7
296 908 18 4
296 554 23 7
296 625 19 6
295 885 16 4
295 419 67 20
295 119 39 9
295 473 64 20
295 155 59 20
295 243 49 11
294 367 21 5
294 710 16 5
294 671 13 4
294 106 19 5
294 132 52 10
293 481 26 5
293 435 19 5
293 588 48 13
293 567 28 7
293 62 38 12
292 222 29 8
292 765 28 7
292 101 78 20
292 218 38 8
292 13 85 17
292 165 67 23
292 226 35 10
292 982 60 18
291 90 62 16
291 818 53 14
291 661 29 8
291 220 15 3
291 318 4 2
290 85 9 3
290 352 14 4
290 602 39 9
290 440 29 10
290 163 28 8
289 257 17 4
289 638 40 10
289 843 55 17
289 443 68 19
289 958 90 25
289 353 46 10
289 320 75 15
288 381 45 15
288 406 48 15
288 206 70 17
288 332 20 5
288 521 14 5
288 737 46 13
287 322 40 12
287 466 74 14
287 882 8 3
287 162 20 7
287 494 37 11
287 297 59 11
287 345 69 20
286 154 25 8
286 761 20 6
286 417 14 4
286 876 47 14
286 896 76 21
286 12 40 8
286 192 41 10
286 326 66 13
285 743 21 7
285 586 24 6
285 627 40 8
285 928 7 3
285 715 35 7
284 374 9 2
284 276 7 2
284 689 18 6
284 208 22 7
284 779 73 17
284 453 49 9
283 565 38 13
283 186 42 9
283 511 28 7
283 755 60 13
283 571 72 14
283 863 68 14
283 479 71 13
282 353 54 15
282 383 76 16
282 95 53 16
282 853 54 16
282 320 23 7
282 704 37 11
282 713 42 8
282 371 39 12
282 370 50 11
282 902 42 13
281 888 23 6
281 891 27 5
281 465 14 4
281 431 30 8
280 831 39 13
280 120 29 9
280 510 5 2
280 430 73 19
280 46 81 19
280 255 35 8
280 648 81 17
279 536 29 8
279 706 24 6
279 889 13 4
279 635 2 1
279 714 9 3
278 587 30 10
278 737 52 11
278 897 30 7
278 445 78 15
278 664 52 11
278 677 89 17
278 793 71 16
278 788 14 3
278 110 43 10
277 520 27 7
277 178 39 8
277 516 24 8
277 83 21 5
276 941 36 9
276 307 37 8
276 374 7 2
276 779 86 21
276 284 7 2
275 484 48 10
275 985 58 15
275 887 56 11
275 542 32 9
275 116 56 14
275 78 28 8
275 762 66 14
274 637 64 17
274 537 60 15
274 329 27 8
274 695 76 14
274 427 42 13
274 241 20 4
274 960 22 5
273 810 33 8
273 167 19 5
273 547 40 9
273 220 25 7
273 675 14 4
272 671 26 7
272 397 6 2
272 460 26 8
272 132 32 10
272 130 28 10
271 675 56 15
271 547 40 14
271 8 31 10
271 387 8 2
271 643 5 2
271 537 28 8
271 348 46 12
270 329 60 11
270 979 56 16
270 690 25 7
270 241 58 14
270 780 36 11
270 152 48 15
270 596 33 9
269 303 33 7
269 40 42 8
269 497 48 12
269 901 48 9
269 441 49 11
269 674 38 8
268 889 21 6
268 924 19 5
268 676 71 18
268 706 39 10
268 585 28 7
268 711 25 5
268 592 27 9
268 642 30 7
267 900 15 4
267 165 41 10
267 33 6 2
267 517 15 4
267 916 45 14
267 731 40 8
266 602 22 6
266 163 34 11
266 69 27 7
266 365 22 7
266 181 42 9
266 434 26 9
265 573 23 6
265 164 15 4
265 1000 30 9
265 1 40 9
265 425 35 10
264 865 19 5
264 169 6 2
264 309 42 10
264 424 67 17
264 237 68 16
264 633 88 18
263 402 5 2
263 796 16 4
263 556 37 9
263 477 26 7
262 502 34 10
262 462 24 7
262 107 36 9
262 515 28 7
262 330 32 7
262 433 41 10
262 252 43 12
261 225 27 7
261 204 53 10
261 37 24 7
261 113 70 19
261 23 87 29
261 80 61 18
261 327 42 13
260 903 25 7
260 325 17 4
260 432 47 11
260 981 53 15
260 975 33 9
260 823 23 6
260 801 44 12
260 518 36 10
259 764 20 5
259 310 14 4
259 139 22 6
259 422 29 7
259 375 29 9
259 180 53 12
259 668 30 8
259 815 28 6
258 428 28 7
258 615 15 4
258 442 25 6
258 804 32 9
258 533 49 9
258 832 57 12
257 592 28 6
257 843 64 13
257 711 34 10
257 638 34 9
257 289 20 5
256 74 50 15
256 159 74 14
256 398 78 19
256 485 23 5
256 923 33 8
256 20 31 9
256 572 43 9
255 438 37 9
255 510 32 10
255 580 60 12
255 535 34 8
255 280 30 9
255 655 35 8
255 648 80 20
254 330 18 5
254 564 50 12
254 881 43 11
254 107 22 7
254 597 17 5
254 123 38 10
253 910 14 3
253 719 8 3
253 169 32 7
253 532 48 9
253 237 45 15
252 198 32 11
252 462 41 10
252 756 105 27
252 433 10 4
252 262 52 10
251 440 66 13
251 658 40 13
251 143 63 15
251 250 43 13
251 88 59 13
251 120 45 11
251 41 38 9
251 231 42 10
250 203 74 19
250 52 59 15
250 143 85 23
250 251 60 14
250 88 54 16
250 3 18 4
250 328 46 12
249 536 36 9
249 635 8 2
249 714 6 2
249 133 41 12
249 642 23 7
248 962 46 14
248 365 43 9
248 434 22 7
248 541 31 9
248 148 59 13
247 209 18 4
247 105 48 12
247 642 45 11
247 638 47 13
247 884 43 12
247 383 51 12
246 640 74 21
246 808 43 12
246 362 67 15
246 539 41 10
246 22 71 13
246 75 61 17
246 763 27 7
246 705 67 15
245 144 4 1
245 887 28 10
245 606 40 9
245 845 49 12
245 242 43 11
245 78 15 4
244 237 50 14
244 805 43 13
244 633 16 6
244 463 17 4
244 240 60 11
244 792 82 18
244 667 63 17
243 295 44 12
243 885 45 12
243 157 37 10
243 185 12 3
243 228 25 7
243 796 37 11
243 155 90 20
242 845 33 10
242 802 30 7
242 78 49 13
242 245 47 11
242 944 11 3
242 983 27 8
242 967 13 3
241 329 18 6
241 274 16 5
241 960 26 9
241 780 41 13
241 270 41 12
240 684 58 13
240 805 28 7
240 244 55 16
240 173 35 10
240 421 37 7
240 792 44 9
240 666 35 8
239 860 64 16
239 31 26 6
239 115 42 12
239 392 88 21
239 725 13 3
239 119 28 9
238 790 72 15
238 733 32 8
238 21 54 17
238 945 49 11
238 393 50 12
238 43 47 12
237 169 63 20
237 253 61 12
237 532 39 8
237 672 23 6
237 264 80 20
237 633 53 13
237 244 60 11
237 841 15 4
237 805 27 6
236 426 56 16
236 890 48 15
236 723 43 11
236 951 56 13
236 535 28 6
236 789 29 8
236 16 53 11
235 793 51 11
235 558 37 12
235 988 28 8
235 785 37 9
235 654 33 7
235 589 31 10
235 461 47 12
235 942 48 10
234 702 18 7
234 692 25 7
234 128 42 9
234 721 29 10
233 541 35 9
233 890 17 6
233 200 10 3
233 590 17 5
233 426 29 8
233 148 26 7
232 822 17 5
232 173 12 3
232 421 15 4
232 403 34 8
232 768 23 6
231 782 13 4
231 120 40 11
231 580 26 8
231 251 49 11
231 41 13 4
230 149 62 15
230 697 48 11
230 867 35 10
230 771 46 15
230 315 59 13
230 824 41 9
230 803 13 4
229 530 18 5
229 177 26 6
229 879 48 11
229 559 46 13
228 185 21 5
228 56 29 10
228 243 22 7
228 796 54 14
228 893 38 10
228 977 15 4
227 919 21 6
227 187 15 4
227 94 19 6
227 485 41 10
227 576 23 8
227 525 18 5
226 765 28 8
226 972 37 11
226 161 32 9
226 292 30 7
226 982 39 11
225 738 15 3
225 344 14 3
225 363 14 3
225 37 17 4
225 204 46 14
225 261 31 8
224 480 44 12
224 718 49 10
224 842 9 3
224 506 8 3
223 561 32 8
223 632 42 11
223 912 31 8
223 868 37 9
223 313 5 2
223 689 52 13
223 68 33 10
222 477 19 6
222 519 9 2
222 218 18 6
222 292 31 10
222 765 25 7
221 215 27 8
221 708 35 8
221 747 9 3
221 55 8 2
221 531 24 6
220 291 15 3
220 318 13 4
220 810 22 6
220 661 32 8
220 71 32 11
220 273 24 7
220 675 41 9
219 963 32 8
219 937 17 5
219 659 69 21
219 80 332 61
219 346 23 6
219 23 470 105
219 984 758 173
219 32 150 28
218 477 18 4
218 222 17 5
218 420 36 10
218 101 62 19
218 292 39 7
217 458 53 15
217 988 17 4
217 558 20 6
217 892 17 4
217 564 38 11
217 785 38 8
216 789 73 17
216 751 30 8
216 811 64 13
216 456 34 7
216 746 39 12
215 611 28 9
215 221 31 7
215 708 14 4
215 747 27 7
215 593 42 10
215 584 40 11
214 749 27 6
214 665 46 14
214 486 57 18
214 821 28 10
214 949 66 16
213 967 43 11
213 983 46 13
213 338 37 7
213 2 18 4
213 302 27 6
213 114 26 8
213 784 23 7
212 678 182 55
212 62 106 36
212 679 79 22
212 358 57 12
212 442 42 12
212 87 119 30
212 175 18 5
212 513 18 4
212 599 35 11
211 208 19 7
211 57 43 9
211 453 22 6
211 984 65 15
210 676 42 14
210 585 50 12
210 623 26 7
210 986 26 5
210 333 27 6
209 133 12 4
209 642 34 13
209 105 41 10
209 247 16 4
208 689 22 6
208 284 31 6
208 57 37 11
208 453 19 5
208 211 20 6
207 89 47 10
207 468 42 10
207 906 32 8
207 858 27 7
207 460 26 6
207 367 21 5
207 397 22 7
206 569 51 10
206 179 47 12
206 406 47 11
206 288 55 15
206 482 46 10
206 521 68 15
206 458 54 17
206 103 45 10
205 516 30 9
205 168 10 2
205 171 37 8
205 83 41 10
205 1000 13 4
204 153 31 8
204 363 48 14
204 225 45 11
204 574 29 6
204 261 44 12
204 113 23 6
203 651 30 9
203 974 17 4
203 698 26 8
203 52 25 6
203 143 47 12
203 250 61 15
202 401 14 4
202 622 20 6
202 492 6 2
202 452 33 11
202 907 33 9
202 774 77 18
201 418 11 4
201 844 34 12
201 102 23 6
201 105 47 14
201 965 17 4
201 11 23 6
200 541 35 10
200 616 61 21
200 590 16 6
200 233 10 3
199 549 49 10
199 996 20 6
199 621 45 14
199 72 45 9
199 49 34 8
199 478 7 3
198 475 32 9
198 683 37 11
198 331 28 6
198 356 28 8
198 756 126 28
198 252 34 11
198 462 48 11
197 34 25 8
197 981 40 9
197 607 12 3
197 895 42 11
197 531 28 10
197 932 27 8
196 359 20 7
196 67 18 4
196 842 28 6
196 100 20 6
196 781 32 6
195 108 34 8
195 545 51 12
195 921 25 7
195 806 29 9
195 613 43 12
195 360 46 12
195 774 42 10
195 452 31 7
194 448 57 12
194 720 28 6
194 150 5 1
194 568 51 13
194 605 15 5
193 178 27 7
193 516 25 7
193 989 36 8
193 171 33 9
193 717 49 13
193 614 21 5
192 12 12 3
192 286 43 12
192 326 35 7
192 420 46 11
192 38 36 8
191 716 50 13
191 797 9 2
191 484 32 10
191 626 19 5
191 503 40 10
190 465 19 7
190 316 44 12
190 102 27 5
190 431 25 7
190 844 24 7
189 459 30 10
189 117 2 1
189 781 14 3
188 634 23 6
188 715 39 10
188 886 26 8
188 948 28 7
188 379 8 2
187 945 21 5
187 919 11 3
187 227 11 3
187 485 32 11
187 74 46 13
186 135 39 11
186 724 36 10
186 565 28 6
186 58 19 5
186 511 28 6
186 283 33 8
185 157 37 8
185 243 10 3
185 56 46 13
185 228 18 5
184 699 17 5
184 66 39 13
184 25 50 10
184 529 60 14
184 158 30 10
183 648 71 15
183 712 15 6
183 423 21 5
183 790 53 17
183 409 25 7
183 733 15 4
182 817 25 8
182 526 22 5
182 705 25 8
182 528 49 11
182 170 30 8
181 163 57 16
181 266 34 12
181 434 39 12
181 658 63 16
181 41 58 14
181 782 49 12
181 148 28 6
180 601 56 13
180 310 73 19
180 317 54 13
180 509 47 15
180 375 44 12
180 259 44 13
180 676 40 8
180 986 39 8
179 86 31 7
179 65 18 6
179 735 36 7
179 569 55 14
179 206 39 12
179 482 38 12
179 837 32 11
178 59 19 5
178 520 24 5
178 277 38 9
178 989 12 3
178 516 32 8
178 193 27 6
177 794 36 12
177 721 25 5
177 360 46 12
177 128 30 9
177 530 33 10
177 939 45 13
177 559 59 12
177 229 30 7
176 2 14 4
176 361 17 5
176 436 16 4
176 364 22 8
175 442 46 10
175 212 18 4
175 804 1 1
175 513 13 3
174 320 63 15
174 704 53 14
174 493 12 4
174 958 12 3
173 232 14 3
173 240 34 8
173 421 24 6
173 768 16 4
173 666 12 3
172 461 48 10
172 109 38 13
172 388 46 12
172 491 58 17
172 651 75 23
172 698 75 19
171 516 18 5
171 205 29 8
171 193 33 8
171 614 19 5
171 168 40 8
171 880 27 9
171 691 33 8
170 182 23 8
170 836 41 9
170 817 33 7
170 474 25 8
170 528 60 11
170 93 24 7
169 910 22 6
169 253 22 7
169 865 22 5
169 237 75 19
169 264 5 2
168 1000 18 5
168 205 10 2
168 880 1 1
168 171 36 10
167 125 24 6
167 336 31 7
167 810 27 7
167 273 22 6
167 547 42 10
167 137 54 13
166 886 40 10
166 122 45 9
166 797 23 7
166 503 36 10
166 948 24 6
165 292 71 17
165 982 42 10
165 871 60 13
165 13 12 4
165 900 36 9
165 267 40 12
165 916 49 15
164 414 58 16
164 835 24 6
164 527 68 16
164 573 27 7
164 265 18 4
164 425 30 7
163 290 33 9
163 602 31 10
163 266 40 10
163 181 49 12
163 658 15 5
163 440 36 11
162 971 45 14
162 494 20 7
162 396 12 4
162 956 22 6
162 882 30 7
162 287 21 6
161 972 36 8
161 341 25 8
161 871 20 5
161 982 26 6
161 226 32 8
160 376 57 11
160 736 73 21
160 688 76 18
160 829 65 14
160 976 5 1
160 536 52 13
159 851 54 13
159 21 48 14
159 798 33 9
159 685 41 14
159 739 62 12
159 74 26 7
159 398 28 8
159 256 64 14
158 699 42 11
158 949 62 17
158 184 41 9
158 529 52 12
158 918 57 14
158 915 26 8
157 115 94 24
157 725 50 16
157 914 94 19
157 936 94 21
157 557 84 27
157 885 17 6
157 56 53 17
157 77 82 23
157 185 37 9
157 243 40 8
156 51 29 8
156 503 44 11
156 111 18 4
156 415 32 8
156 830 59 14
156 588 33 11
156 481 49 13
155 295 62 16
155 473 19 6
155 417 27 5
155 856 23 6
155 12 44 11
155 38 59 16
155 796 67 22
155 243 91 24
154 436 34 9
154 302 24 8
154 876 40 11
154 761 23 5
154 286 35 9
153 528 20 5
153 729 13 4
153 574 22 6
153 204 38 8
153 363 40 8
152 270 54 13
152 596 67 13
152 337 60 12
152 555 18 5
152 780 51 13
152 544 23 6
151 36 42 10
151 652 14 3
151 307 36 10
151 134 38 11
151 391 43 9
150 720 32 8
150 328 64 16
150 136 29 11
150 605 17 4
150 194 5 2
149 731 23 7
149 517 40 12
149 916 40 12
149 866 61 17
149 771 55 15
149 697 35 11
149 230 54 12
148 434 50 12
148 248 59 13
148 541 39 14
148 782 53 14
148 181 25 6
148 233 30 8
148 426 38 9
147 621 41 11
147 72 39 8
147 390 40 9
147 303 28 8
147 40 27 5
146 513 31 7
146 804 39 7
146 832 16 6
146 131 32 7
146 599 6 2
145 100 12 3
145 848 17 4
145 809 61 13
145 781 29 9
145 324 60 11
144 887 35 9
144 245 4 1
144 78 17 4
143 457 51 13
143 651 53 12
143 827 52 13
143 352 32 8
143 974 46 13
143 203 48 12
143 440 11 4
143 251 51 16
143 250 98 19
142 419 7 2
142 91 4 1
142 784 25 7
141 385 74 20
141 35 47 16
141 354 48 14
141 632 30 8
141 373 13 3
140 701 25 7
140 776 60 21
140 376 8 3
140 736 76 19
139 764 8 3
139 259 18 5
139 422 10 3
139 861 27 5
138 773 30 8
138 964 11 3
138 490 30 8
138 940 56 13
138 101 38 12
138 957 53 17
137 407 53 15
137 73 44 14
137 336 37 12
137 167 53 15
137 547 62 17
137 702 71 20
137 108 80 20
137 806 64 23
136 328 44 12
136 150 35 10
136 938 40 8
136 605 34 7
136 3 40 10
136 60 37 12
136 437 60 12
136 953 54 12
136 340 88 19
136 622 94 19
135 724 10 3
135 394 31 8
135 186 30 11
135 58 24 6
135 495 37 11
134 151 34 9
134 391 28 8
134 307 56 18
134 779 75 15
134 961 55 15
134 126 56 12
133 844 50 13
133 536 33 11
133 249 42 11
133 105 32 9
133 642 37 12
133 209 17 4
132 294 57 13
132 671 39 11
132 272 38 9
132 106 63 16
132 130 50 11
132 395 47 9
132 35 57 13
131 832 26 8
131 599 33 7
131 146 30 8
131 524 29 8
131 306 51 13
131 769 27 7
130 460 32 10
130 272 32 10
130 990 6 2
130 48 23 6
130 385 51 13
130 132 50 15
130 35 61 16
129 907 49 14
129 347 37 9
129 97 38 8
129 118 31 8
129 393 49 14
129 498 23 8
128 348 51 13
128 692 60 15
128 177 38 11
128 234 32 11
128 721 41 10
128 979 32 11
128 559 56 12
128 690 64 17
127 84 25 7
127 964 25 7
127 464 37 9
127 913 33 9
127 490 10 4
127 9 30 8
126 757 62 17
126 824 56 21
126 474 63 17
126 391 48 14
126 93 62 20
126 574 108 25
126 961 22 6
126 134 62 15
125 493 39 11
125 704 85 18
125 818 47 9
125 810 26 8
125 336 17 6
125 167 27 7
124 446 33 7
124 384 18 5
124 486 36 9
124 66 33 9
123 254 38 9
123 597 26 6
123 301 20 5
123 881 36 9
123 589 56 14
123 501 62 16
123 947 41 14
123 499 60 13
122 342 33 9
122 76 22 7
122 886 22 5
122 716 60 14
122 797 36 10
122 166 42 11
121 865 452 98
121 777 346 91
121 384 263 69
121 414 355 92
121 749 130 30
121 355 95 30
121 520 278 50
121 311 64 17
121 96 67 18
121 776 74 19
120 251 51 12
120 231 40 12
120 88 48 11
120 580 33 8
120 831 52 10
120 438 26 6
120 510 34 8
120 280 31 10
119 392 79 20
119 725 21 5
119 239 33 8
119 885 33 10
119 419 55 13
119 295 33 10
118 129 27 7
118 498 6 2
118 480 3 1
118 97 31 7
117 459 38 9
117 382 53 12
117 324 45 12
117 546 19 4
117 189 2 1
117 781 14 3
116 275 53 12
116 503 37 8
116 542 19 5
116 111 33 9
116 898 43 10
116 762 74 15
116 852 55 14
115 61 37 11
115 31 43 11
115 552 33 10
115 709 21 7
115 239 40 11
115 725 47 14
115 157 65 18
115 914 41 12
114 419 39 11
114 213 25 8
114 784 21 5
114 302 15 4
114 473 36 12
114 761 26 9
113 574 29 8
113 204 22 6
113 961 73 16
113 23 34 10
113 261 69 18
112 429 19 5
112 428 12 3
112 442 9 3
112 358 13 5
111 116 36 8
111 503 41 8
111 156 13 4
111 588 27 10
111 898 35 9
110 629 22 6
110 788 33 9
110 278 49 9
110 892 24 5
110 558 29 8
110 793 25 7
109 538 25 5
109 617 21 6
109 461 56 13
109 349 51 9
109 172 47 13
109 388 71 13
109 853 68 17
108 407 82 22
108 568 62 15
108 545 47 13
108 195 27 9
108 137 67 17
108 806 20 6
107 262 48 12
107 330 37 9
107 433 47 14
107 389 5 2
107 254 20 6
107 597 6 2
106 710 7 2
106 44 54 19
106 294 22 6
106 132 63 14
106 395 79 18
106 489 85 17
106 855 31 8
105 844 47 13
105 201 55 12
105 133 31 11
105 11 42 11
105 209 39 10
105 247 47 12
105 884 40 9
105 349 38 8
105 645 35 7
104 424 49 14
104 633 22 7
104 98 30 9
104 372 13 3
104 463 12 4
103 482 42 13
103 475 35 10
103 462 27 7
103 502 13 4
103 458 43 10
103 206 36 9
102 190 26 5
102 316 52 12
102 664 35 8
102 418 22 6
102 844 35 8
102 201 21 5
101 420 69 19
101 773 31 11
101 218 74 23
101 292 67 17
101 13 53 16
101 138 53 12
101 957 29 9
100 359 17 6
100 145 10 3
100 848 25 6
100 196 20 7
100 781 29 9
99 81 25 6
99 993 11 3
99 732 25 7
99 386 22 5
99 628 35 10
99 591 36 8
98 408 42 12
98 424 45 12
98 372 45 10
98 104 33 9
98 772 31 7
98 992 41 13
97 774 91 20
97 907 76 14
97 939 80 22
97 129 32 10
97 873 34 8
97 480 25 8
97 118 28 7
96 355 41 13
96 121 74 16
96 701 52 11
96 776 83 22
95 349 42 11
95 319 26 5
95 383 29 7
95 853 12 3
95 282 52 15
94 227 18 5
94 525 11 4
94 399 25 5
94 508 7 2
94 485 27 10
94 923 35 9
93 170 20 5
93 474 13 4
93 126 85 22
93 528 51 13
93 574 53 19
93 729 48 14
92 413 42 10
92 695 54 14
92 427 9 3
92 905 41 11
92 759 52 12
92 341 53 16
92 575 43 10
91 392 29 6
91 419 9 3
91 338 31 9
91 142 4 1
91 784 27 7
90 443 34 7
90 958 27 9
90 79 45 10
90 936 78 22
90 661 71 18
90 818 34 9
90 291 73 16
89 306 67 13
89 913 38 10
89 769 53 16
89 468 44 10
89 207 42 13
89 367 36 9
89 673 12 3
88 250 44 13
88 251 58 16
88 3 37 12
88 60 44 9
88 120 39 10
88 831 8 2
88 953 33 6
87 678 262 90
87 212 110 25
87 599 60 19
87 524 21 6
87 354 271 62
87 978 6 2
87 594 76 20
86 527 56 20
86 425 17 5
86 569 30 8
86 65 42 9
86 179 27 7
85 947 28 7
85 499 22 6
85 352 19 5
85 602 31 10
85 290 8 2
84 350 11 3
84 82 34 8
84 464 30 10
84 964 28 8
84 127 23 8
83 520 37 11
83 414 136 26
83 277 20 6
83 835 75 16
83 516 32 8
83 573 53 13
83 1000 45 9
83 205 45 11
82 380 21 6
82 350 34 11
82 306 48 14
82 84 35 7
82 464 15 3
81 816 40 9
81 610 20 6
81 732 39 10
81 560 48 16
81 959 43 12
81 993 14 4
81 99 22 6
80 669 72 16
80 261 72 19
80 444 103 26
80 327 14 5
80 467 2 1
80 23 165 37
80 471 170 48
80 659 206 49
80 219 315 84
79 869 66 17
79 345 94 18
79 443 46 13
79 778 66 15
79 552 70 18
79 728 76 18
79 90 35 11
79 936 81 21
78 887 44 10
78 144 12 4
78 275 26 7
78 762 43 12
78 944 55 12
78 242 52 11
78 245 15 4
77 557 50 16
77 71 32 10
77 15 22 6
77 157 105 24
77 56 47 14
77 639 21 4
77 870 30 9
76 649 20 5
76 968 22 7
76 716 47 14
76 122 19 5
76 342 17 4
75 246 73 17
75 22 12 3
75 799 8 3
75 705 44 14
75 817 33 11
75 526 47 8
74 945 53 13
74 798 23 7
74 256 47 11
74 159 33 7
74 485 40 11
74 187 40 13
73 371 24 7
73 713 26 8
73 641 19 6
73 336 67 18
73 407 21 6
73 137 57 16
72 621 42 15
72 199 44 9
72 49 23 7
72 147 43 9
72 850 31 6
72 390 41 10
71 220 36 8
71 661 22 6
71 557 35 10
71 77 35 8
71 15 29 7
71 675 41 14
70 840 66 14
70 311 59 20
70 776 39 12
70 562 77 21
70 601 17 4
70 861 69 25
70 310 75 24
69 947 67 17
69 602 46 9
69 501 39 12
69 42 19 5
69 266 34 7
69 365 13 3
68 313 31 7
68 868 45 15
68 223 37 9
68 689 38 12
68 57 7 3
68 754 75 14
67 873 16 6
67 359 15 4
67 842 32 7
67 196 15 5
66 384 36 11
66 124 27 8
66 486 39 11
66 472 55 16
66 619 52 13
66 25 22 5
66 699 47 9
66 184 49 11
65 527 75 16
65 826 36 10
65 86 30 11
65 179 22 5
65 735 16 4
64 872 18 6
64 989 70 22
64 935 18 4
64 696 27 7
64 717 96 25
64 888 77 21
63 305 23 6
63 563 21 4
63 755 42 12
63 956 49 15
63 971 9 3
62 678 87 29
62 5 60 16
62 435 49 11
62 293 48 11
62 567 68 17
62 212 101 36
62 512 80 17
62 679 42 12
61 911 22 5
61 745 38 9
61 115 34 13
61 552 31 8
61 31 30 8
61 631 48 12
60 3 8 3
60 136 43 12
60 953 19 5
60 88 35 11
59 520 6 2
59 178 21 5
59 872 85 16
59 989 18 6
58 186 18 5
58 135 25 7
58 495 25 9
58 511 31 8
58 734 35 9
57 68 9 2
57 689 35 12
57 754 53 16
57 208 37 11
57 984 44 14
57 211 45 12
56 157 63 14
56 77 45 12
56 185 39 10
56 228 29 9
56 977 20 6
56 53 44 12
56 870 33 12
55 531 34 10
55 221 9 2
55 681 53 16
55 581 29 10
55 27 45 12
55 747 12 3
54 777 31 10
54 894 18 5
54 534 32 9
54 532 37 9
54 472 22 5
54 672 43 10
54 682 25 7
54 684 43 9
53 56 43 9
53 977 39 11
53 695 21 6
53 893 34 8
53 870 37 12
53 595 35 9
52 203 25 5
52 698 21 7
52 328 27 6
52 250 42 12
51 379 60 13
51 948 47 11
51 503 56 14
51 760 22 6
51 156 27 7
51 415 17 4
50 299 39 14
50 846 18 5
50 500 32 10
50 14 21 6
50 767 5 2
50 766 644 134
50 756 269 57
49 199 34 8
49 478 27 8
49 72 30 8
49 819 44 8
49 850 36 11
49 366 31 6
49 583 37 8
49 700 26 6
48 990 18 7
48 130 30 7
48 385 35 9
48 594 41 11
47 366 30 6
47 504 52 9
47 636 25 7
47 487 17 4
47 700 31 7
46 430 22 5
46 280 74 22
46 854 8 3
46 648 47 12
46 790 42 9
45 326 33 11
45 896 12 4
45 603 20 7
45 609 21 8
45 883 17 5
44 490 30 8
44 9 17 5
44 30 31 9
44 940 39 13
44 710 66 18
44 855 59 18
44 106 62 14
43 854 67 14
43 790 34 8
43 347 31 10
43 393 48 11
43 238 60 12
42 335 31 9
42 962 17 5
42 365 33 6
42 69 19 6
42 501 28 8
41 658 32 8
41 181 58 15
41 782 22 6
41 251 35 12
41 231 14 5
40 269 43 9
40 303 42 11
40 147 21 5
40 901 21 4
40 390 26 6
39 8 31 7
39 870 35 10
39 639 18 6
39 595 45 10
39 637 48 12
39 387 18 6
39 537 40 11
38 155 43 13
38 12 30 10
38 796 44 10
38 192 31 10
38 420 28 7
38 402 31 10
38 477 39 10
37 344 14 4
37 439 18 4
37 225 14 4
37 261 26 7
37 327 41 10
36 315 64 18
36 644 36 10
36 955 21 5
36 307 25 7
36 151 34 10
36 652 36 10
35 130 78 19
35 132 55 15
35 395 45 13
35 385 64 14
35 141 58 13
35 753 49 13
35 17 45 12
35 561 48 15
35 632 50 14
34 476 33 9
34 28 23 5
34 357 29 8
34 607 20 7
34 432 25 7
34 981 40 10
34 197 30 9
33 900 10 3
33 267 8 2
33 517 9 3
32 416 101 24
32 469 53 11
32 405 76 17
32 346 107 31
32 984 878 253
32 219 148 29
31 631 64 13
31 61 29 7
31 860 65 14
31 239 21 8
31 115 32 11
30 913 29 10
30 9 38 8
30 44 34 8
30 710 54 13
30 367 41 10
30 673 17 4
29 512 59 15
29 7 66 20
29 679 38 8
29 741 19 7
29 618 13 4
29 429 16 4
28 308 27 9
28 555 45 13
28 476 37 12
28 432 27 7
28 34 21 6
27 55 40 11
27 747 31 10
27 584 25 8
27 581 41 13
27 604 49 13
27 927 41 12
27 813 51 14
26 934 9 3
26 852 23 7
26 567 34 8
26 512 37 11
26 653 33 12
26 660 38 11
25 619 29 9
25 66 22 7
25 184 51 10
25 529 78 16
25 822 54 14
25 684 56 12
24 874 63 22
24 876 95 18
24 838 90 18
24 896 37 8
24 943 31 7
24 687 23 5
24 600 8 3
23 961 47 16
23 113 37 8
23 261 83 22
23 80 167 35
23 779 125 33
23 219 398 113
23 984 229 61
22 246 54 16
22 362 28 7
22 748 41 11
22 300 42 10
22 75 11 3
22 799 15 3
21 238 47 14
21 851 28 9
21 945 53 11
21 733 60 12
21 470 35 9
21 159 43 10
21 798 18 5
20 398 53 17
20 752 60 15
20 256 38 9
20 572 22 6
20 549 28 6
20 995 38 11
20 996 37 11
19 823 22 6
19 693 33 7
19 828 14 4
19 975 23 7
19 343 43 10
19 610 44 11
19 578 45 9
18 644 23 6
18 812 13 4
18 955 29 8
18 663 23 6
17 395 33 8
17 314 24 7
17 753 8 3
17 35 50 11
17 507 36 11
17 912 41 9
16 723 15 4
16 616 14 4
16 236 41 12
16 789 61 16
16 312 10 3
16 973 6 2
15 71 37 7
15 675 37 10
15 77 20 6
15 639 18 4
15 8 9 2
14 826 37 11
14 846 21 5
14 735 30 10
14 50 22 6
14 767 21 6
14 500 41 12
14 837 27 8
13 292 78 24
13 101 76 16
13 900 25 7
13 165 14 4
13 957 38 10
13 814 18 6
12 417 28 9
12 155 38 11
12 38 39 11
12 286 37 7
12 192 9 3
11 201 19 6
11 965 12 3
11 445 8 3
11 645 29 6
11 105 34 11
10 880 35 12
10 691 20 6
10 332 51 13
10 786 25 5
10 1 42 12
10 381 51 10
9 127 28 7
9 490 29 8
9 913 22 6
9 44 16 4
9 30 37 10
8 675 32 8
8 639 16 5
8 15 8 3
8 39 24 7
8 271 41 10
8 387 37 11
7 512 56 13
7 579 23 8
7 29 67 18
7 404 22 7
7 618 67 20
7 874 21 5
6 957 77 18
6 814 64 15
6 900 54 15
6 940 58 12
6 855 56 13
6 929 41 9
6 517 68 18
6 864 21 7
6 909 37 12
5 830 16 5
5 678 35 12
5 62 58 15
5 922 28 7
5 435 29 7
4 494 40 9
4 505 6 2
4 970 23 6
4 297 31 11
4 849 33 7
4 745 40 10
4 911 32 12
3 328 52 12
3 250 19 4
3 88 50 11
3 60 9 3
3 136 47 14
2 967 43 12
2 213 19 4
2 361 22 6
2 176 18 4
2 302 36 9
2 436 30 7
1 1000 42 14
1 265 32 10
1 425 36 13
1 406 25 6
1 569 26 8
1 880 47 13
1 381 12 4
1 10 50 9
