nnodes narcs source target drone_limit type
500 2962 145 240 517 drone_routing_pli_project1
nodename posx posy
500 881.745 5.76656
499 671.203 123.172
498 337.625 271.516
497 54.5725 233.777
496 36.0386 407.812
495 784.514 813.755
494 723.545 619.292
493 614.746 475.935
492 450.744 278.484
491 635.535 296.136
490 337.068 832.341
489 195.588 828.523
488 268.472 7.79
487 85.6683 64.3738
486 951.799 692.924
485 262.311 163.859
484 730.239 867.706
483 314.988 420.08
482 864.472 64.0816
481 625.025 956.289
480 335.18 277.834
479 703.138 736.939
478 153.052 120.203
477 420.239 701.303
476 247.278 482.553
475 830.398 49.5932
474 114.975 647.876
473 514.934 754.923
472 970.909 783.674
471 13.5637 303.512
470 355.142 116.223
469 35.4759 28.1749
468 298.49 950.153
467 14.9065 478.487
466 771.517 552.816
465 869.079 331.764
464 358.667 872.7
463 879.881 893.07
462 808.335 66.9319
461 724.857 245.199
460 262.474 946.161
459 270.365 310.797
458 812.667 136.349
457 674.459 182.444
456 357.544 46.3534
455 165.105 1.21882
454 139.736 517.006
453 19.0639 842.804
452 456.928 320.545
451 397.678 659.785
450 805.617 846.793
449 850.015 471.071
448 609.264 332.089
447 194.657 60.3111
446 983.109 695.4
445 784.63 305.077
444 20.9815 389.744
443 662.796 502.266
442 477.312 961.552
441 66.731 261.656
440 628.921 151.003
439 53.9576 522.324
438 502.065 137.136
437 523.196 303.609
436 553.207 816.296
435 610.091 965.619
434 606.692 44.6355
433 763.349 40.6084
432 235.38 427.223
431 858.013 356.838
430 474.591 209.947
429 497.243 946.109
428 485.776 947.009
427 384.821 574.817
426 531.001 57.0747
425 931.929 120.154
424 926.804 935.152
423 379.691 116.456
422 856.885 604.359
421 881.528 794.589
420 425.231 730.8
419 576.414 736.827
418 809.143 303.815
417 497.46 762.52
416 56.7865 130.656
415 673.434 972.011
414 994.478 95.8037
413 389.426 618.001
412 940.333 587.264
411 844.273 989.712
410 835.05 650.7
409 365.743 114.724
408 916.541 962.305
407 581.098 369.91
406 898.59 137.359
405 73.411 94.1476
404 527.47 847.092
403 837.845 793.794
402 444.032 695.119
401 463.769 293.814
400 78.633 408.728
399 256.668 213.946
398 255.712 91.7154
397 248.886 925.714
396 734.078 635.414
395 172.648 892.21
394 805.077 823.934
393 346.81 212.414
392 607.715 738.224
391 96.537 723.934
390 88.3652 160.952
389 740.586 85.2712
388 670.554 319.168
387 473.991 518.209
386 142.064 342.262
385 196.435 984.389
384 993.731 736.668
383 712.091 373.504
382 235.018 322.725
381 900.766 154.09
380 391.124 889.599
379 750.102 976.531
378 76.872 106.711
377 283.681 0.517351
376 913.071 399.859
375 831.308 559.411
374 67.1206 831.455
373 98.4062 969.606
372 874.143 900.954
371 606.376 376.222
370 637.336 346.669
369 221.587 13.9664
368 173.125 836.358
367 266.093 904.679
366 111.232 93.1124
365 628.633 46.3874
364 582.283 836.5
363 62.4732 542.215
362 223.036 607.237
361 581.318 825.456
360 445.728 376.943
359 332.064 347.954
358 494.207 972.195
357 241.595 485.445
356 833.09 22.9358
355 983.979 383.023
354 71.8719 997.397
353 696.09 407.928
352 644.945 136.753
351 357.511 421.389
350 379.405 839.486
349 740 336.722
348 460.368 464.296
347 390.341 241.901
346 20.4076 177.006
345 727.125 560.573
344 54.6734 526.232
343 168.247 369.405
342 811.909 919.188
341 344.532 629.624
340 496.871 216.451
339 150.813 8.80652
338 600.94 766.225
337 315.839 432.063
336 561.538 456.952
335 685.073 10.6847
334 640.689 744.035
333 776.378 536.412
332 858.763 173.278
331 830.112 20.503
330 768.272 110.957
329 396.505 502.827
328 598.53 238.415
327 20.5602 495.734
326 435.724 776.963
325 256.069 383.32
324 262.31 385.623
323 695.521 26.1616
322 799.15 587.9
321 993.582 866.217
320 654.881 411.933
319 711.893 362.353
318 568.005 507.939
317 867.862 474.231
316 853.291 284.116
315 147.139 745.792
314 157.345 882.804
313 77.9545 898.403
312 457.616 17.6696
311 976.469 541.362
310 870.423 584.549
309 988.882 941.756
308 279.574 426.965
307 83.0156 798.855
306 367.332 925.531
305 806.281 656.852
304 180.279 40.941
303 126.985 214.933
302 547.491 784.925
301 732.242 90.5665
300 187.348 643.792
299 960.872 30.3923
298 189.548 415.506
297 717.686 597.218
296 284.279 33.8777
295 532.733 679.865
294 251.882 891.617
293 603.353 947.813
292 371.457 696.633
291 568.142 512.027
290 640.195 121.149
289 712 448.507
288 848.339 158.527
287 763.811 618.137
286 495.735 774.995
285 818.654 985.487
284 60.3267 829.176
283 762.038 745.173
282 648.552 386.902
281 883.78 336.339
280 491.511 147.499
279 804.974 427.108
278 814.714 244.778
277 985.976 229.551
276 65.9384 825.336
275 691.375 843.793
274 394.77 531.415
273 536.32 494.169
272 245.227 928.251
271 475.859 511.677
270 352.783 478.292
269 95.7525 220.71
268 779.32 448.269
267 261.855 724.057
266 621.114 70.5058
265 949.872 152.305
264 979.851 907.097
263 444.267 690.772
262 785.662 84.0334
261 22.3066 541.63
260 242.032 380.904
259 856.55 578.245
258 459.63 948.488
257 728.298 444.552
256 241.208 159.04
255 469.26 120.497
254 750.935 109.143
253 984.424 875.485
252 774.105 39.0986
251 573.277 160.226
250 569.19 211.444
249 798.37 422.358
248 602.558 19.525
247 760.768 386.287
246 202.786 549.389
245 664.434 810.644
244 888.908 878.51
243 490.619 659.871
242 624.898 806.054
241 385.941 516.273
240 887.468 824.197
239 592.426 666.413
238 359.316 170.237
237 935.022 856.37
236 475.407 66.2679
235 724.267 193.738
234 452.825 437.566
233 543.198 34.5795
232 869.079 792.766
231 554.374 119.179
230 160.428 697.619
229 392.984 384.354
228 478.296 638.552
227 285.444 189.37
226 353.026 670.502
225 51.2248 538.946
224 301.211 303.071
223 82.7219 896.16
222 404.233 686.977
221 149.144 460.93
220 556.448 515.165
219 3.10232 190.553
218 403.833 705.696
217 772.082 186.928
216 386.787 51.431
215 152.41 433.818
214 979.957 629.191
213 573.661 784.836
212 450.178 992.188
211 21.6188 860.88
210 790.366 517.259
209 774.637 381.177
208 39.0441 845.384
207 270.175 925.843
206 865.311 101.976
205 945.93 195.327
204 37.7719 583.827
203 635.716 212.956
202 450.253 283.053
201 808.353 315.191
200 541.001 24.9077
199 154.351 128.569
198 806.297 25.3424
197 208.311 465.527
196 311.753 334.526
195 474.319 340.605
194 579.515 292.288
193 949.253 255.461
192 458.642 758.207
191 738.21 901.793
190 847.412 329.717
189 272.895 345.826
188 755.357 972.458
187 295.065 181.395
186 791.586 763.818
185 492.292 649.838
184 913.298 708.175
183 383.573 137.359
182 130.232 595.316
181 580.526 72.1853
180 849.687 525.475
179 901.192 86.8574
178 972.444 258.736
177 414.342 401.992
176 568.69 815.605
175 441.411 977.835
174 628.331 471.363
173 861.3 804.201
172 692.006 270.611
171 942.525 227.719
170 124.813 620.865
169 982.006 901.779
168 938.094 195.266
167 546.136 477.641
166 736.503 933.751
165 295.768 707.745
164 955.647 138.249
163 612.267 111.502
162 744.409 628.735
161 328.507 651.378
160 867.113 390.921
159 280.329 108.956
158 882.278 689.731
157 526.041 647.055
156 672.012 942.015
155 501.33 739.831
154 521.199 792.64
153 73.8261 577.035
152 297.509 485.389
151 96.5974 764.767
150 577.669 288.235
149 216.038 701.092
148 565.109 55.5268
147 121.907 182.802
146 408.641 980.37
145 312.355 366.258
144 667.579 811.737
143 633.303 161.383
142 579.142 744.414
141 110.081 969.036
140 919.121 407.065
139 862.028 597.736
138 353.872 805.206
137 542.245 420.308
136 554.522 261.709
135 810.859 792.774
134 73.7673 737
133 789.065 379.734
132 209.455 913.271
131 382.784 969.682
130 231.818 959.79
129 360.695 261.829
128 414.293 437.471
127 345.329 839.067
126 59.5277 687.064
125 573.41 469.97
124 977.757 722.971
123 719.98 101.002
122 776.187 929.435
121 999.385 487.462
120 524.392 142.778
119 566.043 681.56
118 337.743 276.789
117 272.03 346.383
116 681.345 892.201
115 601.89 627.384
114 550.321 768.491
113 24.2752 605.28
112 485.064 959.644
111 673.945 926.57
110 785.586 216.831
109 726.528 295.889
108 497.543 361.555
107 744.881 87.6272
106 250.871 873.36
105 773.996 346.906
104 884.377 906.627
103 827.399 90.4882
102 826.663 320.871
101 349.826 759.441
100 313.375 356.919
99 138.576 324.542
98 887.267 935.736
97 361.04 294.129
96 982.654 424.799
95 692.16 348.364
94 267.614 195.956
93 108.475 633.977
92 381.095 584.712
91 582.319 744.311
90 629.947 509.687
89 309.98 909.89
88 521.718 187.516
87 342.245 998.376
86 918.715 107.21
85 647.838 117.397
84 370.014 842.703
83 984.627 211.654
82 370.323 876.152
81 156.929 313.467
80 14.4179 480.073
79 648.407 544.528
78 666.445 825.523
77 509.378 561.413
76 795.101 917.522
75 187.364 608.134
74 285.441 138.46
73 584.459 389.7
72 119.919 145.332
71 540.938 549.906
70 915.983 516.798
69 639.268 47.1202
68 52.8214 889.941
67 326.361 330.965
66 950.31 732.464
65 916.203 72.1121
64 960.209 341.43
63 783.527 662.861
62 571.614 981.366
61 637.536 648.123
60 544.681 219.022
59 990.181 259.641
58 790.872 784.875
57 45.3586 889.761
56 483.298 607.65
55 144.873 468.435
54 973.003 802.14
53 446.978 596.072
52 618.948 226.235
51 688.768 967.755
50 920.574 3.40011
49 121.3 117.664
48 228.58 984.55
47 104.79 67.3954
46 455.309 210.132
45 431.035 813.444
44 311.024 850.63
43 393.687 207.332
42 653.518 32.2673
41 568.537 120.65
40 99.8224 184.451
39 481.517 535.211
38 451.108 725.892
37 39.8762 528.416
36 112.917 796.155
35 161.674 943.032
34 237.152 456.745
33 262.222 730.469
32 1.2558 58.3692
31 616.942 663.315
30 302.097 885.499
29 513.893 936.681
28 252.313 442.23
27 103.227 463.561
26 597.471 890.237
25 934.435 746.014
24 442.228 855.491
23 6.47672 635
22 198.543 609.662
21 323.826 125.034
20 211.685 138.647
19 207.937 347.634
18 139.709 827.551
17 135.458 896.491
16 465.894 21.2827
15 510.284 538.285
14 914.442 24.5556
13 296.743 721.587
12 467.928 755.911
11 788.292 311.839
10 897.465 197.942
9 324.264 857.388
8 507.414 530.33
7 532.589 868.111
6 256.372 792.962
5 627.09 987.452
4 682.985 612.102
3 553.675 217.735
2 573.263 801.507
1 912.433 159.083
tail head car_cost drone_cost
500 50 42 32
500 356 59 44
500 335 214 230
500 331 47 45
500 482 66 64
500 14 35 35
499 235 75 102
499 123 49 48
499 69 95 82
499 85 25 21
499 352 33 33
499 457 61 70
498 129 25 30
498 393 49 55
498 480 8 6
498 118 7 5
498 224 44 53
498 227 86 93
498 399 96 107
497 269 52 39
497 40 76 58
497 441 27 31
497 346 71 72
497 219 64 81
497 471 74 72
496 27 76 91
496 400 51 36
496 444 20 25
496 467 85 81
495 135 33 32
495 58 26 30
495 450 47 45
495 394 23 27
495 484 91 87
495 275 97 82
495 283 82 70
494 162 23 24
494 287 45 38
494 297 21 23
494 396 19 17
494 4 43 34
493 174 16 17
493 336 46 52
493 73 84 92
493 125 42 39
493 318 52 54
493 90 38 37
492 340 63 92
492 430 64 63
492 46 60 67
492 347 64 75
492 202 5 5
492 401 19 17
491 172 57 51
491 388 39 42
491 52 70 77
491 448 46 46
491 370 56 45
491 194 54 55
491 150 52 54
491 328 59 80
490 138 38 34
490 127 12 12
490 9 32 25
490 6 101 99
490 44 35 27
489 6 74 83
489 106 73 67
489 395 79 58
489 315 93 108
489 368 26 27
488 377 15 15
488 369 57 41
488 296 26 32
487 339 81 89
487 47 18 18
487 469 58 74
487 366 34 37
487 405 33 37
486 446 32 27
486 214 60 70
486 124 37 41
486 66 34 34
486 184 36 41
486 412 118 106
486 158 80 84
485 227 40 32
485 187 40 44
485 74 38 30
485 256 22 18
485 94 28 31
484 450 87 77
484 495 66 74
484 275 42 55
484 116 54 57
484 191 33 35
483 351 47 36
483 145 48 45
483 324 61 76
483 337 12 14
483 308 42 37
482 65 56 44
482 500 59 69
482 14 54 64
482 179 45 40
482 206 41 43
482 103 41 45
482 475 43 45
482 356 50 59
481 156 43 46
481 415 45 50
481 111 66 57
481 5 31 30
481 435 21 16
481 26 71 84
481 293 24 19
480 498 8 7
480 97 31 36
480 118 4 4
480 224 40 34
480 67 47 47
479 63 108 100
479 396 118 107
479 283 71 72
479 144 76 67
479 61 121 128
479 334 72 75
479 245 71 77
478 20 70 55
478 447 66 67
478 304 90 90
478 366 42 59
478 49 37 37
478 199 10 11
477 402 28 24
477 38 34 33
477 263 26 27
477 222 24 21
477 218 17 18
477 420 28 31
476 28 43 39
476 34 31 27
476 152 50 51
476 357 6 8
475 482 41 35
475 356 32 25
475 103 49 49
475 198 34 30
475 462 32 33
474 300 66 64
474 170 31 26
474 230 57 75
474 391 81 90
474 126 75 59
474 93 15 13
473 419 58 53
473 114 40 42
473 295 81 66
473 154 31 35
473 286 29 32
473 417 20 20
473 155 19 20
472 384 45 60
472 66 63 51
472 54 23 20
472 25 60 60
472 421 103 105
471 400 141 128
471 99 103 123
471 441 65 72
471 497 73 95
471 444 103 99
471 219 105 132
471 80 150 159
470 183 36 36
470 409 13 11
470 456 77 65
470 21 35 40
470 238 55 65
469 455 115 120
469 339 102 118
469 487 74 69
469 32 52 37
469 405 90 86
468 87 61 55
468 306 84 77
468 89 41 48
468 48 89 77
468 207 31 43
468 460 35 36
467 27 105 80
467 496 73 73
467 444 80 83
467 80 2 2
467 327 18 19
466 375 71 57
466 333 16 19
466 322 48 41
466 345 53 49
466 287 56 56
465 281 19 15
465 431 28 27
465 316 60 42
465 190 23 22
464 82 11 13
464 84 37 32
464 306 59 56
464 89 54 60
464 127 38 38
464 9 34 44
464 30 65 57
463 244 17 15
463 104 15 14
463 450 98 85
463 372 11 12
462 475 32 33
462 198 49 38
462 252 41 40
462 103 37 35
462 262 30 27
461 445 83 82
461 110 56 64
461 109 51 42
461 235 59 58
461 172 43 45
461 457 84 76
460 468 32 36
460 207 23 23
460 48 43 53
460 130 38 37
460 272 23 27
460 397 22 24
459 196 46 41
459 224 36 36
459 189 41 29
459 117 42 36
459 399 112 87
459 382 31 38
458 206 58 52
458 103 43 41
458 217 66 77
458 288 36 48
458 330 59 62
458 262 64 64
457 461 86 85
457 235 49 43
457 172 77 89
457 203 44 53
457 499 71 62
457 143 41 47
457 352 53 45
456 312 94 87
456 216 26 35
456 409 57 82
456 470 77 76
456 21 93 69
456 377 74 95
456 296 61 68
456 159 93 103
455 377 128 142
455 369 59 65
455 469 140 151
455 339 15 17
455 304 49 45
454 197 82 92
454 55 46 40
454 246 83 57
454 182 90 89
454 153 84 106
454 363 93 67
454 27 57 72
454 439 99 102
453 284 42 49
453 134 116 112
453 208 20 22
453 211 22 19
453 23 250 236
453 126 173 167
452 401 23 31
452 195 25 27
452 360 53 54
452 229 93 77
452 97 88 100
452 202 40 43
451 228 92 73
451 263 65 50
451 53 76 83
451 222 32 25
451 292 45 38
451 226 45 41
451 413 48 45
451 341 70 69
450 244 99 80
450 463 86 84
450 372 77 79
450 240 84 92
450 173 77 82
450 342 68 62
450 76 63 75
450 484 69 69
450 191 77 84
450 394 25 26
450 495 34 43
449 317 18 22
449 160 96 94
449 180 54 52
449 210 86 83
449 268 67 76
449 279 58 61
448 370 33 32
448 491 43 38
448 371 39 51
448 194 41 50
448 407 44 52
447 369 61 56
447 398 61 64
447 20 69 84
447 478 77 73
447 304 21 21
446 124 30 27
446 384 51 45
446 214 77 74
446 486 28 30
445 418 21 27
445 278 75 76
445 110 105 73
445 11 9 7
445 349 49 52
445 461 96 83
445 109 62 70
444 400 62 54
444 496 23 28
444 467 77 102
444 471 73 88
444 80 108 78
443 289 63 78
443 79 52 37
443 345 87 102
443 90 36 37
443 174 55 48
442 112 10 10
442 358 19 19
442 428 19 17
442 212 47 39
442 258 24 25
442 175 47 32
441 81 96 108
441 303 71 73
441 269 55 53
441 497 26 27
441 471 64 57
441 99 101 110
440 352 24 21
440 290 32 29
440 143 11 13
440 251 57 63
440 163 46 48
439 454 78 102
439 27 74 62
439 363 23 24
439 344 5 5
439 327 41 35
439 37 17 17
438 231 50 62
438 426 103 100
438 120 21 26
438 280 13 16
438 236 63 89
438 255 40 38
437 150 57 59
437 136 49 56
437 108 76 60
437 407 83 82
437 194 58 66
437 195 73 74
437 401 61 69
437 340 83 97
436 2 24 27
436 364 34 34
436 176 19 14
436 404 44 35
436 302 36 34
436 154 39 45
435 5 31 26
435 481 18 19
435 293 22 23
435 62 45 47
434 365 26 21
434 248 29 25
434 148 44 36
434 181 44 36
434 266 33 27
433 198 45 48
433 262 59 55
433 252 10 11
433 107 50 58
433 389 57 46
433 335 89 98
433 323 76 74
432 308 41 49
432 324 42 44
432 28 24 22
432 325 44 46
432 260 42 44
432 298 46 50
432 34 28 35
432 197 46 43
431 281 31 27
431 465 25 31
431 160 43 41
431 190 31 31
431 102 41 55
431 133 68 84
430 88 55 55
430 280 74 70
430 340 21 25
430 46 21 22
430 492 83 77
429 29 18 17
429 358 24 27
429 428 12 11
429 112 20 22
428 29 27 27
428 429 13 12
428 112 11 12
428 442 15 17
428 24 85 99
428 258 30 32
427 274 40 50
427 241 52 60
427 152 110 102
427 92 10 11
427 53 58 74
426 181 54 60
426 231 79 63
426 200 35 35
426 148 28 31
426 233 26 24
426 438 82 81
426 16 69 84
426 236 48 64
425 414 72 59
425 164 30 35
425 265 39 42
425 65 47 44
425 1 39 43
425 86 20 16
425 406 42 45
424 309 73 66
424 264 54 60
424 237 80 67
424 408 24 27
424 98 40 36
424 244 60 56
424 104 44 58
423 255 99 96
423 216 61 73
423 409 15 14
423 183 19 20
422 158 85 91
422 139 7 10
422 410 55 42
422 259 22 23
422 322 57 68
421 54 103 85
421 472 87 102
421 25 76 81
421 184 104 107
421 240 28 32
421 232 14 14
421 173 25 24
420 192 41 46
420 38 26 22
420 477 32 27
420 326 42 45
420 101 93 78
420 218 33 35
419 392 30 38
419 91 10 10
419 142 8 8
419 114 37 40
419 473 60 69
419 295 76 80
419 119 46 66
418 102 27 28
418 201 13 12
418 316 40 58
418 278 66 52
418 11 27 21
418 445 22 30
417 473 19 21
417 155 27 28
417 12 26 29
417 286 15 12
416 405 36 34
416 378 28 27
416 390 53 49
416 32 82 84
416 346 64 65
415 379 91 68
415 51 16 14
415 5 48 43
415 156 35 26
415 481 52 45
414 121 418 406
414 59 138 191
414 83 134 115
414 164 68 68
414 425 56 73
414 299 79 74
414 65 77 84
413 53 57 66
413 451 39 39
413 341 56 40
413 92 29 29
412 214 66 50
412 311 63 55
412 486 116 96
412 70 85 70
412 158 111 109
412 310 70 79
412 139 79 86
411 309 165 151
411 408 82 63
411 98 73 77
411 87 484 482
411 342 90 92
411 285 23 26
411 5 242 233
410 422 58 42
410 322 59 70
410 305 34 25
410 158 56 60
409 216 57 60
409 423 14 17
409 183 24 27
409 456 81 57
409 470 10 10
408 309 88 63
408 424 35 34
408 98 42 42
408 411 79 89
407 371 31 31
407 448 52 42
407 108 71 80
407 73 19 21
407 137 54 52
407 437 95 79
407 194 87 82
406 425 35 34
406 86 36 43
406 1 31 23
406 179 54 48
406 381 15 20
406 288 57 59
406 206 44 40
405 366 33 31
405 487 30 38
405 378 15 14
405 416 37 38
405 469 67 75
405 32 91 73
404 364 46 51
404 436 47 33
404 7 20 18
404 154 60 48
404 24 84 69
403 232 35 28
403 158 121 133
403 186 61 45
403 173 22 27
403 135 30 27
403 394 51 49
402 155 68 59
402 243 60 51
402 263 5 4
402 477 28 29
402 38 27 33
401 437 65 64
401 340 77 97
401 195 52 46
401 452 25 33
401 202 15 15
401 492 22 20
400 215 84 90
400 343 91 108
400 386 99 78
400 99 91 104
400 444 63 56
400 471 127 122
400 496 36 47
400 27 65 65
399 224 101 99
399 498 100 89
399 227 32 41
399 94 19 18
399 459 115 95
399 382 130 111
399 256 52 53
399 303 121 145
399 81 121 143
398 296 76 62
398 256 59 76
398 159 33 35
398 369 99 90
398 20 71 71
398 447 64 65
397 207 20 26
397 367 26 33
397 294 33 33
397 272 5 6
397 460 28 25
396 63 62 58
396 162 14 12
396 479 93 127
396 61 106 88
396 494 19 17
396 4 50 68
395 132 48 44
395 106 67 96
395 489 77 64
395 368 50 47
395 35 53 61
395 314 18 20
395 17 45 45
394 173 70 66
394 403 46 42
394 135 34 32
394 450 21 26
394 495 25 22
393 347 59 61
393 129 62 50
393 498 54 52
393 238 52 43
393 43 52 41
393 187 70 70
393 227 79 58
392 31 82 80
392 334 34 38
392 338 27 28
392 91 29 28
392 419 26 33
392 239 63 79
392 119 79 78
391 230 76 61
391 315 66 58
391 474 66 69
391 151 38 42
391 126 51 44
391 134 31 28
390 72 41 34
390 147 39 33
390 40 31 29
390 378 50 54
390 416 47 38
390 346 80 73
389 433 45 52
389 323 86 66
389 301 9 11
389 107 6 5
388 109 56 66
388 172 50 64
388 95 38 35
388 491 46 47
388 370 46 45
387 8 36 37
387 271 9 7
387 39 17 20
387 274 96 70
387 329 66 74
386 81 35 35
386 343 34 32
386 400 92 92
386 99 21 20
385 48 30 32
385 87 129 131
385 130 39 41
385 354 106 135
385 35 63 46
385 141 86 101
384 121 248 241
384 321 155 156
384 214 123 90
384 54 73 73
384 446 44 40
384 472 52 45
384 66 42 44
384 124 24 23
383 247 55 53
383 319 12 11
383 353 35 40
383 95 37 39
383 282 67 68
382 459 36 45
382 117 40 52
382 399 92 94
382 81 94 83
382 19 34 41
382 260 65 67
381 332 48 39
381 10 42 47
381 1 16 15
381 406 19 17
381 288 58 63
380 24 53 62
380 258 77 75
380 306 51 49
380 350 61 54
380 82 26 25
379 285 82 73
379 188 7 7
379 5 139 137
379 166 51 42
379 51 56 53
379 415 78 65
378 72 57 67
378 49 47 40
378 366 34 36
378 405 11 11
378 416 28 35
378 390 60 50
377 50 583 613
377 335 480 386
377 312 172 185
377 456 73 98
377 296 36 29
377 488 20 15
377 455 96 125
377 369 68 76
376 64 81 84
376 355 80 86
376 140 12 8
376 281 79 63
376 160 43 45
375 180 45 36
375 259 30 37
375 322 40 48
375 466 62 69
375 210 68 57
375 333 61 67
374 18 74 82
374 36 54 62
374 307 30 34
374 223 74 60
374 68 61 56
374 276 6 6
374 284 8 7
374 208 26 33
373 141 13 13
373 354 39 43
373 223 64 64
373 313 66 85
373 68 106 90
373 57 89 98
372 104 10 10
372 463 11 10
372 98 41 34
372 450 85 103
372 342 64 60
371 370 42 36
371 448 46 45
371 407 23 24
371 73 23 24
371 320 54 65
371 282 39 36
370 95 47 55
370 388 38 41
370 282 48 50
370 371 47 50
370 448 29 26
370 491 59 46
369 488 39 49
369 377 59 75
369 296 70 73
369 398 73 101
369 447 57 56
369 455 55 68
369 304 51 53
368 489 24 28
368 395 48 55
368 314 45 43
368 315 82 91
368 18 40 37
367 89 41 51
367 30 36 36
367 207 19 25
367 397 27 31
367 106 36 33
367 294 19 19
366 304 84 80
366 478 44 54
366 49 22 31
366 378 34 39
366 47 27 23
366 487 38 32
366 405 34 32
365 42 32 26
365 266 21 30
365 69 13 9
365 248 31 31
365 434 25 20
364 242 52 50
364 26 54 53
364 7 52 50
364 404 52 50
364 361 12 11
364 436 43 29
364 176 25 25
363 454 95 91
363 153 40 41
363 439 20 23
363 344 20 18
363 225 13 14
363 204 51 42
362 161 124 93
362 341 119 139
362 152 158 129
362 165 113 144
362 149 83 97
362 246 51 50
362 22 28 24
362 300 48 50
361 242 50 53
361 2 29 21
361 364 10 12
361 176 15 14
360 108 51 51
360 195 42 46
360 452 68 58
360 229 63 52
360 177 40 39
360 234 68 63
359 229 60 81
359 97 62 65
359 351 73 77
359 67 21 17
359 145 29 29
359 100 21 24
359 196 21 26
358 62 83 71
358 29 34 44
358 429 28 26
358 212 55 44
358 112 16 15
358 442 21 18
357 152 57 55
357 476 6 8
357 246 86 64
357 34 27 35
357 197 36 35
356 500 54 47
356 475 26 22
356 482 55 47
356 331 4 5
356 198 33 32
355 121 93 115
355 59 108 113
355 96 35 38
355 64 40 56
355 140 59 58
355 376 74 73
354 87 310 233
354 385 102 128
354 141 45 45
354 373 35 37
354 57 102 92
354 211 133 138
353 257 52 58
353 247 69 66
353 383 39 44
353 289 47 42
353 320 36 40
353 282 61 51
352 85 19 20
352 499 26 26
352 440 21 23
352 290 20 14
352 143 23 31
352 457 61 53
351 177 51 59
351 229 53 47
351 270 57 47
351 128 56 68
351 337 52 40
351 483 40 46
351 359 68 65
351 145 60 76
350 24 76 77
350 45 63 52
350 380 52 48
350 82 33 39
350 138 39 36
350 84 10 9
349 11 52 65
349 105 32 36
349 445 59 64
349 247 49 47
349 109 50 39
349 319 42 32
349 95 40 41
348 167 81 102
348 273 87 94
348 137 97 108
348 329 81 70
348 271 46 47
348 234 33 30
348 128 48 52
347 492 77 65
347 46 80 59
347 43 42 34
347 97 65 65
347 202 86 60
347 393 45 44
347 129 39 43
346 40 94 91
346 390 62 78
346 416 64 67
346 497 77 54
346 32 116 111
346 219 27 22
345 466 47 51
345 333 45 63
345 287 81 74
345 297 31 40
345 4 73 64
345 289 121 110
345 79 92 77
345 443 86 105
344 363 20 21
344 225 13 16
344 439 5 5
344 37 14 17
343 19 44 44
343 81 52 56
343 215 74 64
343 298 54 55
343 400 102 98
343 386 43 34
342 98 84 74
342 372 54 67
342 411 74 89
342 285 65 77
342 450 85 74
342 76 20 18
342 122 35 43
341 451 72 55
341 413 47 39
341 92 52 51
341 226 46 41
341 161 29 23
341 152 156 162
341 362 142 148
340 136 69 78
340 60 50 49
340 88 44 33
340 437 84 92
340 401 99 71
340 492 82 72
340 430 22 25
339 455 14 15
339 47 82 88
339 304 49 41
339 469 132 117
339 487 76 86
338 334 47 45
338 392 32 26
338 242 52 48
338 213 33 30
338 2 46 48
338 91 29 25
338 142 30 26
337 351 35 40
337 270 59 64
337 152 58 52
337 483 12 11
337 308 43 40
336 493 63 57
336 73 59 61
336 125 20 19
336 137 48 38
336 167 25 23
335 500 158 169
335 50 282 283
335 331 171 138
335 198 103 121
335 433 89 77
335 323 18 17
335 42 36 44
335 248 69 94
335 377 397 385
335 312 273 237
334 479 65 59
334 242 63 77
334 245 79 84
334 31 69 80
334 61 90 114
334 392 33 30
334 338 46 47
333 466 16 18
333 375 49 68
333 210 26 22
333 345 66 56
333 257 87 113
333 289 116 117
332 381 52 47
332 10 49 52
332 278 73 71
332 110 70 82
332 288 20 18
331 500 60 54
331 335 121 171
331 198 21 21
331 356 5 4
330 458 44 44
330 262 35 31
330 107 29 35
330 217 63 70
330 254 17 17
329 387 64 83
329 271 64 88
329 348 79 78
329 128 61 65
329 274 35 27
329 270 54 58
329 241 18 18
328 52 29 27
328 491 64 80
328 150 50 62
328 136 49 52
328 3 49 51
328 250 38 42
327 439 51 48
327 37 39 45
327 27 93 95
327 261 41 52
327 467 17 19
327 80 14 14
326 286 61 72
326 192 26 29
326 45 43 34
326 138 90 97
326 420 54 51
326 101 80 94
325 117 40 33
325 324 8 7
325 432 50 50
325 260 14 12
324 483 54 69
324 145 61 61
324 117 45 48
324 308 49 50
324 432 40 59
324 325 7 6
323 389 85 61
323 433 81 78
323 301 66 67
323 335 18 22
323 42 48 48
323 123 67 83
322 422 68 62
322 410 85 78
322 259 49 55
322 375 47 45
322 305 58 66
322 287 47 45
322 466 45 53
321 121 386 338
321 384 143 130
321 309 78 83
321 169 31 43
321 253 13 13
321 54 76 59
321 237 65 52
320 353 41 43
320 289 62 55
320 174 77 53
320 73 69 69
320 282 31 26
320 371 54 61
319 247 46 56
319 349 41 34
319 95 23 25
319 383 11 13
318 125 40 46
318 90 51 61
318 493 53 66
318 167 36 44
318 273 31 31
318 291 5 4
318 220 16 15
317 140 73 92
317 180 48 47
317 70 58 64
317 449 22 20
317 160 68 94
316 193 93 108
316 171 122 124
316 281 61 73
316 10 100 99
316 465 44 54
316 190 54 38
316 102 52 48
316 278 55 57
316 418 50 57
315 6 137 118
315 489 85 83
315 149 88 94
315 230 42 44
315 368 106 102
315 18 77 85
315 36 69 72
315 391 61 60
315 151 44 59
314 368 45 41
314 395 16 15
314 18 54 68
314 17 22 24
313 223 5 6
313 68 23 27
313 373 65 82
312 248 127 154
312 200 96 69
312 335 246 193
312 216 90 84
312 236 50 45
312 16 10 10
312 377 199 159
312 456 118 107
311 121 68 48
311 214 89 98
311 70 74 77
311 412 66 57
310 70 84 73
310 412 75 74
310 139 17 13
310 259 15 16
310 180 56 71
309 321 86 61
309 411 161 123
309 408 91 66
309 169 49 41
309 264 35 41
309 424 68 52
308 337 38 42
308 483 38 31
308 432 53 41
308 324 48 39
308 28 29 31
308 152 64 64
307 151 39 37
307 36 25 33
307 374 39 38
307 276 27 28
307 134 64 61
307 284 43 44
306 146 69 75
306 258 114 104
306 131 40 56
306 380 46 51
306 82 46 42
306 87 70 83
306 464 58 59
306 89 60 65
306 468 78 72
305 158 70 93
305 410 27 27
305 186 109 112
305 63 26 27
305 287 68 48
305 322 71 60
304 369 56 53
304 447 23 27
304 478 81 96
304 455 40 48
304 366 76 82
304 339 35 50
304 47 69 90
303 399 107 148
303 256 147 143
303 20 112 135
303 81 105 100
303 147 38 38
303 40 47 40
303 269 27 31
303 441 71 90
302 2 31 35
302 213 32 29
302 114 14 14
302 154 23 26
302 436 26 33
301 254 30 25
301 323 73 85
301 123 20 14
301 107 12 13
301 389 10 12
300 362 52 44
300 22 39 41
300 75 35 36
300 149 73 60
300 230 57 59
300 170 60 64
300 474 72 65
299 414 74 62
299 65 70 62
299 50 45 49
299 14 42 53
298 432 52 54
298 260 66 71
298 19 58 80
298 197 59 47
298 215 46 38
298 343 45 60
297 287 50 56
297 345 45 39
297 4 36 36
297 494 22 26
296 456 88 83
296 159 63 82
296 377 40 40
296 488 28 36
296 369 71 55
296 398 62 78
295 419 77 81
295 119 27 29
295 473 68 70
295 155 57 68
295 243 48 46
295 157 30 30
294 367 20 17
294 397 33 32
294 106 17 19
294 132 41 41
294 272 42 44
293 435 18 23
293 481 21 26
293 62 43 43
293 26 53 49
293 29 100 104
292 222 38 28
292 451 46 47
292 218 37 34
292 101 59 65
292 13 76 80
292 165 69 89
292 226 36 28
291 79 86 94
291 90 51 70
291 71 55 41
291 318 5 4
291 220 15 13
290 85 10 10
290 352 15 18
290 163 25 24
290 440 32 33
289 333 115 89
289 257 19 17
289 345 107 135
289 443 75 69
289 353 45 50
289 320 76 63
289 174 72 70
288 381 46 52
288 406 58 58
288 206 62 69
288 332 16 16
288 110 89 85
288 217 73 70
288 458 37 43
287 305 61 64
287 322 42 44
287 466 63 64
287 63 42 45
287 162 24 22
287 494 44 42
287 345 68 75
287 297 57 43
286 473 26 27
286 417 15 13
286 154 34 27
286 24 94 106
286 45 87 61
286 326 62 65
286 192 43 45
286 12 32 33
285 411 31 25
285 5 168 212
285 379 77 82
285 188 70 65
285 342 78 64
285 122 63 82
284 307 37 31
284 276 8 7
284 134 96 101
284 374 9 9
284 453 51 37
284 208 30 24
283 58 48 55
283 186 34 38
283 63 101 99
283 495 82 76
283 275 135 98
283 479 57 60
283 144 118 127
282 353 45 54
282 383 60 67
282 95 52 70
282 370 38 43
282 320 29 30
282 371 39 42
281 64 82 80
281 193 90 104
281 316 49 60
281 376 79 60
281 160 46 48
281 465 15 18
281 431 38 31
280 120 29 27
280 438 17 14
280 88 53 43
280 430 75 75
280 46 79 62
280 255 41 40
279 160 78 81
279 133 59 57
279 449 74 70
279 249 10 7
279 268 31 38
278 10 103 94
278 332 83 68
278 316 53 65
278 418 65 71
278 110 40 36
278 445 79 79
277 59 37 29
277 178 33 37
277 83 19 17
277 171 45 52
276 307 38 38
276 284 7 8
276 374 7 6
275 495 100 93
275 283 108 121
275 484 37 42
275 116 45 49
275 144 39 46
275 78 28 35
274 39 93 75
274 387 83 96
274 329 25 27
274 53 70 93
274 241 15 19
274 427 38 50
273 318 32 34
273 167 19 21
273 220 24 35
273 8 42 41
273 271 55 57
273 348 80 68
272 294 37 32
272 460 30 23
272 397 4 5
272 132 33 40
272 130 35 39
271 273 58 74
271 8 43 35
271 387 7 8
271 329 82 83
271 348 50 51
270 329 46 46
270 351 46 64
270 128 64 68
270 241 59 59
270 337 70 57
270 152 62 55
269 40 36 37
269 303 30 27
269 441 48 55
269 497 39 44
268 449 66 67
268 279 29 38
268 249 33 36
268 210 64 66
268 247 72 62
268 257 43 49
267 165 43 45
267 13 38 33
267 149 54 44
267 33 8 8
266 69 28 28
266 365 29 29
266 85 44 65
266 163 46 35
266 181 47 47
266 434 26 32
265 83 76 75
265 164 16 14
265 205 46 49
265 168 47 40
265 425 37 35
265 1 39 41
264 169 5 7
264 309 40 41
264 237 69 76
264 424 69 59
263 228 71 71
263 402 4 6
263 243 53 67
263 477 27 23
263 451 65 50
263 222 46 34
262 458 57 66
262 103 48 49
262 462 34 34
262 330 37 39
262 107 41 36
262 433 49 47
262 252 53 40
261 225 31 27
261 204 44 46
261 37 21 26
261 113 63 75
261 23 93 88
261 327 50 47
261 80 68 73
260 117 40 52
260 325 14 16
260 432 57 38
260 298 61 68
260 19 43 57
260 382 71 68
259 310 14 15
259 139 23 22
259 422 30 28
259 180 49 44
259 375 32 36
259 322 53 53
258 428 25 28
258 442 21 23
258 175 30 28
258 24 88 97
258 146 60 64
258 380 80 97
258 306 112 110
257 210 92 105
257 268 44 45
257 247 58 63
257 333 89 115
257 353 41 49
257 289 18 18
256 74 40 46
256 485 23 21
256 94 39 43
256 159 57 52
256 398 77 74
256 399 49 60
256 303 145 148
256 20 30 42
255 438 36 40
255 236 55 46
255 280 34 42
255 46 105 78
255 183 74 75
255 423 77 84
255 216 102 95
254 217 69 93
254 330 18 20
254 235 72 93
254 123 31 37
254 301 24 32
254 107 24 27
253 321 11 11
253 237 60 58
253 169 25 27
252 198 35 41
252 462 47 37
252 433 14 10
252 262 54 55
251 440 57 64
251 163 60 58
251 250 62 52
251 143 61 56
251 88 50 65
251 120 53 59
251 41 41 43
251 231 42 51
250 203 70 77
250 52 47 59
250 143 84 93
250 251 61 44
250 328 35 47
250 3 17 15
250 88 60 43
249 279 9 8
249 133 37 41
249 268 29 36
249 247 50 43
249 209 54 54
248 335 86 75
248 42 60 57
248 365 39 32
248 434 22 24
248 312 162 173
248 148 47 62
248 200 63 69
248 233 59 68
247 268 65 68
247 105 43 40
247 257 69 58
247 249 45 49
247 209 14 17
247 349 51 60
247 319 46 62
247 383 58 59
247 353 68 67
246 152 138 113
246 357 67 63
246 197 82 71
246 22 72 62
246 362 68 68
246 75 73 68
246 454 72 72
246 182 72 73
245 144 4 4
245 479 88 82
245 334 85 68
245 242 41 35
245 78 16 18
244 237 62 55
244 424 64 70
244 104 34 28
244 463 16 20
244 240 61 53
244 450 74 93
243 295 50 55
243 157 33 32
243 185 12 12
243 155 80 90
243 228 20 22
243 402 55 63
243 263 62 47
242 334 63 75
242 78 51 42
242 245 44 37
242 26 84 81
242 364 56 57
242 361 45 58
242 2 45 46
242 338 38 52
241 329 16 18
241 274 17 15
241 427 54 55
241 152 76 112
241 270 47 46
240 54 76 89
240 237 53 55
240 244 55 48
240 421 32 36
240 450 93 95
240 173 27 36
239 31 23 23
239 115 46 37
239 392 68 84
239 157 58 74
239 119 31 36
238 183 36 41
238 470 63 64
238 393 48 37
238 43 48 48
238 21 58 66
238 187 54 53
237 253 61 47
237 169 58 76
237 264 58 68
237 321 56 58
237 54 76 72
237 424 71 70
237 240 50 63
237 244 52 50
236 426 52 54
236 438 86 87
236 255 51 52
236 216 92 75
236 16 38 47
236 312 53 58
235 217 54 44
235 110 68 78
235 254 95 101
235 461 46 49
235 457 54 50
235 499 105 76
235 123 79 107
234 137 89 109
234 108 94 104
234 360 65 67
234 177 46 56
234 348 29 32
234 128 42 36
233 248 59 53
233 200 9 11
233 148 31 36
233 426 26 22
232 184 86 92
232 158 84 109
232 421 15 12
232 403 33 32
232 173 17 16
231 181 56 53
231 251 49 51
231 41 17 16
231 426 80 54
231 438 46 54
231 120 45 36
230 300 66 63
230 149 46 60
230 315 49 48
230 474 65 63
230 391 69 61
229 452 82 87
229 360 43 56
229 177 32 26
229 351 49 43
229 359 63 70
229 97 84 99
228 185 16 16
228 56 36 26
228 243 22 26
228 53 46 58
228 263 53 55
228 451 80 87
227 393 67 67
227 187 14 12
227 498 98 93
227 485 31 31
227 94 17 17
227 399 43 44
226 451 54 39
226 341 48 45
226 292 30 37
226 165 70 78
226 161 28 31
225 344 15 12
225 363 12 11
225 204 53 41
225 37 16 17
225 261 34 35
224 480 42 47
224 67 39 33
224 498 58 53
224 196 38 32
224 399 82 94
224 459 34 37
223 17 47 47
223 18 93 89
223 141 91 81
223 373 74 71
223 313 6 7
223 374 80 80
223 68 33 33
222 263 47 35
222 477 22 26
222 218 21 22
222 292 41 28
222 451 29 26
221 215 30 29
221 27 42 51
221 55 10 9
221 197 70 64
220 71 35 35
220 291 12 11
220 318 13 15
220 8 54 47
220 273 24 34
219 497 79 65
219 471 105 97
219 80 281 240
219 346 21 25
219 23 393 445
219 32 147 142
218 222 16 22
218 477 18 17
218 420 37 30
218 292 37 38
218 101 66 87
217 288 70 85
217 458 73 67
217 110 29 36
217 235 43 51
217 330 81 86
217 254 75 74
216 255 87 101
216 236 79 89
216 312 91 91
216 423 75 63
216 456 30 29
216 409 64 75
215 298 46 46
215 343 73 67
215 221 30 31
215 197 52 56
215 400 68 91
215 27 50 55
214 384 110 125
214 121 165 166
214 446 54 76
214 486 80 62
214 311 96 104
214 412 47 50
213 338 34 39
213 142 43 41
213 2 19 20
213 114 34 29
213 302 26 28
212 5 183 194
212 62 124 119
212 358 45 47
212 442 40 37
212 87 127 118
212 175 16 15
212 146 39 45
211 354 140 163
211 57 31 34
211 208 20 25
211 453 22 20
210 180 60 57
210 449 77 73
210 268 70 58
210 257 99 102
210 375 57 50
210 333 26 25
209 133 16 12
209 105 39 36
209 247 14 18
209 249 57 49
208 374 36 33
208 284 26 29
208 68 40 50
208 57 51 50
208 453 18 23
208 211 22 25
207 89 43 43
207 468 30 44
207 460 18 22
207 367 21 26
207 397 19 23
206 179 40 39
206 288 50 69
206 406 58 46
206 482 44 34
206 103 40 33
206 458 75 61
205 265 40 36
205 83 39 46
205 168 10 7
205 171 31 29
204 363 41 43
204 225 56 54
204 261 44 47
204 113 30 28
204 153 31 40
203 457 55 56
203 172 69 87
203 52 20 20
203 250 54 71
203 143 57 58
202 401 21 19
202 492 4 5
202 452 39 33
202 97 97 96
202 347 83 70
201 418 10 14
201 102 23 19
201 105 46 46
201 11 20 18
200 248 70 71
200 312 100 71
200 16 78 75
200 233 9 11
200 426 29 35
199 147 63 55
199 20 65 59
199 72 39 34
199 49 37 29
199 478 7 10
198 475 35 33
198 331 23 26
198 356 31 32
198 462 49 35
198 252 42 42
198 335 120 134
198 433 44 37
197 357 38 46
197 246 96 91
197 34 27 26
197 432 52 45
197 454 101 86
197 298 56 55
197 215 64 73
197 55 54 75
197 221 63 56
196 67 17 18
196 359 23 20
196 224 33 39
196 459 42 41
196 189 48 34
196 100 24 22
195 437 62 73
195 401 49 41
195 108 36 30
195 452 25 32
195 360 50 40
194 448 56 60
194 491 47 58
194 150 4 6
194 437 55 64
194 407 72 78
193 178 28 27
193 64 99 77
193 281 86 109
193 171 33 30
193 316 81 104
192 326 33 32
192 420 36 41
192 38 35 28
192 286 39 47
192 12 9 10
191 76 57 66
191 450 99 95
191 122 48 42
191 166 27 34
191 111 77 79
191 116 62 66
191 484 38 38
190 465 25 24
190 316 46 55
190 102 24 19
190 431 29 30
189 459 33 31
189 100 38 46
189 196 36 42
189 145 36 44
189 117 2 1
188 285 76 56
188 122 53 58
188 166 43 51
188 379 7 7
187 238 60 71
187 21 61 59
187 393 49 55
187 227 11 11
187 485 34 36
187 74 44 52
186 158 129 112
186 403 58 56
186 305 111 118
186 135 31 35
186 58 24 22
186 63 89 89
186 283 41 32
185 157 39 40
185 243 12 12
185 228 22 16
185 56 47 49
184 66 38 38
184 486 48 49
184 25 43 40
184 421 102 85
184 158 42 44
184 232 111 83
183 255 100 79
183 46 99 97
183 43 59 81
183 238 40 43
183 423 21 19
183 409 28 24
183 470 35 37
182 246 82 100
182 454 75 64
182 153 52 58
182 170 29 23
182 75 61 58
181 163 42 43
181 266 33 36
181 434 46 39
181 41 59 51
181 148 23 27
181 231 61 64
181 426 60 46
180 310 66 71
180 70 69 70
180 317 57 64
180 449 49 44
180 259 47 46
180 210 54 57
180 375 34 35
179 86 27 26
179 65 25 24
179 406 41 49
179 482 48 49
179 206 37 37
178 277 36 35
178 59 20 17
178 64 74 87
178 171 40 52
178 193 20 25
177 360 46 34
177 234 53 60
177 128 42 34
177 351 53 58
177 229 32 31
176 2 15 15
176 361 17 15
176 436 15 17
176 364 21 24
175 442 47 34
175 258 34 41
175 146 35 34
175 212 19 19
174 289 84 80
174 320 58 56
174 443 50 38
174 73 88 106
174 493 13 13
174 90 39 37
173 421 27 21
173 232 12 13
173 240 37 27
173 450 70 59
173 403 29 26
173 394 65 49
172 461 34 41
172 457 90 93
172 388 44 60
172 109 45 51
172 491 62 60
172 203 74 72
172 52 101 81
171 277 50 51
171 178 39 40
171 83 46 54
171 205 39 39
171 193 28 28
171 316 94 111
171 10 55 44
171 168 40 31
170 75 70 59
170 182 31 31
170 300 77 72
170 474 29 32
170 153 67 71
170 93 24 25
169 309 37 48
169 321 33 36
169 253 32 32
169 237 69 55
169 264 6 7
168 205 9 8
168 265 50 47
168 171 38 30
168 10 38 43
168 1 52 41
167 125 26 31
167 336 23 29
167 318 34 45
167 273 19 16
167 348 79 86
167 137 62 61
166 188 43 49
166 379 45 46
166 122 35 34
166 191 38 33
166 51 58 59
166 111 75 63
166 156 69 53
165 292 79 76
165 226 72 69
165 161 58 64
165 13 15 13
165 267 31 39
165 362 106 149
165 149 69 74
164 414 52 47
164 425 26 25
164 265 15 15
164 83 83 75
163 290 27 35
163 85 42 39
163 266 49 42
163 440 44 43
163 251 64 75
163 41 37 39
163 181 42 61
162 287 21 27
162 494 23 22
162 396 12 15
162 63 55 51
161 341 23 23
161 226 36 30
161 165 61 63
161 362 134 136
160 140 44 57
160 376 47 40
160 281 48 66
160 449 98 87
160 317 69 78
160 279 64 68
160 133 77 94
160 431 29 36
159 21 43 51
159 456 83 102
159 296 76 66
159 74 28 33
159 256 68 60
159 398 30 32
158 486 62 62
158 412 137 96
158 184 31 43
158 232 122 87
158 403 116 111
158 139 101 95
158 422 91 105
158 186 131 127
158 305 98 87
158 410 61 53
157 239 60 81
157 119 47 53
157 115 93 80
157 71 106 104
157 295 34 31
157 56 53 65
157 77 84 105
157 185 38 38
157 243 45 40
156 51 27 35
156 166 76 58
156 111 17 18
156 481 55 57
156 415 33 31
155 295 59 59
155 417 19 28
155 473 23 20
155 12 34 40
155 38 47 51
155 402 62 82
155 243 97 89
154 114 45 39
154 302 30 29
154 436 43 46
154 404 59 65
154 473 35 46
154 286 33 32
154 24 90 85
153 182 67 71
153 170 64 59
153 454 75 91
153 93 56 63
153 363 43 38
153 113 65 53
153 204 36 44
152 427 134 127
152 92 120 124
152 241 97 88
152 270 54 46
152 337 68 67
152 341 159 124
152 28 71 64
152 308 51 74
152 362 142 151
152 246 132 93
152 476 48 58
152 357 46 60
151 315 44 51
151 36 38 35
151 307 31 36
151 134 42 39
151 391 47 43
150 491 66 53
150 328 55 53
150 194 5 6
150 437 49 53
150 136 34 29
149 267 44 48
149 33 66 64
149 165 67 80
149 362 80 113
149 6 118 88
149 300 63 66
149 230 51 61
149 315 99 91
148 434 49 41
148 248 51 43
148 181 24 27
148 233 34 30
148 426 30 31
147 20 85 113
147 199 66 63
147 303 38 37
147 72 38 45
147 40 25 21
147 390 36 46
146 175 30 28
146 212 45 36
146 258 55 68
146 87 56 64
146 306 81 56
146 131 25 33
145 351 62 84
145 359 24 31
145 100 11 8
145 483 46 57
145 324 51 63
145 189 44 38
145 117 38 38
144 283 128 96
144 479 88 87
144 275 40 48
144 245 4 4
144 78 12 17
143 457 45 44
143 352 24 23
143 203 55 59
143 440 11 10
143 250 79 95
143 251 57 62
142 338 32 30
142 91 4 4
142 419 8 9
142 213 49 40
142 114 42 41
141 385 100 95
141 35 65 51
141 17 84 65
141 354 57 40
141 223 91 79
141 373 14 12
140 96 59 79
140 355 82 75
140 70 105 92
140 317 82 88
140 160 45 59
140 376 8 9
139 412 95 77
139 310 19 16
139 259 17 17
139 158 107 102
139 422 9 7
138 45 68 68
138 326 92 100
138 350 47 50
138 84 37 45
138 127 33 36
138 490 35 28
138 6 113 87
138 101 38 39
137 73 43 59
137 407 69 52
137 336 50 36
137 167 52 57
137 348 104 90
137 234 82 80
137 108 62 89
136 328 55 49
136 150 30 34
136 437 58 45
136 3 42 51
136 340 67 60
136 60 42 52
135 403 33 32
135 394 30 33
135 186 36 31
135 58 21 24
135 495 30 39
134 151 32 38
134 391 24 22
134 307 58 56
134 284 112 96
134 453 107 124
134 126 55 52
133 160 69 80
133 431 84 82
133 102 73 58
133 279 59 49
133 249 47 45
133 209 16 13
133 105 42 34
132 294 52 46
132 272 37 42
132 106 50 53
132 130 56 48
132 395 44 49
132 35 64 56
131 146 27 23
131 306 39 42
131 87 59 49
130 460 32 30
130 272 40 33
130 48 30 21
130 385 40 43
130 132 47 60
130 35 81 85
129 347 36 37
129 393 52 44
129 498 22 25
129 97 28 31
129 118 31 27
128 177 37 34
128 329 67 72
128 348 55 47
128 234 38 33
128 351 60 52
128 270 65 82
127 84 24 25
127 138 37 29
127 464 33 40
127 490 13 10
127 9 31 25
126 474 72 65
126 391 56 57
126 93 75 77
126 134 51 51
126 453 182 181
126 23 74 77
126 113 94 76
125 493 50 47
125 318 35 40
125 336 16 21
125 167 27 29
124 446 34 32
124 384 25 23
124 486 34 33
124 66 33 24
123 254 37 33
123 301 16 14
123 235 100 105
123 499 55 61
123 69 80 78
123 42 94 78
123 323 70 66
122 285 62 60
122 342 42 35
122 76 19 27
122 188 48 48
122 191 54 51
122 166 33 39
121 321 447 391
121 384 209 239
121 414 405 324
121 355 88 125
121 59 251 187
121 214 145 146
121 311 49 65
121 96 66 68
121 70 75 83
120 251 58 43
120 231 34 42
120 88 52 48
120 438 24 25
120 280 38 39
119 392 71 63
119 239 27 31
119 157 49 54
119 295 31 38
119 419 54 62
118 129 29 23
118 498 6 5
118 480 3 3
118 97 32 28
117 324 36 47
117 325 44 37
117 145 39 42
117 189 1 2
117 459 34 37
117 382 40 39
117 260 38 39
116 275 43 41
116 191 59 49
116 484 59 55
116 111 38 35
116 26 87 69
116 78 68 61
115 4 81 87
115 61 37 34
115 79 90 78
115 31 46 46
115 239 40 35
115 157 75 90
115 71 95 99
114 142 39 36
114 419 46 34
114 213 28 30
114 302 15 20
114 473 34 37
114 154 36 36
113 93 100 104
113 153 63 64
113 204 27 22
113 126 74 101
113 261 76 60
113 23 37 40
112 429 18 16
112 428 12 12
112 442 9 7
112 358 15 17
111 191 81 73
111 116 39 34
111 166 61 57
111 156 19 16
111 26 91 78
111 481 67 51
110 332 76 75
110 288 86 91
110 278 42 35
110 445 104 74
110 217 31 29
110 461 71 79
110 235 66 56
109 445 63 55
109 349 37 45
109 461 45 57
109 95 53 75
109 388 51 72
109 172 43 40
108 407 96 96
108 437 75 58
108 137 86 79
108 234 98 99
108 195 31 35
108 360 61 60
107 262 35 38
107 330 35 36
107 433 54 61
107 254 26 19
107 301 11 15
107 389 6 5
106 30 54 52
106 367 37 33
106 44 76 53
106 6 80 76
106 294 16 17
106 132 47 62
106 489 59 72
106 395 77 72
105 102 58 58
105 133 31 41
105 201 41 38
105 11 45 40
105 209 32 39
105 349 35 32
105 247 39 48
104 424 45 55
104 244 28 26
104 98 24 26
104 463 13 15
104 372 10 11
103 482 39 47
103 475 47 48
103 206 37 41
103 458 58 42
103 462 28 27
103 262 44 44
102 316 55 44
102 190 25 26
102 418 21 28
102 431 39 46
102 133 72 67
102 201 23 19
102 105 56 56
101 326 93 75
101 420 83 88
101 218 89 77
101 292 66 56
101 138 52 49
101 6 80 102
101 13 54 65
100 359 19 17
100 145 9 8
100 189 39 50
100 196 25 27
99 81 19 23
99 386 16 17
99 400 88 100
99 471 150 148
99 441 90 97
98 408 44 39
98 424 37 35
98 411 59 69
98 104 24 35
98 372 36 40
98 342 80 85
97 452 114 93
97 202 95 86
97 347 71 57
97 229 96 85
97 359 70 61
97 67 53 47
97 129 30 32
97 480 34 34
97 118 32 33
96 355 40 47
96 121 56 59
96 70 112 115
96 140 74 68
95 349 56 55
95 319 28 25
95 109 51 54
95 383 31 37
95 282 52 59
95 370 62 66
95 388 33 44
94 227 23 19
94 399 19 21
94 485 38 35
94 256 46 37
93 170 21 17
93 474 18 14
93 126 70 64
93 113 87 77
93 153 78 74
92 53 74 66
92 427 12 9
92 413 34 31
92 152 134 155
92 341 63 52
91 392 30 28
91 419 11 12
91 338 24 30
91 142 3 4
90 443 28 38
90 174 44 46
90 318 62 55
90 493 32 32
90 291 64 52
90 79 38 42
89 464 70 57
89 306 51 64
89 468 37 47
89 207 44 38
89 30 25 31
89 367 40 52
88 250 58 58
88 251 59 55
88 3 49 43
88 120 43 53
88 60 40 39
88 340 31 36
88 430 44 48
88 280 59 54
87 411 435 429
87 5 239 283
87 212 126 129
87 146 78 56
87 131 55 40
87 306 65 83
87 354 281 310
87 468 64 68
87 48 127 101
87 385 175 157
86 425 18 22
86 406 33 30
86 179 32 25
86 65 35 30
85 290 9 10
85 499 29 21
85 352 17 22
85 69 77 77
85 266 62 65
85 163 44 36
84 350 10 11
84 82 33 35
84 464 36 26
84 138 37 47
84 127 25 26
83 414 105 129
83 59 48 52
83 277 21 21
83 265 62 62
83 164 86 85
83 205 39 45
83 171 51 47
82 380 28 22
82 350 38 43
82 306 57 57
82 84 36 31
82 464 12 14
81 382 91 77
81 399 131 116
81 19 70 57
81 343 63 59
81 386 27 39
81 99 26 24
81 303 86 124
81 441 108 95
80 261 57 67
80 467 2 2
80 327 16 16
80 444 83 101
80 23 148 163
80 471 161 205
80 219 327 276
79 345 91 79
79 443 42 40
79 4 87 68
79 115 79 112
79 71 89 117
79 291 95 87
79 90 32 42
78 275 29 29
78 144 16 16
78 116 58 55
78 26 101 85
78 242 43 47
78 245 15 13
77 71 30 32
77 15 28 25
77 157 80 100
77 56 61 51
77 39 38 40
77 53 86 62
76 450 80 66
76 342 16 15
76 191 60 68
76 122 23 22
75 22 13 12
75 246 71 56
75 300 41 30
75 170 53 70
75 182 67 66
74 21 48 39
74 187 40 45
74 485 31 35
74 256 44 52
74 159 26 31
73 320 71 60
73 174 90 79
73 371 31 27
73 493 109 85
73 336 76 57
73 407 20 22
73 137 61 60
72 199 46 34
72 49 31 27
72 147 42 39
72 390 35 40
72 378 50 48
71 79 129 112
71 291 46 41
71 220 35 32
71 115 106 115
71 157 118 96
71 77 40 30
71 15 37 27
71 8 33 46
70 121 96 93
70 311 73 56
70 96 135 103
70 140 130 113
70 412 80 85
70 310 70 86
70 180 70 54
70 317 65 68
69 123 99 112
69 499 81 83
69 42 22 20
69 85 65 57
69 266 27 34
69 365 9 11
68 313 23 31
68 373 107 109
68 223 28 34
68 374 54 52
68 208 53 56
68 57 7 9
67 97 43 46
67 480 44 58
67 359 15 18
67 224 37 41
67 196 13 14
66 384 41 42
66 124 24 34
66 486 39 46
66 472 62 48
66 184 52 37
66 25 19 18
65 414 78 98
65 425 49 58
65 299 69 63
65 14 51 51
65 482 46 53
65 179 24 23
65 86 29 37
64 59 91 76
64 178 82 72
64 355 54 42
64 376 61 71
64 193 98 82
64 281 82 72
63 305 20 27
63 186 82 85
63 283 70 75
63 287 49 44
63 479 100 97
63 396 48 53
63 162 56 55
62 5 50 66
62 435 37 46
62 293 43 54
62 212 111 124
62 29 68 66
62 358 74 69
61 396 96 107
61 479 94 116
61 4 49 59
61 115 34 44
61 31 30 23
61 334 95 88
60 3 11 9
60 136 38 45
60 340 54 41
60 88 39 44
59 414 142 164
59 83 58 57
59 277 33 26
59 355 107 129
59 121 258 247
59 178 19 19
59 64 92 104
58 186 23 23
58 135 19 24
58 283 41 55
58 495 29 28
57 354 90 107
57 373 88 106
57 68 7 7
57 208 52 50
57 211 41 43
56 157 48 70
56 77 50 45
56 53 39 38
56 228 27 28
56 185 40 35
55 197 59 52
55 221 10 8
55 27 37 50
55 454 50 54
54 384 79 69
54 321 78 62
54 237 76 67
54 240 75 72
54 421 103 89
54 472 20 20
53 56 34 32
53 77 62 84
53 39 61 68
53 228 47 56
53 451 75 85
53 413 60 65
53 274 68 95
53 92 77 75
53 427 53 74
52 172 76 72
52 203 19 20
52 491 86 64
52 250 45 62
52 328 21 20
51 166 50 55
51 379 70 60
51 156 33 27
51 415 16 17
50 500 34 45
50 14 22 25
50 299 41 56
50 377 762 742
50 335 248 245
49 199 42 42
49 478 37 26
49 72 25 24
49 378 50 52
49 366 25 28
48 468 76 74
48 460 52 47
48 130 21 28
48 385 33 31
48 87 119 126
47 339 71 72
47 304 66 69
47 487 19 18
47 366 27 24
46 280 81 80
46 255 85 96
46 430 16 22
46 492 59 72
46 183 94 91
46 43 74 50
46 347 82 76
45 286 85 76
45 326 36 31
45 24 39 53
45 350 48 48
45 138 80 76
44 490 30 31
44 9 16 15
44 30 41 33
44 6 91 88
44 106 73 73
43 46 63 68
43 347 41 36
43 183 80 74
43 238 42 57
43 393 54 45
42 335 33 34
42 123 112 107
42 323 38 39
42 69 22 19
42 248 51 57
42 365 28 24
41 163 38 45
41 181 55 56
41 251 45 44
41 231 15 16
40 147 25 21
40 303 38 49
40 269 42 30
40 497 55 60
40 390 24 28
40 346 89 96
39 8 26 31
39 15 30 32
39 77 33 32
39 53 56 64
39 274 77 97
39 387 16 16
38 155 62 63
38 12 37 41
38 192 36 37
38 420 25 23
38 402 29 28
38 477 33 42
37 344 13 15
37 439 16 13
37 225 19 17
37 261 19 26
37 327 45 39
36 315 57 70
36 18 50 35
36 151 30 32
36 307 36 31
36 374 62 47
35 130 65 67
35 132 51 65
35 395 48 53
35 385 63 58
35 17 52 57
35 141 62 48
34 476 31 29
34 28 20 21
34 357 29 28
34 432 27 26
34 197 36 27
33 13 43 31
33 6 69 75
33 267 8 6
33 149 55 58
32 469 44 38
32 405 93 77
32 416 81 88
32 346 103 116
32 23 513 658
32 219 113 111
31 334 96 96
31 61 28 27
31 392 83 88
31 115 46 43
31 239 30 28
30 464 57 60
30 9 36 31
30 44 34 29
30 89 29 30
30 106 51 50
30 367 36 42
29 293 84 94
29 62 73 80
29 26 102 89
29 7 79 61
29 358 40 35
29 429 17 16
29 24 100 128
29 428 30 25
28 476 45 34
28 152 69 68
28 308 36 29
28 432 19 26
28 34 21 25
27 221 39 45
27 55 49 45
27 215 62 63
27 454 72 63
27 439 83 87
27 467 80 83
27 327 78 79
27 496 72 85
27 400 69 57
26 111 69 79
26 116 90 74
26 78 81 88
26 481 84 63
26 242 73 87
26 293 67 66
26 364 62 55
26 7 67 60
26 29 87 86
25 66 22 20
25 472 48 46
25 184 38 39
25 421 82 79
24 7 80 82
24 404 95 91
24 29 128 110
24 154 110 82
24 428 106 107
24 286 106 83
24 258 105 109
24 380 67 67
24 350 69 65
24 45 47 46
23 453 211 246
23 126 75 71
23 113 33 37
23 261 92 80
23 80 155 133
23 219 510 436
23 32 486 485
22 246 60 55
22 362 26 29
22 75 12 12
22 300 29 38
21 470 35 31
21 456 103 97
21 238 47 55
21 187 74 67
21 159 49 48
21 74 43 44
20 398 65 61
20 256 40 35
20 447 94 72
20 478 58 54
20 303 131 99
20 147 115 108
20 199 48 51
19 260 54 56
19 382 41 43
19 298 62 76
19 81 62 67
19 343 48 44
18 314 53 54
18 368 31 35
18 315 99 89
18 17 77 62
18 223 88 74
18 36 41 39
18 374 75 69
17 35 55 55
17 395 36 42
17 314 28 24
17 18 69 74
17 223 56 57
17 141 92 84
16 200 78 73
16 426 87 66
16 236 46 44
16 312 9 11
15 71 28 35
15 77 27 20
15 8 9 10
15 39 33 30
14 50 26 27
14 299 45 44
14 65 40 51
14 500 42 46
14 482 57 51
13 292 67 80
13 101 71 54
13 165 13 16
13 6 74 90
13 33 37 33
13 267 30 39
12 417 33 27
12 155 43 42
12 38 40 40
12 192 9 9
12 286 37 36
11 418 19 19
11 201 24 24
11 105 43 33
11 445 10 7
11 349 50 46
10 381 43 45
10 171 45 46
10 168 46 49
10 1 49 34
10 316 111 106
10 332 39 47
10 278 95 102
9 127 33 27
9 490 24 27
9 464 39 44
9 44 14 15
9 30 35 32
8 220 60 47
8 273 38 50
8 71 43 33
8 39 22 26
8 15 7 9
8 271 35 36
8 387 29 33
7 364 62 68
7 26 75 76
7 29 62 63
7 404 19 21
7 24 91 90
6 138 85 80
6 490 73 96
6 101 94 110
6 13 71 96
6 33 72 57
6 44 84 89
6 106 94 86
6 489 83 59
6 315 106 131
6 149 98 119
5 411 250 261
5 285 175 186
5 379 101 118
5 415 45 49
5 87 315 237
5 212 176 162
5 62 51 49
5 481 27 33
5 435 25 24
4 297 33 35
4 345 56 71
4 396 66 54
4 494 48 39
4 61 69 64
4 115 81 71
4 79 75 69
3 328 54 42
3 250 18 17
3 88 46 53
3 60 10 10
3 136 45 40
2 242 52 58
2 338 46 43
2 213 19 18
2 361 21 30
2 176 18 18
2 302 35 30
2 436 25 30
1 265 34 37
1 425 47 41
1 406 25 30
1 381 16 14
1 10 41 48
1 168 36 40
