nnodes narcs source target drone_limit type
30 154 23 5 83 drone_routing_pli_project1
nodename posx posy
30 27.6361 138.377
29 591.696 265.061
28 2.20799 197.019
27 557.628 997.166
26 433.149 368.76
25 163.674 273.388
24 777.064 939.94
23 699.359 499.908
22 966.475 955.418
21 118.319 373.219
20 41.187 122.557
19 390.299 541.058
18 197.212 714.46
17 481.455 665.364
16 7.69238 606.643
15 745.059 816.21
14 961.165 885.922
13 24.9005 484.107
12 390.627 121.135
11 120.76 513.731
10 79.3911 312.879
9 803.492 138.988
8 620.534 283.871
7 332.658 476
6 66.6987 232.196
5 380.276 229.809
4 673.776 855.438
3 530.047 649.67
2 50.1539 732.548
1 654.037 568.264
tail head car_cost drone_cost
30 28 71 18
30 6 117 22
30 20 20 5
29 9 212 73
29 8 41 9
29 26 161 50
29 12 208 62
29 5 175 50
28 10 115 34
28 30 55 16
28 6 64 19
28 13 289 72
28 16 411 101
27 22 336 94
27 24 226 62
27 4 212 49
27 2 570 146
27 17 277 80
27 18 458 100
26 23 331 67
26 8 221 58
26 29 223 46
26 1 263 85
26 19 158 43
26 5 127 42
26 7 126 40
25 5 246 50
25 12 235 65
25 7 238 67
25 21 110 33
25 10 87 24
25 20 157 58
25 6 88 27
24 22 158 50
24 14 229 46
24 27 211 54
24 15 145 38
24 4 118 31
23 9 360 81
23 14 423 120
23 15 341 79
23 1 78 23
23 26 350 83
23 8 222 60
22 27 440 92
22 14 83 16
22 24 166 47
21 7 225 56
21 25 110 33
21 10 63 17
21 13 168 39
21 11 162 33
20 12 381 91
20 25 226 58
20 30 19 6
20 6 93 31
19 3 150 46
19 17 124 32
19 1 233 60
19 26 155 42
19 7 90 20
19 18 210 58
18 27 432 101
18 17 346 58
18 19 248 78
18 7 320 78
18 2 176 44
18 11 245 50
18 16 250 50
17 27 331 82
17 4 270 79
17 3 47 13
17 19 136 37
17 18 299 61
16 2 111 34
16 18 251 55
16 11 139 34
16 13 144 37
16 28 340 84
15 14 227 47
15 24 140 27
15 4 83 18
15 23 320 80
15 1 276 61
15 3 295 76
14 22 81 21
14 24 202 45
14 15 194 67
14 9 771 224
14 23 437 97
13 10 161 48
13 21 161 41
13 11 102 23
13 28 345 82
13 16 103 35
12 9 412 96
12 29 211 61
12 5 97 33
12 20 301 104
12 25 328 77
11 7 218 64
11 18 246 64
11 16 135 30
11 21 131 42
11 13 82 25
10 25 110 27
10 21 72 22
10 13 164 44
10 6 84 21
10 28 146 36
9 8 280 58
9 23 435 77
9 14 620 155
9 12 444 119
9 29 290 57
8 9 193 60
8 23 264 63
8 29 36 8
8 26 229 51
7 19 75 21
7 26 150 41
7 5 293 56
7 18 263 62
7 11 244 64
7 25 254 76
7 21 284 67
6 25 118 31
6 10 75 24
6 28 67 22
6 30 85 30
6 20 135 26
5 29 228 58
5 12 90 24
5 26 145 41
5 25 215 62
5 7 284 65
4 24 114 30
4 15 73 19
4 27 208 38
4 3 279 64
4 17 300 77
3 15 325 78
3 1 175 44
3 4 301 55
3 19 195 48
3 17 42 13
2 27 603 126
2 18 139 44
2 16 119 28
1 23 87 18
1 15 213 69
1 3 175 43
1 26 305 78
1 19 296 63
