nnodes narcs source target drone_limit type
30 154 30 4 25 drone_routing_pli_project1
nodename posx posy
30 390.405 764.816
29 630.597 929.251
28 877.155 74.4134
27 784.828 763.968
26 350.988 108.022
25 778.294 37.0751
24 444.482 982.164
23 45.8001 432.362
22 850.44 128.297
21 15.5657 997.311
20 955.938 614.512
19 481.48 137.769
18 225.964 657.914
17 654.453 549.801
16 778.592 399.323
15 862.447 455.172
14 984.527 316.605
13 388.979 865.367
12 851.977 303.747
11 286.993 614.677
10 170.354 370.348
9 543.106 779.788
8 177.094 660.641
7 732.693 279.944
6 971.862 451.813
5 256.869 850.988
4 169.171 477.105
3 518.233 865.638
2 788.599 198.069
1 524.84 272.854
tail head car_cost drone_cost
30 9 175 42
30 17 313 93
30 3 159 44
30 13 85 28
30 5 151 44
30 11 192 38
30 18 206 49
29 20 513 95
29 27 212 54
29 24 167 40
29 9 172 46
29 3 152 36
28 25 109 22
28 22 58 15
28 14 214 57
27 20 191 54
27 29 243 52
27 17 244 76
27 9 260 66
26 25 472 124
26 1 208 54
26 19 139 40
26 23 372 109
26 10 362 71
25 28 112 26
25 22 138 26
25 2 171 48
25 26 490 93
25 19 299 68
24 29 231 46
24 3 149 35
24 21 385 126
24 13 141 38
24 5 195 51
23 26 357 134
23 21 455 152
23 10 144 38
23 4 120 33
23 8 240 58
22 28 71 16
22 14 253 68
22 25 139 35
22 2 80 24
22 12 174 41
21 24 415 110
21 5 228 80
21 8 300 89
21 23 614 117
20 6 191 35
20 29 406 104
20 27 252 53
20 15 157 56
20 17 258 70
19 2 334 79
19 25 304 66
19 7 303 59
19 26 108 38
19 1 128 36
18 30 168 48
18 11 74 21
18 5 202 40
18 4 178 48
18 8 49 15
17 20 353 75
17 15 250 64
17 16 186 40
17 27 278 71
17 9 289 52
17 30 304 76
17 11 372 91
17 1 253 92
16 12 121 25
16 15 116 21
16 17 191 53
16 7 140 28
16 1 247 80
15 6 96 32
15 14 192 52
15 20 166 45
15 12 173 38
15 16 111 27
15 17 191 50
14 6 122 33
14 15 159 47
14 12 121 38
14 28 262 79
14 22 260 66
13 3 105 36
13 30 101 26
13 5 120 34
13 24 148 36
12 14 121 36
12 15 149 36
12 16 145 29
12 22 199 36
12 2 109 33
12 7 99 34
11 17 317 82
11 1 424 96
11 30 211 41
11 18 63 22
11 10 237 81
11 4 185 43
10 1 361 78
10 26 273 74
10 11 233 71
10 23 138 31
10 4 117 24
9 27 231 60
9 29 206 46
9 17 250 69
9 30 126 42
9 3 80 22
8 5 182 50
8 18 44 12
8 21 356 107
8 4 202 56
8 23 223 74
7 12 125 29
7 2 117 30
7 16 143 29
7 19 316 74
7 1 171 55
6 14 162 35
6 15 104 27
6 20 140 45
5 13 130 28
5 24 228 68
5 30 145 47
5 21 302 75
5 18 221 51
5 8 174 57
4 18 209 43
4 11 158 37
4 10 128 31
4 23 152 38
4 8 179 47
3 29 124 31
3 9 81 19
3 24 143 35
3 30 143 43
3 13 111 34
2 22 93 28
2 12 132 31
2 7 116 21
2 25 181 36
2 19 344 81
1 16 286 81
1 7 200 43
1 17 308 92
1 11 371 118
1 10 346 92
1 26 254 56
1 19 155 32
