nnodes narcs source target type
30 870 2 16 drone_routing_pli_project2
nodename posx posy
30 939.328 259.061
29 474.992 272.491
28 377.366 564.835
27 876.027 696.759
26 679.633 150.975
25 319.815 982.327
24 774.809 813.267
23 660.036 702.546
22 314.577 436.784
21 426.58 500.941
20 296.934 646.692
19 116.756 750.923
18 110.957 884.096
17 962.459 12.0538
16 694.994 228.603
15 392.896 899.323
14 891.081 593.873
13 932.664 340.327
12 6.57788 573.299
11 622.059 210.893
10 806.502 140.473
9 584.649 216.588
8 950.854 153.56
7 132.554 64.1665
6 351.209 573.345
5 750.497 366.274
4 187.59 990.434
3 565.489 1.76691
2 834.817 335.986
1 41.6303 454.492
tail head car_cost drone_cost
30 29 -1 238
30 28 -1 -1
30 27 -1 260
30 26 -1 138
30 25 -1 -1
30 24 -1 -1
30 23 -1 248
30 22 -1 -1
30 21 -1 -1
30 20 -1 -1
30 19 -1 -1
30 18 -1 -1
30 17 -1 126
30 16 -1 102
30 15 -1 -1
30 14 -1 142
30 13 87 48
30 12 -1 -1
30 11 -1 184
30 10 184 88
30 9 -1 176
30 8 108 56
30 7 -1 -1
30 6 -1 -1
30 5 -1 118
30 4 -1 -1
30 3 -1 218
30 2 131 60
30 1 -1 -1
29 30 -1 262
29 28 -1 184
29 27 -1 254
29 26 -1 136
29 25 -1 -1
29 24 -1 -1
29 23 -1 224
29 22 246 114
29 21 253 120
29 20 -1 210
29 19 -1 262
29 18 -1 -1
29 17 -1 -1
29 16 -1 106
29 15 -1 -1
29 14 -1 -1
29 13 -1 278
29 12 -1 -1
29 11 -1 94
29 10 -1 182
29 9 103 52
29 8 -1 -1
29 7 443 210
29 6 -1 176
29 5 257 172
29 4 -1 -1
29 3 261 142
29 2 -1 188
29 1 -1 204
28 30 -1 -1
28 29 -1 124
28 27 -1 274
28 26 -1 264
28 25 -1 198
28 24 -1 250
28 23 328 172
28 22 146 70
28 21 77 34
28 20 135 56
28 19 -1 176
28 18 -1 180
28 17 -1 -1
28 16 -1 186
28 15 337 162
28 14 -1 216
28 13 -1 -1
28 12 -1 168
28 11 -1 252
28 10 -1 248
28 9 -1 202
28 8 -1 -1
28 7 -1 -1
28 6 30 16
28 5 -1 232
28 4 -1 268
28 3 -1 270
28 2 -1 256
28 1 -1 152
27 30 -1 214
27 29 -1 262
27 28 -1 246
27 26 -1 -1
27 25 -1 274
27 24 159 78
27 23 180 88
27 22 -1 -1
27 21 -1 246
27 20 -1 -1
27 19 -1 -1
27 18 -1 -1
27 17 -1 -1
27 16 -1 228
27 15 -1 278
27 14 108 52
27 13 317 170
27 12 -1 -1
27 11 -1 -1
27 10 -1 -1
27 9 -1 234
27 8 -1 244
27 7 -1 -1
27 6 -1 -1
27 5 -1 190
27 4 -1 -1
27 3 -1 -1
27 2 -1 164
27 1 -1 -1
26 30 -1 158
26 29 -1 102
26 28 -1 264
26 27 -1 -1
26 25 -1 -1
26 24 -1 -1
26 23 -1 270
26 22 -1 238
26 21 -1 216
26 20 -1 -1
26 19 -1 -1
26 18 -1 -1
26 17 -1 134
26 16 94 38
26 15 -1 -1
26 14 -1 278
26 13 -1 128
26 12 -1 -1
26 11 75 34
26 10 116 72
26 9 108 56
26 8 -1 150
26 7 -1 234
26 6 -1 -1
26 5 -1 124
26 4 -1 -1
26 3 211 106
26 2 -1 132
26 1 -1 -1
25 30 -1 -1
25 29 -1 -1
25 28 -1 252
25 27 -1 -1
25 26 -1 -1
25 24 502 268
25 23 -1 184
25 22 -1 230
25 21 -1 204
25 20 -1 162
25 19 -1 164
25 18 245 98
25 17 -1 -1
25 16 -1 -1
25 15 131 48
25 14 -1 -1
25 13 -1 -1
25 12 -1 274
25 11 -1 -1
25 10 -1 -1
25 9 -1 -1
25 8 -1 -1
25 7 -1 -1
25 6 -1 194
25 5 -1 -1
25 4 154 58
25 3 -1 -1
25 2 -1 -1
25 1 -1 -1
24 30 -1 248
24 29 -1 276
24 28 -1 278
24 27 147 82
24 26 -1 -1
24 25 436 230
24 23 159 94
24 22 -1 -1
24 21 -1 256
24 20 -1 256
24 19 -1 -1
24 18 -1 -1
24 17 -1 -1
24 16 -1 -1
24 15 457 228
24 14 -1 100
24 13 -1 268
24 12 -1 -1
24 11 -1 254
24 10 -1 278
24 9 -1 -1
24 8 -1 -1
24 7 -1 -1
24 6 -1 208
24 5 -1 228
24 4 -1 -1
24 3 -1 -1
24 2 -1 230
24 1 -1 -1
23 30 -1 -1
23 29 -1 228
23 28 301 130
23 27 202 106
23 26 -1 236
23 25 -1 204
23 24 188 68
23 22 -1 250
23 21 369 178
23 20 -1 180
23 19 -1 242
23 18 -1 262
23 17 -1 -1
23 16 -1 216
23 15 345 200
23 14 289 124
23 13 -1 244
23 12 -1 -1
23 11 -1 270
23 10 -1 280
23 9 -1 -1
23 8 -1 -1
23 7 -1 -1
23 6 -1 186
23 5 323 172
23 4 -1 -1
23 3 -1 -1
23 2 -1 178
23 1 -1 -1
22 30 -1 264
22 29 272 122
22 28 146 78
22 27 -1 -1
22 26 -1 234
22 25 -1 266
22 24 -1 -1
22 23 -1 220
22 21 114 78
22 20 217 118
22 19 -1 182
22 18 -1 206
22 17 -1 -1
22 16 -1 192
22 15 -1 234
22 14 -1 -1
22 13 -1 270
22 12 -1 146
22 11 -1 180
22 10 -1 -1
22 9 -1 168
22 8 -1 -1
22 7 495 172
22 6 150 84
22 5 -1 192
22 4 -1 -1
22 3 -1 262
22 2 -1 248
22 1 258 116
21 30 -1 -1
21 29 248 140
21 28 68 40
21 27 -1 210
21 26 -1 218
21 25 -1 -1
21 24 -1 248
21 23 348 130
21 22 138 60
21 20 -1 110
21 19 -1 208
21 18 -1 210
21 17 -1 -1
21 16 -1 218
21 15 -1 230
21 14 -1 276
21 13 -1 -1
21 12 -1 194
21 11 -1 184
21 10 -1 236
21 9 -1 158
21 8 -1 256
21 7 -1 236
21 6 -1 60
21 5 421 194
21 4 -1 280
21 3 -1 262
21 2 -1 208
21 1 -1 178
20 30 -1 -1
20 29 -1 204
20 28 101 66
20 27 -1 260
20 26 -1 -1
20 25 -1 186
20 24 -1 232
20 23 -1 218
20 22 178 88
20 21 -1 108
20 19 239 114
20 18 -1 150
20 17 -1 -1
20 16 -1 -1
20 15 325 112
20 14 -1 -1
20 13 -1 -1
20 12 248 124
20 11 -1 224
20 10 -1 -1
20 9 -1 250
20 8 -1 -1
20 7 -1 248
20 6 81 46
20 5 -1 230
20 4 -1 196
20 3 -1 -1
20 2 -1 -1
20 1 337 176
19 30 -1 -1
19 29 -1 266
19 28 -1 176
19 27 -1 -1
19 26 -1 -1
19 25 -1 172
19 24 -1 -1
19 23 -1 238
19 22 -1 154
19 21 -1 198
19 20 191 100
19 18 126 78
19 17 -1 -1
19 16 -1 -1
19 15 358 138
19 14 -1 -1
19 13 -1 -1
19 12 227 106
19 11 -1 -1
19 10 -1 -1
19 9 -1 -1
19 8 -1 -1
19 7 -1 -1
19 6 -1 132
19 5 -1 -1
19 4 -1 126
19 3 -1 -1
19 2 -1 -1
19 1 -1 146
18 30 -1 -1
18 29 -1 -1
18 28 -1 196
18 27 -1 -1
18 26 -1 -1
18 25 277 98
18 24 -1 -1
18 23 -1 238
18 22 -1 222
18 21 -1 278
18 20 -1 156
18 19 155 60
18 17 -1 -1
18 16 -1 -1
18 15 255 156
18 14 -1 -1
18 13 -1 -1
18 12 357 186
18 11 -1 -1
18 10 -1 -1
18 9 -1 -1
18 8 -1 -1
18 7 -1 -1
18 6 -1 170
18 5 -1 -1
18 4 113 72
18 3 -1 -1
18 2 -1 -1
18 1 -1 244
17 30 -1 110
17 29 -1 258
17 28 -1 -1
17 27 -1 -1
17 26 -1 180
17 25 -1 -1
17 24 -1 -1
17 23 -1 -1
17 22 -1 -1
17 21 -1 -1
17 20 -1 -1
17 19 -1 -1
17 18 -1 -1
17 16 -1 146
17 15 -1 -1
17 14 -1 254
17 13 -1 136
17 12 -1 -1
17 11 -1 160
17 10 183 112
17 9 -1 232
17 8 164 64
17 7 -1 -1
17 6 -1 -1
17 5 -1 222
17 4 -1 -1
17 3 387 208
17 2 -1 156
17 1 -1 -1
16 30 -1 126
16 29 -1 128
16 28 -1 202
16 27 -1 276
16 26 81 36
16 25 -1 -1
16 24 -1 -1
16 23 -1 240
16 22 -1 240
16 21 -1 194
16 20 -1 -1
16 19 -1 -1
16 18 -1 -1
16 17 -1 168
16 15 -1 -1
16 14 -1 234
16 13 -1 144
16 12 -1 -1
16 11 82 42
16 10 147 72
16 9 -1 58
16 8 -1 128
16 7 -1 246
16 6 -1 244
16 5 177 84
16 4 -1 -1
16 3 -1 116
16 2 171 94
16 1 -1 280
15 30 -1 -1
15 29 -1 -1
15 28 335 142
15 27 -1 216
15 26 -1 -1
15 25 100 54
15 24 433 230
15 23 267 178
15 22 -1 250
15 21 -1 168
15 20 228 156
15 19 314 188
15 18 281 162
15 17 -1 -1
15 16 -1 -1
15 14 -1 -1
15 13 -1 -1
15 12 -1 214
15 11 -1 -1
15 10 -1 -1
15 9 -1 -1
15 8 -1 -1
15 7 -1 -1
15 6 -1 134
15 5 -1 -1
15 4 -1 136
15 3 -1 -1
15 2 -1 -1
15 1 -1 234
14 30 -1 162
14 29 -1 -1
14 28 -1 248
14 27 100 48
14 26 -1 208
14 25 -1 -1
14 24 -1 128
14 23 276 150
14 22 -1 -1
14 21 -1 246
14 20 -1 -1
14 19 -1 -1
14 18 -1 -1
14 17 -1 -1
14 16 -1 192
14 15 -1 -1
14 13 295 112
14 12 -1 -1
14 11 -1 276
14 10 -1 242
14 9 -1 -1
14 8 -1 210
14 7 -1 -1
14 6 -1 274
14 5 259 116
14 4 -1 -1
14 3 -1 -1
14 2 235 108
14 1 -1 -1
13 30 75 36
13 29 -1 250
13 28 -1 278
13 27 393 146
13 26 -1 134
13 25 -1 -1
13 24 -1 228
13 23 -1 254
13 22 -1 -1
13 21 -1 234
13 20 -1 -1
13 19 -1 -1
13 18 -1 -1
13 17 -1 180
13 16 -1 112
13 15 -1 -1
13 14 276 140
13 12 -1 -1
13 11 -1 186
13 10 -1 132
13 9 -1 208
13 8 184 100
13 7 -1 -1
13 6 -1 262
13 5 -1 86
13 4 -1 -1
13 3 -1 204
13 2 90 48
13 1 -1 -1
12 30 -1 -1
12 29 -1 -1
12 28 -1 152
12 27 -1 -1
12 26 -1 -1
12 25 -1 210
12 24 -1 -1
12 23 -1 280
12 22 -1 144
12 21 -1 210
12 20 267 130
12 19 194 98
12 18 273 136
12 17 -1 -1
12 16 -1 -1
12 15 -1 260
12 14 -1 -1
12 13 -1 -1
12 11 -1 -1
12 10 -1 -1
12 9 -1 -1
12 8 -1 -1
12 7 550 252
12 6 -1 154
12 5 -1 -1
12 4 -1 258
12 3 -1 -1
12 2 -1 -1
12 1 117 58
11 30 -1 166
11 29 -1 92
11 28 -1 204
11 27 -1 -1
11 26 98 44
11 25 -1 -1
11 24 -1 -1
11 23 -1 224
11 22 -1 216
11 21 -1 174
11 20 -1 -1
11 19 -1 -1
11 18 -1 -1
11 17 -1 186
11 16 77 38
11 15 -1 -1
11 14 -1 264
11 13 -1 152
11 12 -1 -1
11 10 -1 102
11 9 41 20
11 8 -1 190
11 7 -1 -1
11 6 -1 224
11 5 185 108
11 4 -1 -1
11 3 -1 120
11 2 -1 142
11 1 -1 -1
10 30 187 100
10 29 -1 202
10 28 -1 -1
10 27 -1 -1
10 26 117 72
10 25 -1 -1
10 24 -1 -1
10 23 -1 -1
10 22 -1 276
10 21 -1 280
10 20 -1 -1
10 19 -1 -1
10 18 -1 -1
10 17 176 104
10 16 136 62
10 15 -1 -1
10 14 -1 252
10 13 -1 126
10 12 -1 -1
10 11 -1 86
10 9 -1 112
10 8 123 72
10 7 -1 -1
10 6 -1 -1
10 5 -1 102
10 4 -1 -1
10 3 290 138
10 2 200 102
10 1 -1 -1
9 30 -1 170
9 29 121 54
9 28 -1 226
9 27 -1 280
9 26 130 70
9 25 -1 -1
9 24 -1 -1
9 23 -1 238
9 22 -1 206
9 21 -1 158
9 20 -1 232
9 19 -1 -1
9 18 -1 -1
9 17 -1 258
9 16 -1 56
9 15 -1 -1
9 14 -1 206
9 13 -1 204
9 12 -1 -1
9 11 43 22
9 10 -1 132
9 8 -1 160
9 7 -1 242
9 6 -1 198
9 5 211 92
9 4 -1 -1
9 3 235 114
9 2 -1 148
9 1 -1 -1
8 30 117 56
8 29 -1 206
8 28 -1 -1
8 27 -1 252
8 26 -1 110
8 25 -1 -1
8 24 -1 -1
8 23 -1 264
8 22 -1 -1
8 21 -1 -1
8 20 -1 -1
8 19 -1 -1
8 18 -1 -1
8 17 130 76
8 16 -1 148
8 15 -1 -1
8 14 -1 234
8 13 208 112
8 12 -1 -1
8 11 -1 194
8 10 138 72
8 9 -1 194
8 7 -1 -1
8 6 -1 -1
8 5 -1 134
8 4 -1 -1
8 3 -1 236
8 2 -1 130
8 1 -1 -1
7 30 -1 -1
7 29 336 170
7 28 -1 258
7 27 -1 -1
7 26 -1 230
7 25 -1 -1
7 24 -1 -1
7 23 -1 -1
7 22 429 250
7 21 -1 230
7 20 -1 -1
7 19 -1 -1
7 18 -1 -1
7 17 -1 -1
7 16 -1 -1
7 15 -1 -1
7 14 -1 -1
7 13 -1 -1
7 12 628 228
7 11 -1 234
7 10 -1 -1
7 9 -1 228
7 8 -1 -1
7 6 -1 -1
7 5 -1 -1
7 4 -1 -1
7 3 413 190
7 2 -1 -1
7 1 331 174
6 30 -1 -1
6 29 -1 160
6 28 25 16
6 27 -1 238
6 26 -1 244
6 25 -1 216
6 24 -1 208
6 23 -1 198
6 22 169 78
6 21 -1 48
6 20 105 54
6 19 -1 164
6 18 -1 192
6 17 -1 -1
6 16 -1 232
6 15 -1 174
6 14 -1 252
6 13 -1 -1
6 12 -1 158
6 11 -1 266
6 10 -1 -1
6 9 -1 184
6 8 -1 -1
6 7 -1 -1
6 5 -1 188
6 4 -1 262
6 3 -1 -1
6 2 -1 218
6 1 -1 176
5 30 -1 88
5 29 294 156
5 28 -1 246
5 27 -1 144
5 26 -1 136
5 25 -1 -1
5 24 -1 252
5 23 327 192
5 22 -1 228
5 21 356 170
5 20 -1 -1
5 19 -1 -1
5 18 -1 -1
5 17 -1 232
5 16 132 68
5 15 -1 -1
5 14 299 136
5 13 -1 110
5 12 -1 -1
5 11 207 104
5 10 -1 140
5 9 220 118
5 8 -1 142
5 7 -1 -1
5 6 -1 234
5 4 -1 -1
5 3 -1 208
5 2 87 42
5 1 -1 -1
4 30 -1 -1
4 29 -1 -1
4 28 -1 200
4 27 -1 -1
4 26 -1 -1
4 25 155 68
4 24 -1 -1
4 23 -1 -1
4 22 -1 238
4 21 -1 244
4 20 -1 194
4 19 -1 146
4 18 118 58
4 17 -1 -1
4 16 -1 -1
4 15 -1 128
4 14 -1 -1
4 13 -1 -1
4 12 -1 256
4 11 -1 -1
4 10 -1 -1
4 9 -1 -1
4 8 -1 -1
4 7 -1 -1
4 6 -1 208
4 5 -1 -1
4 3 -1 -1
4 2 -1 -1
4 1 -1 238
3 30 -1 252
3 29 318 150
3 28 -1 -1
3 27 -1 -1
3 26 170 84
3 25 -1 -1
3 24 -1 -1
3 23 -1 -1
3 22 -1 220
3 21 -1 -1
3 20 -1 -1
3 19 -1 -1
3 18 -1 -1
3 17 441 168
3 16 -1 146
3 15 -1 -1
3 14 -1 -1
3 13 -1 280
3 12 -1 -1
3 11 -1 124
3 10 263 144
3 9 232 88
3 8 -1 218
3 7 409 238
3 6 -1 -1
3 5 -1 238
3 4 -1 -1
3 2 -1 222
3 1 -1 -1
2 30 143 66
2 29 -1 174
2 28 -1 256
2 27 -1 160
2 26 -1 146
2 25 -1 -1
2 24 -1 266
2 23 -1 196
2 22 -1 234
2 21 -1 188
2 20 -1 -1
2 19 -1 -1
2 18 -1 -1
2 17 -1 172
2 16 173 94
2 15 -1 -1
2 14 245 108
2 13 102 46
2 12 -1 -1
2 11 -1 102
2 10 170 98
2 9 -1 160
2 8 -1 126
2 7 -1 -1
2 6 -1 238
2 5 73 50
2 4 -1 -1
2 3 -1 236
2 1 -1 -1
1 30 -1 -1
1 29 -1 204
1 28 -1 206
1 27 -1 -1
1 26 -1 -1
1 25 -1 -1
1 24 -1 -1
1 23 -1 -1
1 22 233 150
1 21 -1 170
1 20 377 172
1 19 -1 154
1 18 -1 258
1 17 -1 -1
1 16 -1 -1
1 15 -1 248
1 14 -1 -1
1 13 -1 -1
1 12 127 54
1 11 -1 -1
1 10 -1 -1
1 9 -1 -1
1 8 -1 -1
1 7 440 234
1 6 -1 178
1 5 -1 -1
1 4 -1 260
1 3 -1 -1
1 2 -1 -1
