nnodes narcs source target type
30 870 10 3 drone_routing_pli_project2
nodename posx posy
30 302.097 885.499
29 513.893 936.681
28 252.313 442.23
27 103.227 463.561
26 597.471 890.237
25 934.435 746.014
24 442.228 855.491
23 6.47672 635
22 198.543 609.662
21 323.826 125.034
20 211.685 138.647
19 207.937 347.634
18 139.709 827.551
17 135.458 896.491
16 465.894 21.2827
15 510.284 538.285
14 914.442 24.5556
13 296.743 721.587
12 467.928 755.911
11 788.292 311.839
10 897.465 197.942
9 324.264 857.388
8 507.414 530.33
7 532.589 868.111
6 256.372 792.962
5 627.09 987.452
4 682.985 612.102
3 553.675 217.735
2 573.263 801.507
1 912.433 159.083
tail head car_cost drone_cost
30 29 229 130
30 28 -1 182
30 27 -1 244
30 26 -1 152
30 25 -1 -1
30 24 153 76
30 23 -1 204
30 22 -1 160
30 21 -1 -1
30 20 -1 -1
30 19 -1 258
30 18 -1 82
30 17 152 78
30 16 -1 -1
30 15 -1 218
30 14 -1 -1
30 13 -1 72
30 12 -1 128
30 11 -1 -1
30 10 -1 -1
30 9 29 22
30 8 -1 224
30 7 -1 98
30 6 85 62
30 5 -1 186
30 4 -1 242
30 3 -1 -1
30 2 -1 118
30 1 -1 -1
29 30 185 104
29 28 -1 272
29 27 -1 -1
29 26 86 46
29 25 -1 210
29 24 128 50
29 23 -1 -1
29 22 -1 218
29 21 -1 -1
29 20 -1 -1
29 19 -1 -1
29 18 -1 218
29 17 330 182
29 16 -1 -1
29 15 -1 220
29 14 -1 -1
29 13 -1 172
29 12 -1 96
29 11 -1 -1
29 10 -1 -1
29 9 -1 100
29 8 -1 192
29 7 70 40
29 6 -1 170
29 5 136 66
29 4 -1 214
29 3 -1 -1
29 2 -1 64
29 1 -1 -1
28 30 -1 232
28 29 -1 -1
28 27 165 66
28 26 -1 -1
28 25 -1 -1
28 24 -1 212
28 23 -1 148
28 22 178 86
28 21 -1 194
28 20 -1 130
28 19 103 46
28 18 -1 206
28 17 -1 194
28 16 -1 210
28 15 -1 150
28 14 -1 -1
28 13 -1 130
28 12 -1 160
28 11 -1 -1
28 10 -1 -1
28 9 -1 210
28 8 221 112
28 7 -1 264
28 6 -1 178
28 5 -1 -1
28 4 -1 232
28 3 421 206
28 2 -1 258
28 1 -1 -1
27 30 -1 236
27 29 -1 -1
27 28 127 88
27 26 -1 -1
27 25 -1 -1
27 24 -1 -1
27 23 203 96
27 22 153 82
27 21 -1 216
27 20 341 190
27 19 159 84
27 18 -1 192
27 17 -1 184
27 16 -1 -1
27 15 -1 178
27 14 -1 -1
27 13 -1 176
27 12 -1 256
27 11 -1 -1
27 10 -1 -1
27 9 -1 224
27 8 -1 242
27 7 -1 260
27 6 -1 218
27 5 -1 -1
27 4 -1 256
27 3 -1 270
27 2 -1 -1
27 1 -1 -1
26 30 -1 160
26 29 78 44
26 28 -1 -1
26 27 -1 -1
26 25 311 182
26 24 -1 78
26 23 -1 -1
26 22 -1 252
26 21 -1 -1
26 20 -1 -1
26 19 -1 -1
26 18 -1 276
26 17 -1 210
26 16 -1 -1
26 15 -1 152
26 14 -1 -1
26 13 -1 176
26 12 -1 98
26 11 -1 254
26 10 -1 -1
26 9 -1 144
26 8 -1 178
26 7 61 30
26 6 -1 208
26 5 108 56
26 4 -1 146
26 3 -1 -1
26 2 89 52
26 1 -1 -1
25 30 -1 -1
25 29 -1 202
25 28 -1 -1
25 27 -1 -1
25 26 325 168
25 24 -1 -1
25 23 -1 -1
25 22 -1 -1
25 21 -1 -1
25 20 -1 -1
25 19 -1 -1
25 18 -1 -1
25 17 -1 -1
25 16 -1 -1
25 15 -1 218
25 14 823 -1
25 13 -1 -1
25 12 -1 216
25 11 516 214
25 10 540 244
25 9 -1 -1
25 8 -1 270
25 7 -1 172
25 6 -1 -1
25 5 362 168
25 4 240 146
25 3 -1 264
25 2 303 206
25 1 572 272
24 30 168 72
24 29 97 50
24 28 -1 240
24 27 -1 230
24 26 -1 66
24 25 -1 262
24 23 -1 216
24 22 -1 200
24 21 -1 -1
24 20 -1 -1
24 19 -1 -1
24 18 -1 124
24 17 -1 178
24 16 -1 -1
24 15 -1 156
24 14 -1 -1
24 13 -1 100
24 12 88 42
24 11 -1 -1
24 10 -1 -1
24 9 100 72
24 8 -1 172
24 7 109 52
24 6 -1 118
24 5 -1 120
24 4 -1 148
24 3 -1 -1
24 2 -1 68
24 1 -1 -1
23 30 -1 216
23 29 -1 260
23 28 -1 152
23 27 176 108
23 26 -1 258
23 25 -1 -1
23 24 -1 250
23 22 203 84
23 21 -1 -1
23 20 431 260
23 19 -1 190
23 18 252 98
23 17 347 170
23 16 -1 -1
23 15 -1 238
23 14 -1 -1
23 13 -1 154
23 12 -1 226
23 11 -1 -1
23 10 -1 -1
23 9 -1 170
23 8 -1 254
23 7 -1 -1
23 6 -1 142
23 5 -1 -1
23 4 -1 -1
23 3 -1 -1
23 2 -1 -1
23 1 -1 -1
22 30 -1 170
22 29 -1 254
22 28 210 90
22 27 173 72
22 26 -1 240
22 25 -1 -1
22 24 -1 190
22 23 193 86
22 21 -1 208
22 20 -1 278
22 19 -1 150
22 18 194 108
22 17 -1 128
22 16 -1 -1
22 15 -1 172
22 14 -1 -1
22 13 146 86
22 12 -1 148
22 11 -1 -1
22 10 -1 -1
22 9 -1 156
22 8 332 160
22 7 -1 226
22 6 216 112
22 5 -1 -1
22 4 -1 260
22 3 -1 -1
22 2 -1 186
22 1 -1 -1
21 30 -1 -1
21 29 -1 -1
21 28 -1 170
21 27 -1 164
21 26 -1 -1
21 25 -1 -1
21 24 -1 -1
21 23 -1 266
21 22 -1 258
21 20 131 64
21 19 281 104
21 18 -1 -1
21 17 -1 -1
21 16 184 98
21 15 -1 192
21 14 -1 -1
21 13 -1 254
21 12 -1 -1
21 11 -1 218
21 10 -1 -1
21 9 -1 -1
21 8 -1 220
21 7 -1 -1
21 6 -1 -1
21 5 -1 -1
21 4 -1 272
21 3 203 120
21 2 -1 -1
21 1 -1 -1
20 30 -1 -1
20 29 -1 -1
20 28 -1 150
20 27 305 186
20 26 -1 -1
20 25 -1 -1
20 24 -1 -1
20 23 547 232
20 22 -1 248
20 21 136 48
20 19 189 114
20 18 -1 -1
20 17 -1 -1
20 16 312 118
20 15 -1 222
20 14 -1 -1
20 13 -1 -1
20 12 -1 -1
20 11 -1 -1
20 10 -1 -1
20 9 -1 -1
20 8 -1 250
20 7 -1 -1
20 6 -1 -1
20 5 -1 -1
20 4 -1 -1
20 3 -1 200
20 2 -1 -1
20 1 -1 -1
19 30 -1 -1
19 29 -1 -1
19 28 117 60
19 27 187 72
19 26 -1 -1
19 25 -1 -1
19 24 -1 280
19 23 -1 152
19 22 -1 152
19 21 266 118
19 20 216 112
19 18 -1 268
19 17 -1 -1
19 16 -1 172
19 15 -1 204
19 14 -1 -1
19 13 -1 230
19 12 -1 242
19 11 -1 -1
19 10 -1 -1
19 9 -1 274
19 8 -1 200
19 7 -1 266
19 6 -1 244
19 5 -1 -1
19 4 -1 -1
19 3 390 158
19 2 -1 -1
19 1 -1 -1
18 30 -1 82
18 29 -1 212
18 28 -1 210
18 27 -1 216
18 26 -1 210
18 25 -1 -1
18 24 -1 154
18 23 220 126
18 22 268 104
18 21 -1 -1
18 20 -1 -1
18 19 -1 252
18 17 81 34
18 16 -1 -1
18 15 -1 192
18 14 -1 -1
18 13 -1 102
18 12 -1 184
18 11 -1 -1
18 10 -1 -1
18 9 -1 106
18 8 -1 202
18 7 -1 176
18 6 130 54
18 5 -1 210
18 4 -1 -1
18 3 -1 -1
18 2 -1 206
18 1 -1 -1
17 30 183 70
17 29 450 214
17 28 -1 214
17 27 -1 212
17 26 -1 278
17 25 -1 -1
17 24 -1 178
17 23 240 152
17 22 -1 176
17 21 -1 -1
17 20 -1 -1
17 19 -1 224
17 18 65 30
17 16 -1 -1
17 15 -1 -1
17 14 -1 -1
17 13 -1 132
17 12 -1 206
17 11 -1 -1
17 10 -1 -1
17 9 -1 96
17 8 -1 270
17 7 -1 200
17 6 149 88
17 5 415 238
17 4 -1 -1
17 3 -1 -1
17 2 -1 270
17 1 -1 -1
16 30 -1 -1
16 29 -1 -1
16 28 -1 256
16 27 -1 232
16 26 -1 -1
16 25 -1 -1
16 24 -1 -1
16 23 -1 -1
16 22 -1 -1
16 21 145 98
16 20 296 114
16 19 -1 208
16 18 -1 -1
16 17 -1 -1
16 15 -1 260
16 14 519 250
16 13 -1 -1
16 12 -1 -1
16 11 -1 176
16 10 -1 268
16 9 -1 -1
16 8 -1 -1
16 7 -1 -1
16 6 -1 -1
16 5 -1 -1
16 4 -1 -1
16 3 251 88
16 2 -1 -1
16 1 -1 230
15 30 -1 188
15 29 -1 194
15 28 -1 144
15 27 -1 230
15 26 -1 156
15 25 -1 190
15 24 -1 164
15 23 -1 228
15 22 -1 150
15 21 -1 240
15 20 -1 -1
15 19 -1 210
15 18 -1 204
15 17 -1 246
15 16 -1 214
15 14 -1 -1
15 13 239 146
15 12 226 90
15 11 -1 158
15 10 -1 248
15 9 -1 166
15 8 9 6
15 7 -1 164
15 6 -1 198
15 5 -1 218
15 4 190 90
15 3 -1 184
15 2 -1 128
15 1 -1 268
14 30 -1 -1
14 29 -1 -1
14 28 -1 -1
14 27 -1 -1
14 26 -1 -1
14 25 620 -1
14 24 -1 -1
14 23 -1 -1
14 22 -1 -1
14 21 -1 244
14 20 -1 -1
14 19 -1 -1
14 18 -1 -1
14 17 -1 -1
14 16 429 210
14 15 -1 -1
14 13 -1 -1
14 12 -1 -1
14 11 -1 178
14 10 -1 78
14 9 -1 -1
14 8 -1 268
14 7 -1 -1
14 6 -1 -1
14 5 -1 -1
14 4 -1 -1
14 3 375 168
14 2 -1 -1
14 1 140 58
13 30 -1 76
13 29 -1 178
13 28 -1 124
13 27 -1 184
13 26 -1 154
13 25 -1 258
13 24 -1 106
13 23 -1 144
13 22 174 78
13 21 -1 -1
13 20 -1 -1
13 19 -1 224
13 18 -1 80
13 17 -1 142
13 16 -1 -1
13 15 241 160
13 14 -1 -1
13 12 153 102
13 11 -1 -1
13 10 -1 -1
13 9 155 56
13 8 297 120
13 7 -1 118
13 6 83 46
13 5 -1 254
13 4 -1 192
13 3 -1 -1
13 2 -1 168
13 1 -1 -1
12 30 -1 96
12 29 -1 88
12 28 -1 208
12 27 -1 222
12 26 -1 112
12 25 -1 256
12 24 105 46
12 23 -1 -1
12 22 -1 132
12 21 -1 -1
12 20 -1 -1
12 19 -1 244
12 18 -1 180
12 17 -1 168
12 16 -1 -1
12 15 235 94
12 14 -1 -1
12 13 141 76
12 11 -1 -1
12 10 -1 -1
12 9 175 98
12 8 -1 108
12 7 139 58
12 6 -1 122
12 5 -1 160
12 4 293 114
12 3 -1 -1
12 2 118 64
12 1 -1 -1
11 30 -1 -1
11 29 -1 -1
11 28 -1 250
11 27 -1 -1
11 26 -1 276
11 25 396 204
11 24 -1 268
11 23 -1 -1
11 22 -1 -1
11 21 -1 230
11 20 -1 -1
11 19 -1 -1
11 18 -1 -1
11 17 -1 -1
11 16 -1 220
11 15 -1 206
11 14 -1 132
11 13 -1 270
11 12 -1 -1
11 10 146 82
11 9 -1 -1
11 8 425 208
11 7 -1 -1
11 6 -1 -1
11 5 -1 -1
11 4 302 182
11 3 291 136
11 2 -1 -1
11 1 -1 118
10 30 -1 -1
10 29 -1 -1
10 28 -1 -1
10 27 -1 -1
10 26 -1 -1
10 25 582 232
10 24 -1 -1
10 23 -1 -1
10 22 -1 -1
10 21 -1 248
10 20 -1 -1
10 19 -1 -1
10 18 -1 -1
10 17 -1 -1
10 16 -1 242
10 15 -1 -1
10 14 -1 86
10 13 -1 -1
10 12 -1 -1
10 11 180 90
10 9 -1 -1
10 8 -1 244
10 7 -1 -1
10 6 -1 -1
10 5 -1 -1
10 4 -1 274
10 3 327 148
10 2 -1 -1
10 1 37 18
9 30 31 18
9 29 -1 106
9 28 -1 210
9 27 -1 268
9 26 -1 138
9 25 -1 -1
9 24 100 60
9 23 -1 172
9 22 -1 160
9 21 -1 -1
9 20 -1 -1
9 19 -1 254
9 18 -1 104
9 17 -1 80
9 16 -1 -1
9 15 -1 152
9 14 -1 -1
9 13 130 84
9 12 206 90
9 11 -1 -1
9 10 -1 -1
9 8 -1 188
9 7 -1 90
9 6 113 40
9 5 -1 168
9 4 -1 230
9 3 -1 -1
9 2 -1 106
9 1 -1 -1
8 30 -1 204
8 29 -1 242
8 28 271 144
8 27 -1 206
8 26 -1 150
8 25 -1 230
8 24 -1 186
8 23 -1 236
8 22 330 192
8 21 -1 240
8 20 -1 216
8 19 -1 146
8 18 -1 248
8 17 -1 244
8 16 -1 -1
8 15 10 6
8 14 -1 -1
8 13 300 164
8 12 -1 110
8 11 312 190
8 10 -1 252
8 9 -1 174
8 7 -1 194
8 6 -1 156
8 5 -1 238
8 4 196 84
8 3 292 128
8 2 -1 132
8 1 -1 226
7 30 -1 124
7 29 74 32
7 28 -1 -1
7 27 -1 254
7 26 76 32
7 25 -1 196
7 24 97 42
7 23 -1 -1
7 22 -1 232
7 21 -1 -1
7 20 -1 -1
7 19 -1 254
7 18 -1 228
7 17 -1 232
7 16 -1 -1
7 15 -1 190
7 14 -1 -1
7 13 -1 130
7 12 110 72
7 11 -1 -1
7 10 -1 -1
7 9 -1 104
7 8 -1 156
7 6 -1 118
7 5 -1 62
7 4 -1 140
7 3 -1 276
7 2 75 32
7 1 -1 -1
6 30 94 62
6 29 -1 166
6 28 -1 178
6 27 -1 202
6 26 -1 152
6 25 -1 -1
6 24 -1 112
6 23 -1 122
6 22 230 88
6 21 -1 -1
6 20 -1 -1
6 19 -1 244
6 18 119 54
6 17 150 68
6 16 -1 -1
6 15 -1 198
6 14 -1 -1
6 13 89 38
6 12 -1 114
6 11 -1 -1
6 10 -1 -1
6 9 83 40
6 8 -1 170
6 7 -1 140
6 5 -1 242
6 4 -1 210
6 3 -1 -1
6 2 -1 188
6 1 -1 -1
5 30 -1 144
5 29 146 52
5 28 -1 -1
5 27 -1 -1
5 26 118 46
5 25 370 222
5 24 -1 108
5 23 -1 -1
5 22 -1 -1
5 21 -1 -1
5 20 -1 -1
5 19 -1 -1
5 18 -1 270
5 17 459 248
5 16 -1 -1
5 15 -1 244
5 14 -1 -1
5 13 -1 240
5 12 -1 116
5 11 -1 -1
5 10 -1 -1
5 9 -1 148
5 8 -1 222
5 7 -1 70
5 6 -1 224
5 4 -1 220
5 3 -1 -1
5 2 -1 104
5 1 -1 -1
4 30 -1 266
4 29 -1 154
4 28 -1 252
4 27 -1 -1
4 26 -1 126
4 25 265 120
4 24 -1 184
4 23 -1 -1
4 22 -1 224
4 21 -1 280
4 20 -1 -1
4 19 -1 -1
4 18 -1 266
4 17 -1 272
4 16 -1 -1
4 15 177 94
4 14 -1 -1
4 13 -1 174
4 12 286 144
4 11 273 178
4 10 -1 240
4 9 -1 254
4 8 183 96
4 7 -1 178
4 6 -1 190
4 5 -1 174
4 3 -1 176
4 2 203 130
4 1 -1 228
3 30 -1 -1
3 29 -1 -1
3 28 437 166
3 27 -1 246
3 26 -1 -1
3 25 -1 -1
3 24 -1 -1
3 23 -1 -1
3 22 -1 -1
3 21 233 108
3 20 -1 156
3 19 333 186
3 18 -1 -1
3 17 -1 -1
3 16 239 102
3 15 -1 194
3 14 463 188
3 13 -1 250
3 12 -1 236
3 11 212 132
3 10 320 206
3 9 -1 -1
3 8 365 134
3 7 -1 -1
3 6 -1 -1
3 5 -1 -1
3 4 -1 200
3 2 -1 256
3 1 412 180
2 30 -1 170
2 29 -1 84
2 28 -1 236
2 27 -1 -1
2 26 77 56
2 25 420 208
2 24 -1 72
2 23 -1 248
2 22 -1 238
2 21 -1 -1
2 20 -1 -1
2 19 -1 -1
2 18 -1 240
2 17 -1 208
2 16 -1 -1
2 15 -1 138
2 14 -1 -1
2 13 -1 120
2 12 115 60
2 11 -1 216
2 10 -1 -1
2 9 -1 148
2 8 -1 114
2 7 74 36
2 6 -1 146
2 5 -1 98
2 4 241 110
2 3 -1 272
2 1 -1 -1
1 30 -1 -1
1 29 -1 -1
1 28 -1 -1
1 27 -1 -1
1 26 -1 -1
1 25 540 254
1 24 -1 -1
1 23 -1 -1
1 22 -1 -1
1 21 -1 -1
1 20 -1 -1
1 19 -1 -1
1 18 -1 -1
1 17 -1 -1
1 16 -1 212
1 15 -1 228
1 14 147 62
1 13 -1 -1
1 12 -1 -1
1 11 -1 106
1 10 37 22
1 9 -1 -1
1 8 -1 -1
1 7 -1 -1
1 6 -1 -1
1 5 -1 -1
1 4 -1 224
1 3 406 166
1 2 -1 -1
