nnodes narcs source target type
50 2450 5 23 drone_routing_pli_project2
nodename posx posy
50 721.493 847.03
49 683.106 690.632
48 432.617 998.16
47 677.315 282.034
46 95.2227 372.039
45 14.4322 148.498
44 408.344 471.286
43 560.338 74.5028
42 926.049 723.788
41 471.948 623.31
40 153.765 28.6283
39 340.067 361.149
38 828.899 89.9173
37 622.765 457.085
36 630.371 57.7588
35 366.91 760.268
34 106.003 712.986
33 438.992 656.149
32 295.697 704.781
31 847.217 709.923
30 390.405 764.816
29 630.597 929.251
28 877.155 74.4134
27 784.828 763.968
26 350.988 108.022
25 778.294 37.0751
24 444.482 982.164
23 45.8001 432.362
22 850.44 128.297
21 15.5657 997.311
20 955.938 614.512
19 481.48 137.769
18 225.964 657.914
17 654.453 549.801
16 778.592 399.323
15 862.447 455.172
14 984.527 316.605
13 388.979 865.367
12 851.977 303.747
11 286.993 614.677
10 170.354 370.348
9 543.106 779.788
8 177.094 660.641
7 732.693 279.944
6 971.862 451.813
5 256.869 850.988
4 169.171 477.105
3 518.233 865.638
2 788.599 198.069
1 524.84 272.854
tail head car_cost drone_cost
50 49 191 94
50 48 -1 182
50 47 -1 270
50 46 -1 -1
50 45 -1 -1
50 44 -1 276
50 43 -1 -1
50 42 207 138
50 41 -1 184
50 40 -1 -1
50 39 -1 -1
50 38 -1 -1
50 37 -1 198
50 36 -1 -1
50 35 -1 170
50 34 -1 -1
50 33 -1 142
50 32 -1 240
50 31 -1 112
50 30 -1 192
50 29 128 62
50 28 -1 -1
50 27 94 56
50 26 -1 -1
50 25 -1 -1
50 24 -1 164
50 23 -1 -1
50 22 -1 -1
50 21 -1 -1
50 20 -1 198
50 19 -1 -1
50 18 -1 280
50 17 -1 150
50 16 -1 182
50 15 -1 178
50 14 -1 288
50 13 -1 158
50 12 -1 288
50 11 -1 256
50 10 -1 -1
50 9 160 112
50 8 -1 -1
50 7 -1 -1
50 6 -1 260
50 5 -1 230
50 4 -1 -1
50 3 -1 104
50 2 -1 -1
50 1 -1 248
49 50 143 80
49 48 -1 224
49 47 -1 186
49 46 -1 -1
49 45 -1 -1
49 44 -1 156
49 43 -1 -1
49 42 -1 126
49 41 263 96
49 40 -1 -1
49 39 -1 212
49 38 -1 278
49 37 -1 114
49 36 -1 -1
49 35 -1 136
49 34 -1 274
49 33 -1 140
49 32 -1 212
49 31 188 86
49 30 -1 130
49 29 -1 128
49 28 -1 -1
49 27 123 56
49 26 -1 -1
49 25 -1 -1
49 24 -1 206
49 23 -1 -1
49 22 -1 -1
49 21 -1 -1
49 20 -1 162
49 19 -1 -1
49 18 -1 220
49 17 140 64
49 16 -1 132
49 15 -1 150
49 14 -1 278
49 13 -1 202
49 12 -1 200
49 11 -1 178
49 10 -1 -1
49 9 175 96
49 8 -1 262
49 7 -1 226
49 6 -1 172
49 5 -1 212
49 4 -1 262
49 3 -1 138
49 2 -1 230
49 1 -1 216
48 50 -1 142
48 49 -1 200
48 47 -1 -1
48 46 -1 -1
48 45 -1 -1
48 44 -1 -1
48 43 -1 -1
48 42 -1 284
48 41 -1 220
48 40 -1 -1
48 39 -1 -1
48 38 -1 -1
48 37 -1 248
48 36 -1 -1
48 35 -1 130
48 34 -1 252
48 33 -1 202
48 32 -1 144
48 31 -1 -1
48 30 -1 98
48 29 184 96
48 28 -1 -1
48 27 -1 244
48 26 -1 -1
48 25 -1 -1
48 24 22 12
48 23 -1 -1
48 22 -1 -1
48 21 490 194
48 20 -1 290
48 19 -1 -1
48 18 -1 232
48 17 -1 274
48 16 -1 -1
48 15 -1 -1
48 14 -1 -1
48 13 159 58
48 12 -1 -1
48 11 -1 244
48 10 -1 -1
48 9 -1 122
48 8 -1 252
48 7 -1 -1
48 6 -1 -1
48 5 197 104
48 4 -1 264
48 3 -1 74
48 2 -1 -1
48 1 -1 -1
47 50 -1 272
47 49 -1 216
47 48 -1 -1
47 46 -1 -1
47 45 -1 -1
47 44 -1 140
47 43 237 96
47 42 -1 -1
47 41 -1 220
47 40 -1 276
47 39 -1 182
47 38 -1 112
47 37 171 102
47 36 206 134
47 35 -1 284
47 34 -1 -1
47 33 -1 250
47 32 -1 274
47 31 -1 228
47 30 -1 -1
47 29 -1 -1
47 28 -1 136
47 27 -1 266
47 26 -1 168
47 25 -1 110
47 24 -1 -1
47 23 -1 -1
47 22 -1 130
47 21 -1 -1
47 20 -1 186
47 19 -1 142
47 18 -1 -1
47 17 -1 138
47 16 134 66
47 15 -1 106
47 14 -1 158
47 13 -1 -1
47 12 -1 72
47 11 -1 288
47 10 -1 -1
47 9 -1 -1
47 8 -1 -1
47 7 67 28
47 6 -1 176
47 5 -1 -1
47 4 -1 272
47 3 -1 -1
47 2 133 84
47 1 164 74
46 50 -1 -1
46 49 -1 278
46 48 -1 -1
46 47 -1 248
46 45 275 102
46 44 -1 146
46 43 -1 -1
46 42 -1 -1
46 41 -1 222
46 40 -1 188
46 39 -1 110
46 38 -1 -1
46 37 -1 224
46 36 -1 -1
46 35 -1 236
46 34 -1 180
46 33 -1 252
46 32 -1 188
46 31 -1 -1
46 30 -1 224
46 29 -1 -1
46 28 -1 -1
46 27 -1 -1
46 26 -1 168
46 25 -1 -1
46 24 -1 -1
46 23 67 40
46 22 -1 -1
46 21 -1 -1
46 20 -1 -1
46 19 -1 262
46 18 -1 144
46 17 -1 266
46 16 -1 -1
46 15 -1 -1
46 14 -1 -1
46 13 -1 246
46 12 -1 -1
46 11 -1 186
46 10 89 44
46 9 -1 274
46 8 -1 144
46 7 -1 -1
46 6 -1 -1
46 5 -1 250
46 4 140 64
46 3 -1 268
46 2 -1 -1
46 1 -1 180
45 50 -1 -1
45 49 -1 -1
45 48 -1 -1
45 47 -1 -1
45 46 285 96
45 44 -1 274
45 43 -1 258
45 42 -1 -1
45 41 -1 -1
45 40 163 100
45 39 -1 200
45 38 -1 -1
45 37 -1 -1
45 36 -1 -1
45 35 -1 -1
45 34 -1 -1
45 33 -1 -1
45 32 -1 -1
45 31 -1 -1
45 30 -1 -1
45 29 -1 -1
45 28 -1 -1
45 27 -1 -1
45 26 -1 188
45 25 -1 -1
45 24 -1 -1
45 23 230 168
45 22 -1 -1
45 21 911 -1
45 20 -1 -1
45 19 -1 216
45 18 -1 272
45 17 -1 -1
45 16 -1 -1
45 15 -1 -1
45 14 -1 -1
45 13 -1 -1
45 12 -1 -1
45 11 -1 284
45 10 218 156
45 9 -1 -1
45 8 -1 244
45 7 -1 -1
45 6 -1 -1
45 5 -1 -1
45 4 -1 182
45 3 -1 -1
45 2 -1 -1
45 1 -1 258
44 50 -1 272
44 49 -1 152
44 48 -1 222
44 47 -1 136
44 46 -1 150
44 45 -1 -1
44 43 -1 252
44 42 -1 -1
44 41 150 84
44 40 -1 -1
44 39 113 68
44 38 -1 -1
44 37 222 96
44 36 -1 272
44 35 -1 124
44 34 -1 162
44 33 185 94
44 32 -1 148
44 31 -1 280
44 30 -1 158
44 29 -1 272
44 28 -1 -1
44 27 -1 232
44 26 -1 162
44 25 -1 234
44 24 -1 282
44 23 -1 218
44 22 -1 -1
44 21 -1 -1
44 20 -1 256
44 19 -1 176
44 18 -1 108
44 17 -1 136
44 16 -1 154
44 15 -1 186
44 14 -1 -1
44 13 -1 202
44 12 -1 256
44 11 171 80
44 10 -1 112
44 9 -1 196
44 8 -1 136
44 7 -1 222
44 6 -1 252
44 5 -1 168
44 4 282 110
44 3 -1 232
44 2 -1 266
44 1 250 120
43 50 -1 -1
43 49 -1 268
43 48 -1 -1
43 47 246 110
43 46 -1 244
43 45 -1 -1
43 44 -1 224
43 42 -1 -1
43 41 -1 230
43 40 489 244
43 39 -1 170
43 38 -1 132
43 37 -1 226
43 36 79 34
43 35 -1 -1
43 34 -1 -1
43 33 -1 268
43 32 -1 -1
43 31 -1 -1
43 30 -1 -1
43 29 -1 -1
43 28 -1 148
43 27 -1 -1
43 26 181 90
43 25 -1 100
43 24 -1 -1
43 23 -1 -1
43 22 -1 172
43 21 -1 -1
43 20 -1 -1
43 19 121 54
43 18 -1 -1
43 17 -1 204
43 16 -1 178
43 15 -1 242
43 14 -1 -1
43 13 -1 -1
43 12 -1 194
43 11 -1 -1
43 10 -1 236
43 9 -1 -1
43 8 -1 -1
43 7 -1 158
43 6 -1 262
43 5 -1 -1
43 4 -1 232
43 3 -1 -1
43 2 -1 124
43 1 234 90
42 50 220 114
42 49 -1 116
42 48 -1 288
42 47 -1 218
42 46 -1 -1
42 45 -1 -1
42 44 -1 -1
42 43 -1 -1
42 41 -1 274
42 40 -1 -1
42 39 -1 -1
42 38 -1 274
42 37 -1 192
42 36 -1 -1
42 35 -1 268
42 34 -1 -1
42 33 -1 270
42 32 -1 -1
42 31 78 38
42 30 -1 244
42 29 357 168
42 28 -1 -1
42 27 150 84
42 26 -1 -1
42 25 -1 -1
42 24 -1 268
42 23 -1 -1
42 22 -1 270
42 21 -1 -1
42 20 113 62
42 19 -1 -1
42 18 -1 -1
42 17 -1 174
42 16 -1 208
42 15 -1 138
42 14 -1 184
42 13 -1 262
42 12 -1 232
42 11 -1 -1
42 10 -1 -1
42 9 -1 186
42 8 -1 -1
42 7 -1 238
42 6 -1 114
42 5 -1 -1
42 4 -1 -1
42 3 -1 234
42 2 -1 278
42 1 -1 282
41 50 -1 188
41 49 179 122
41 48 -1 154
41 47 -1 214
41 46 -1 208
41 45 -1 -1
41 44 157 68
41 43 -1 282
41 42 -1 208
41 40 -1 -1
41 39 -1 122
41 38 -1 266
41 37 181 98
41 36 -1 250
41 35 -1 84
41 34 -1 182
41 33 51 28
41 32 -1 108
41 31 -1 192
41 30 -1 78
41 29 -1 202
41 28 -1 -1
41 27 -1 160
41 26 -1 -1
41 25 -1 -1
41 24 -1 174
41 23 -1 190
41 22 -1 -1
41 21 -1 242
41 20 -1 220
41 19 -1 232
41 18 -1 124
41 17 222 110
41 16 -1 182
41 15 -1 174
41 14 -1 254
41 13 -1 114
41 12 -1 282
41 11 -1 98
41 10 -1 210
41 9 143 94
41 8 -1 120
41 7 -1 224
41 6 -1 268
41 5 -1 170
41 4 -1 190
41 3 -1 120
41 2 -1 232
41 1 -1 186
40 50 -1 -1
40 49 -1 -1
40 48 -1 -1
40 47 -1 258
40 46 -1 174
40 45 204 112
40 44 -1 274
40 43 367 224
40 42 -1 -1
40 41 -1 -1
40 39 -1 204
40 38 -1 -1
40 37 -1 -1
40 36 406 280
40 35 -1 -1
40 34 -1 286
40 33 -1 -1
40 32 -1 -1
40 31 -1 -1
40 30 -1 -1
40 29 -1 -1
40 28 -1 -1
40 27 -1 -1
40 26 196 100
40 25 730 -1
40 24 -1 -1
40 23 -1 176
40 22 -1 -1
40 21 -1 -1
40 20 -1 -1
40 19 -1 144
40 18 -1 -1
40 17 -1 -1
40 16 -1 -1
40 15 -1 -1
40 14 -1 -1
40 13 -1 -1
40 12 -1 -1
40 11 -1 270
40 10 317 138
40 9 -1 -1
40 8 -1 -1
40 7 -1 274
40 6 -1 -1
40 5 -1 -1
40 4 -1 184
40 3 -1 -1
40 2 -1 -1
40 1 -1 218
39 50 -1 252
39 49 -1 234
39 48 -1 -1
39 47 -1 172
39 46 -1 118
39 45 -1 206
39 44 118 74
39 43 -1 198
39 42 -1 -1
39 41 -1 142
39 40 -1 226
39 38 -1 -1
39 37 -1 152
39 36 -1 222
39 35 -1 206
39 34 -1 228
39 33 -1 150
39 32 -1 188
39 31 -1 286
39 30 -1 182
39 29 -1 -1
39 28 -1 266
39 27 -1 246
39 26 212 112
39 25 -1 256
39 24 -1 256
39 23 -1 126
39 22 -1 -1
39 21 -1 288
39 20 -1 -1
39 19 317 108
39 18 -1 162
39 17 -1 182
39 16 -1 184
39 15 -1 -1
39 14 -1 -1
39 13 -1 290
39 12 -1 250
39 11 -1 124
39 10 181 78
39 9 -1 256
39 8 -1 150
39 7 -1 192
39 6 -1 264
39 5 -1 264
39 4 207 100
39 3 -1 272
39 2 -1 254
39 1 174 86
38 50 -1 -1
38 49 -1 284
38 48 -1 -1
38 47 -1 144
38 46 -1 -1
38 45 -1 -1
38 44 -1 230
38 43 -1 120
38 42 -1 274
38 41 -1 -1
38 40 -1 -1
38 39 -1 236
38 37 -1 192
38 36 -1 98
38 35 -1 -1
38 34 -1 -1
38 33 -1 278
38 32 -1 -1
38 31 -1 276
38 30 -1 -1
38 29 -1 -1
38 28 50 24
38 27 -1 -1
38 26 -1 208
38 25 61 36
38 24 -1 -1
38 23 -1 -1
38 22 36 18
38 21 -1 -1
38 20 -1 -1
38 19 -1 210
38 18 -1 -1
38 17 -1 268
38 16 -1 126
38 15 -1 218
38 14 -1 120
38 13 -1 -1
38 12 -1 92
38 11 -1 -1
38 10 -1 -1
38 9 -1 -1
38 8 -1 -1
38 7 -1 92
38 6 -1 158
38 5 -1 -1
38 4 -1 -1
38 3 -1 -1
38 2 121 54
38 1 -1 160
37 50 -1 200
37 49 -1 104
37 48 -1 262
37 47 208 94
37 46 -1 278
37 45 -1 -1
37 44 207 104
37 43 -1 196
37 42 -1 200
37 41 222 104
37 40 -1 -1
37 39 -1 168
37 38 -1 180
37 36 -1 216
37 35 -1 206
37 34 -1 280
37 33 -1 122
37 32 -1 234
37 31 -1 170
37 30 -1 228
37 29 -1 262
37 28 -1 236
37 27 -1 196
37 26 -1 250
37 25 -1 194
37 24 -1 -1
37 23 -1 -1
37 22 -1 178
37 21 -1 -1
37 20 -1 202
37 19 -1 156
37 18 -1 266
37 17 89 46
37 16 134 88
37 15 -1 136
37 14 -1 192
37 13 -1 248
37 12 -1 124
37 11 -1 150
37 10 -1 244
37 9 -1 182
37 8 -1 206
37 7 -1 124
37 6 -1 204
37 5 -1 230
37 4 -1 200
37 3 -1 232
37 2 -1 136
37 1 179 122
36 50 -1 -1
36 49 -1 -1
36 48 -1 -1
36 47 215 110
36 46 -1 -1
36 45 -1 262
36 44 -1 206
36 43 58 42
36 42 -1 -1
36 41 -1 -1
36 40 492 192
36 39 -1 216
36 38 -1 98
36 37 -1 238
36 35 -1 -1
36 34 -1 -1
36 33 -1 -1
36 32 -1 -1
36 31 -1 -1
36 30 -1 -1
36 29 -1 -1
36 28 -1 146
36 27 -1 -1
36 26 -1 148
36 25 146 64
36 24 -1 -1
36 23 -1 -1
36 22 -1 104
36 21 -1 -1
36 20 -1 -1
36 19 -1 74
36 18 -1 -1
36 17 -1 244
36 16 -1 156
36 15 -1 188
36 14 -1 234
36 13 -1 -1
36 12 -1 160
36 11 -1 -1
36 10 -1 -1
36 9 -1 -1
36 8 -1 -1
36 7 -1 136
36 6 -1 274
36 5 -1 -1
36 4 -1 290
36 3 -1 -1
36 2 234 126
36 1 -1 140
35 50 -1 192
35 49 -1 134
35 48 -1 122
35 47 -1 -1
35 46 -1 284
35 45 -1 -1
35 44 -1 136
35 43 -1 -1
35 42 -1 -1
35 41 -1 82
35 40 -1 -1
35 39 -1 170
35 38 -1 -1
35 37 -1 226
35 36 -1 -1
35 34 -1 114
35 33 151 72
35 32 104 46
35 31 -1 230
35 30 25 14
35 29 -1 126
35 28 -1 -1
35 27 -1 210
35 26 -1 286
35 25 -1 -1
35 24 -1 138
35 23 -1 192
35 22 -1 -1
35 21 -1 246
35 20 -1 288
35 19 -1 -1
35 18 -1 80
35 17 -1 190
35 16 -1 228
35 15 -1 254
35 14 -1 -1
35 13 107 56
35 12 -1 -1
35 11 -1 76
35 10 -1 190
35 9 -1 82
35 8 -1 108
35 7 -1 -1
35 6 -1 -1
35 5 138 80
35 4 -1 192
35 3 -1 92
35 2 -1 -1
35 1 -1 206
34 50 -1 -1
34 49 -1 -1
34 48 -1 194
34 47 -1 -1
34 46 -1 198
34 45 -1 234
34 44 -1 206
34 43 -1 -1
34 42 -1 -1
34 41 -1 216
34 40 -1 -1
34 39 -1 214
34 38 -1 -1
34 37 -1 242
34 36 -1 -1
34 35 -1 140
34 33 -1 174
34 32 -1 78
34 31 -1 -1
34 30 -1 134
34 29 -1 240
34 28 -1 -1
34 27 -1 -1
34 26 -1 -1
34 25 -1 -1
34 24 -1 184
34 23 273 138
34 22 -1 -1
34 21 243 156
34 20 -1 -1
34 19 -1 -1
34 18 -1 64
34 17 -1 -1
34 16 -1 -1
34 15 -1 -1
34 14 -1 -1
34 13 -1 160
34 12 -1 -1
34 11 -1 102
34 10 -1 192
34 9 -1 218
34 8 99 50
34 7 -1 -1
34 6 -1 -1
34 5 224 94
34 4 -1 146
34 3 -1 196
34 2 -1 -1
34 1 -1 258
33 50 -1 156
33 49 -1 124
33 48 -1 138
33 47 -1 228
33 46 -1 224
33 45 -1 -1
33 44 152 110
33 43 -1 242
33 42 -1 276
33 41 52 22
33 40 -1 -1
33 39 -1 156
33 38 -1 -1
33 37 -1 148
33 36 -1 -1
33 35 113 74
33 34 -1 160
33 32 151 72
33 31 -1 220
33 30 135 52
33 29 -1 188
33 28 -1 -1
33 27 -1 216
33 26 -1 226
33 25 -1 -1
33 24 -1 194
33 23 -1 260
33 22 -1 -1
33 21 -1 250
33 20 -1 238
33 19 -1 234
33 18 -1 118
33 17 -1 104
33 16 -1 208
33 15 -1 256
33 14 -1 -1
33 13 -1 90
33 12 -1 242
33 11 141 82
33 10 -1 220
33 9 179 80
33 8 -1 114
33 7 -1 206
33 6 -1 -1
33 5 -1 128
33 4 -1 156
33 3 -1 102
33 2 -1 -1
33 1 -1 162
32 50 -1 190
32 49 -1 158
32 48 -1 148
32 47 -1 -1
32 46 -1 230
32 45 -1 -1
32 44 -1 112
32 43 -1 -1
32 42 -1 -1
32 41 -1 102
32 40 -1 286
32 39 -1 146
32 38 -1 -1
32 37 -1 182
32 36 -1 -1
32 35 88 42
32 34 -1 78
32 33 125 86
32 31 -1 282
32 30 -1 62
32 29 -1 200
32 28 -1 -1
32 27 -1 276
32 26 -1 -1
32 25 -1 -1
32 24 -1 188
32 23 -1 198
32 22 -1 -1
32 21 -1 232
32 20 -1 -1
32 19 -1 -1
32 18 70 50
32 17 -1 182
32 16 -1 272
32 15 -1 -1
32 14 -1 -1
32 13 -1 88
32 12 -1 -1
32 11 91 50
32 10 -1 186
32 9 -1 110
32 8 -1 66
32 7 -1 -1
32 6 -1 -1
32 5 181 78
32 4 -1 114
32 3 -1 156
32 2 -1 -1
32 1 -1 246
31 50 -1 96
31 49 143 90
31 48 -1 222
31 47 -1 248
31 46 -1 -1
31 45 -1 -1
31 44 -1 270
31 43 -1 -1
31 42 78 46
31 41 -1 182
31 40 -1 -1
31 39 -1 -1
31 38 -1 266
31 37 -1 174
31 36 -1 -1
31 35 -1 244
31 34 -1 -1
31 33 -1 188
31 32 -1 -1
31 30 -1 228
31 29 -1 168
31 28 -1 268
31 27 89 34
31 26 -1 -1
31 25 -1 288
31 24 -1 268
31 23 -1 -1
31 22 -1 262
31 21 -1 -1
31 20 167 68
31 19 -1 -1
31 18 -1 -1
31 17 273 126
31 16 -1 168
31 15 207 144
31 14 -1 230
31 13 -1 194
31 12 -1 240
31 11 -1 -1
31 10 -1 -1
31 9 -1 168
31 8 -1 -1
31 7 -1 190
31 6 -1 160
31 5 -1 290
31 4 -1 -1
31 3 -1 190
31 2 -1 224
31 1 -1 -1
30 50 -1 150
30 49 -1 128
30 48 -1 124
30 47 -1 260
30 46 -1 272
30 45 -1 -1
30 44 -1 142
30 43 -1 290
30 42 -1 -1
30 41 -1 88
30 40 -1 -1
30 39 -1 172
30 38 -1 -1
30 37 -1 170
30 36 -1 -1
30 35 28 12
30 34 -1 156
30 33 104 70
30 32 -1 66
30 31 -1 254
30 29 -1 176
30 28 -1 -1
30 27 -1 168
30 26 -1 -1
30 25 -1 -1
30 24 -1 120
30 23 -1 200
30 22 -1 -1
30 21 -1 192
30 20 -1 236
30 19 -1 284
30 18 -1 90
30 17 -1 202
30 16 -1 264
30 15 -1 264
30 14 -1 -1
30 13 105 56
30 12 -1 272
30 11 -1 78
30 10 -1 272
30 9 134 64
30 8 -1 102
30 7 -1 -1
30 6 -1 -1
30 5 -1 92
30 4 -1 164
30 3 184 66
30 2 -1 -1
30 1 -1 262
29 50 111 68
29 49 -1 110
29 48 202 108
29 47 -1 -1
29 46 -1 -1
29 45 -1 -1
29 44 -1 278
29 43 -1 -1
29 42 400 166
29 41 -1 166
29 40 -1 -1
29 39 -1 -1
29 38 -1 -1
29 37 -1 212
29 36 -1 -1
29 35 -1 180
29 34 -1 264
29 33 -1 176
29 32 -1 172
29 31 -1 140
29 30 -1 134
29 28 -1 -1
29 27 -1 94
29 26 -1 -1
29 25 -1 -1
29 24 221 114
29 23 -1 -1
29 22 -1 -1
29 21 -1 -1
29 20 -1 256
29 19 -1 -1
29 18 -1 244
29 17 -1 208
29 16 -1 264
29 15 -1 226
29 14 -1 -1
29 13 -1 118
29 12 -1 -1
29 11 -1 268
29 10 -1 -1
29 9 172 80
29 8 -1 226
29 7 -1 288
29 6 -1 -1
29 5 -1 162
29 4 -1 280
29 3 142 66
29 2 -1 -1
29 1 -1 -1
28 50 -1 -1
28 49 -1 -1
28 48 -1 -1
28 47 -1 172
28 46 -1 -1
28 45 -1 -1
28 44 -1 -1
28 43 -1 142
28 42 -1 -1
28 41 -1 -1
28 40 -1 -1
28 39 -1 -1
28 38 43 22
28 37 -1 214
28 36 -1 112
28 35 -1 -1
28 34 -1 -1
28 33 -1 -1
28 32 -1 -1
28 31 -1 -1
28 30 -1 -1
28 29 -1 -1
28 27 -1 -1
28 26 -1 238
28 25 112 50
28 24 -1 -1
28 23 -1 -1
28 22 53 34
28 21 -1 -1
28 20 -1 232
28 19 -1 240
28 18 -1 -1
28 17 -1 -1
28 16 -1 184
28 15 -1 166
28 14 237 110
28 13 -1 -1
28 12 -1 94
28 11 -1 -1
28 10 -1 -1
28 9 -1 -1
28 8 -1 -1
28 7 -1 102
28 6 -1 186
28 5 -1 -1
28 4 -1 -1
28 3 -1 -1
28 2 -1 70
28 1 -1 216
27 50 95 58
27 49 127 64
27 48 -1 228
27 47 -1 262
27 46 -1 -1
27 45 -1 -1
27 44 -1 194
27 43 -1 -1
27 42 143 78
27 41 -1 148
27 40 -1 -1
27 39 -1 258
27 38 -1 -1
27 37 -1 204
27 36 -1 -1
27 35 -1 218
27 34 -1 -1
27 33 -1 150
27 32 -1 228
27 31 71 34
27 30 -1 236
27 29 -1 132
27 28 -1 -1
27 26 -1 -1
27 25 -1 -1
27 24 -1 240
27 23 -1 -1
27 22 -1 -1
27 21 -1 -1
27 20 -1 112
27 19 -1 -1
27 18 -1 278
27 17 -1 112
27 16 -1 192
27 15 -1 136
27 14 -1 252
27 13 -1 222
27 12 -1 190
27 11 -1 254
27 10 -1 -1
27 9 -1 138
27 8 -1 -1
27 7 -1 234
27 6 -1 156
27 5 -1 230
27 4 -1 -1
27 3 -1 170
27 2 -1 -1
27 1 -1 246
26 50 -1 -1
26 49 -1 -1
26 48 -1 -1
26 47 -1 196
26 46 -1 180
26 45 -1 142
26 44 -1 202
26 43 241 94
26 42 -1 -1
26 41 -1 230
26 40 239 120
26 39 300 120
26 38 -1 242
26 37 -1 194
26 36 -1 128
26 35 -1 -1
26 34 -1 -1
26 33 -1 286
26 32 -1 290
26 31 -1 -1
26 30 -1 -1
26 29 -1 -1
26 28 -1 -1
26 27 -1 -1
26 25 -1 220
26 24 -1 -1
26 23 -1 216
26 22 -1 220
26 21 -1 -1
26 20 -1 -1
26 19 133 54
26 18 -1 -1
26 17 -1 230
26 16 -1 254
26 15 -1 -1
26 14 -1 -1
26 13 -1 -1
26 12 -1 262
26 11 -1 254
26 10 360 132
26 9 -1 -1
26 8 -1 -1
26 7 -1 174
26 6 -1 -1
26 5 -1 -1
26 4 -1 236
26 3 -1 -1
26 2 -1 248
26 1 -1 106
25 50 -1 -1
25 49 -1 -1
25 48 -1 -1
25 47 -1 136
25 46 -1 -1
25 45 -1 -1
25 44 -1 266
25 43 -1 132
25 42 -1 -1
25 41 -1 -1
25 40 636 -1
25 39 -1 286
25 38 82 44
25 37 -1 266
25 36 135 64
25 35 -1 -1
25 34 -1 -1
25 33 -1 -1
25 32 -1 -1
25 31 -1 -1
25 30 -1 -1
25 29 -1 -1
25 28 86 60
25 27 -1 -1
25 26 -1 204
25 24 -1 -1
25 23 -1 -1
25 22 -1 66
25 21 -1 -1
25 20 -1 246
25 19 -1 182
25 18 -1 -1
25 17 -1 264
25 16 -1 186
25 15 -1 212
25 14 -1 152
25 13 -1 -1
25 12 -1 148
25 11 -1 -1
25 10 -1 -1
25 9 -1 -1
25 8 -1 -1
25 7 -1 118
25 6 -1 230
25 5 -1 -1
25 4 -1 -1
25 3 -1 -1
25 2 162 94
25 1 -1 182
24 50 -1 146
24 49 -1 194
24 48 19 12
24 47 -1 -1
24 46 -1 -1
24 45 -1 -1
24 44 -1 272
24 43 -1 -1
24 42 -1 -1
24 41 -1 154
24 40 -1 -1
24 39 -1 -1
24 38 -1 -1
24 37 -1 -1
24 36 -1 -1
24 35 -1 124
24 34 -1 190
24 33 -1 136
24 32 -1 134
24 31 -1 240
24 30 -1 94
24 29 197 86
24 28 -1 -1
24 27 -1 238
24 26 -1 -1
24 25 -1 -1
24 23 -1 -1
24 22 -1 -1
24 21 -1 224
24 20 -1 -1
24 19 -1 -1
24 18 -1 170
24 17 -1 246
24 16 -1 -1
24 15 -1 -1
24 14 -1 -1
24 13 143 66
24 12 -1 -1
24 11 -1 182
24 10 -1 -1
24 9 -1 128
24 8 -1 196
24 7 -1 -1
24 6 -1 -1
24 5 -1 106
24 4 -1 262
24 3 158 80
24 2 -1 -1
24 1 -1 -1
23 50 -1 -1
23 49 -1 -1
23 48 -1 -1
23 47 -1 -1
23 46 94 46
23 45 272 162
23 44 -1 192
23 43 -1 -1
23 42 -1 -1
23 41 -1 192
23 40 -1 182
23 39 -1 142
23 38 -1 -1
23 37 -1 260
23 36 -1 -1
23 35 -1 226
23 34 282 158
23 33 -1 188
23 32 -1 192
23 31 -1 -1
23 30 -1 228
23 29 -1 -1
23 28 -1 -1
23 27 -1 -1
23 26 -1 194
23 25 -1 -1
23 24 -1 -1
23 22 -1 -1
23 21 642 -1
23 20 -1 -1
23 19 -1 256
23 18 -1 156
23 17 -1 -1
23 16 -1 -1
23 15 -1 -1
23 14 -1 -1
23 13 -1 -1
23 12 -1 -1
23 11 -1 122
23 10 -1 64
23 9 -1 288
23 8 284 122
23 7 -1 -1
23 6 -1 -1
23 5 -1 230
23 4 124 60
23 3 -1 282
23 2 -1 -1
23 1 -1 282
22 50 -1 -1
22 49 -1 280
22 48 -1 -1
22 47 -1 126
22 46 -1 -1
22 45 -1 -1
22 44 -1 -1
22 43 -1 126
22 42 -1 246
22 41 -1 -1
22 40 -1 -1
22 39 -1 232
22 38 49 20
22 37 -1 212
22 36 -1 98
22 35 -1 -1
22 34 -1 -1
22 33 -1 -1
22 32 -1 -1
22 31 -1 -1
22 30 -1 -1
22 29 -1 -1
22 28 49 32
22 27 -1 290
22 26 -1 246
22 25 -1 68
22 24 -1 -1
22 23 -1 -1
22 21 -1 -1
22 20 -1 212
22 19 -1 172
22 18 -1 -1
22 17 -1 274
22 16 -1 152
22 15 -1 176
22 14 204 110
22 13 -1 -1
22 12 183 100
22 11 -1 -1
22 10 -1 -1
22 9 -1 -1
22 8 -1 -1
22 7 -1 98
22 6 -1 148
22 5 -1 -1
22 4 -1 -1
22 3 -1 -1
22 2 76 54
22 1 -1 170
21 50 -1 -1
21 49 -1 -1
21 48 354 184
21 47 -1 -1
21 46 -1 -1
21 45 979 -1
21 44 -1 -1
21 43 -1 -1
21 42 -1 -1
21 41 -1 264
21 40 -1 -1
21 39 -1 -1
21 38 -1 -1
21 37 -1 -1
21 36 -1 -1
21 35 -1 210
21 34 304 136
21 33 -1 286
21 32 -1 234
21 31 -1 -1
21 30 -1 198
21 29 -1 264
21 28 -1 -1
21 27 -1 -1
21 26 -1 -1
21 25 -1 -1
21 24 -1 234
21 23 519 -1
21 22 -1 -1
21 20 -1 -1
21 19 -1 -1
21 18 -1 162
21 17 -1 -1
21 16 -1 -1
21 15 -1 -1
21 14 -1 -1
21 13 -1 220
21 12 -1 -1
21 11 -1 204
21 10 -1 -1
21 9 -1 256
21 8 -1 224
21 7 -1 -1
21 6 -1 -1
21 5 248 148
21 4 -1 218
21 3 -1 238
21 2 -1 -1
21 1 -1 -1
20 50 -1 156
20 49 -1 148
20 48 -1 -1
20 47 -1 200
20 46 -1 -1
20 45 -1 -1
20 44 -1 240
20 43 -1 -1
20 42 96 60
20 41 -1 262
20 40 -1 -1
20 39 -1 -1
20 38 -1 232
20 37 -1 192
20 36 -1 -1
20 35 -1 -1
20 34 -1 -1
20 33 -1 220
20 32 -1 -1
20 31 127 68
20 30 -1 246
20 29 -1 210
20 28 -1 -1
20 27 -1 130
20 26 -1 -1
20 25 -1 286
20 24 -1 290
20 23 -1 -1
20 22 -1 254
20 21 -1 -1
20 19 -1 -1
20 18 -1 -1
20 17 -1 140
20 16 -1 158
20 15 217 110
20 14 -1 156
20 13 -1 260
20 12 -1 170
20 11 -1 -1
20 10 -1 -1
20 9 -1 218
20 8 -1 -1
20 7 -1 220
20 6 146 84
20 5 -1 -1
20 4 -1 -1
20 3 -1 270
20 2 -1 260
20 1 -1 -1
19 50 -1 -1
19 49 -1 -1
19 48 -1 -1
19 47 -1 110
19 46 -1 200
19 45 -1 278
19 44 -1 144
19 43 121 46
19 42 -1 -1
19 41 -1 198
19 40 -1 178
19 39 260 142
19 38 -1 162
19 37 -1 152
19 36 -1 84
19 35 -1 -1
19 34 -1 -1
19 33 -1 242
19 32 -1 -1
19 31 -1 276
19 30 -1 -1
19 29 -1 -1
19 28 -1 236
19 27 -1 -1
19 26 127 66
19 25 -1 156
19 24 -1 -1
19 23 -1 248
19 22 -1 188
19 21 -1 -1
19 20 -1 -1
19 18 -1 -1
19 17 -1 180
19 16 -1 234
19 15 -1 268
19 14 -1 260
19 13 -1 -1
19 12 -1 188
19 11 -1 228
19 10 -1 206
19 9 -1 -1
19 8 -1 276
19 7 -1 126
19 6 -1 -1
19 5 -1 -1
19 4 -1 204
19 3 -1 -1
19 2 -1 140
19 1 145 64
18 50 -1 -1
18 49 -1 240
18 48 -1 162
18 47 -1 250
18 46 -1 140
18 45 -1 260
18 44 -1 144
18 43 -1 -1
18 42 -1 -1
18 41 -1 116
18 40 -1 -1
18 39 -1 188
18 38 -1 -1
18 37 -1 232
18 36 -1 -1
18 35 -1 72
18 34 -1 68
18 33 -1 112
18 32 71 40
18 31 -1 -1
18 30 -1 80
18 29 -1 272
18 28 -1 -1
18 27 -1 288
18 26 -1 -1
18 25 -1 -1
18 24 -1 196
18 23 -1 162
18 22 -1 -1
18 21 -1 218
18 20 -1 -1
18 19 -1 284
18 17 -1 210
18 16 -1 -1
18 15 -1 288
18 14 -1 -1
18 13 -1 150
18 12 -1 -1
18 11 64 46
18 10 -1 158
18 9 -1 160
18 8 43 22
18 7 -1 -1
18 6 -1 -1
18 5 204 92
18 4 176 86
18 3 -1 206
18 2 -1 -1
18 1 -1 248
17 50 -1 164
17 49 127 80
17 48 -1 226
17 47 -1 154
17 46 -1 -1
17 45 -1 -1
17 44 -1 140
17 43 -1 206
17 42 -1 130
17 41 194 104
17 40 -1 -1
17 39 -1 208
17 38 -1 252
17 37 94 48
17 36 -1 264
17 35 -1 202
17 34 -1 232
17 33 -1 136
17 32 -1 168
17 31 247 120
17 30 -1 194
17 29 -1 168
17 28 -1 230
17 27 -1 148
17 26 -1 -1
17 25 -1 -1
17 24 -1 262
17 23 -1 -1
17 22 -1 250
17 21 -1 -1
17 20 -1 160
17 19 -1 246
17 18 -1 192
17 16 214 98
17 15 204 136
17 14 -1 186
17 13 -1 198
17 12 -1 154
17 11 -1 196
17 10 -1 278
17 9 -1 120
17 8 -1 288
17 7 -1 122
17 6 -1 164
17 5 -1 210
17 4 -1 280
17 3 -1 192
17 2 -1 172
17 1 -1 176
16 50 -1 202
16 49 -1 126
16 48 -1 -1
16 47 127 64
16 46 -1 -1
16 45 -1 -1
16 44 -1 194
16 43 -1 204
16 42 -1 176
16 41 -1 216
16 40 -1 -1
16 39 -1 232
16 38 -1 126
16 37 179 72
16 36 -1 216
16 35 -1 -1
16 34 -1 -1
16 33 -1 212
16 32 -1 282
16 31 -1 178
16 30 -1 -1
16 29 -1 244
16 28 -1 162
16 27 -1 170
16 26 -1 252
16 25 -1 162
16 24 -1 272
16 23 -1 -1
16 22 -1 136
16 21 -1 -1
16 20 -1 144
16 19 -1 202
16 18 -1 268
16 17 191 116
16 15 106 50
16 14 -1 106
16 13 -1 -1
16 12 144 50
16 11 -1 -1
16 10 -1 -1
16 9 -1 200
16 8 -1 -1
16 7 138 58
16 6 -1 108
16 5 -1 -1
16 4 -1 -1
16 3 -1 230
16 2 -1 88
16 1 -1 118
15 50 -1 200
15 49 -1 176
15 48 -1 -1
15 47 -1 130
15 46 -1 -1
15 45 -1 -1
15 44 -1 226
15 43 -1 238
15 42 -1 154
15 41 -1 222
15 40 -1 -1
15 39 -1 262
15 38 -1 156
15 37 -1 102
15 36 -1 234
15 35 -1 -1
15 34 -1 -1
15 33 -1 260
15 32 -1 252
15 31 246 116
15 30 -1 -1
15 29 -1 274
15 28 -1 160
15 27 -1 170
15 26 -1 -1
15 25 -1 236
15 24 -1 -1
15 23 -1 -1
15 22 -1 172
15 21 -1 -1
15 20 182 104
15 19 -1 224
15 18 -1 -1
15 17 209 94
15 16 97 48
15 14 162 96
15 13 -1 -1
15 12 137 92
15 11 -1 -1
15 10 -1 -1
15 9 -1 192
15 8 -1 -1
15 7 -1 112
15 6 98 46
15 5 -1 -1
15 4 -1 -1
15 3 -1 282
15 2 -1 146
15 1 -1 166
14 50 -1 282
14 49 -1 248
14 48 -1 -1
14 47 -1 132
14 46 -1 -1
14 45 -1 -1
14 44 -1 -1
14 43 -1 246
14 42 -1 214
14 41 -1 -1
14 40 -1 -1
14 39 -1 -1
14 38 -1 136
14 37 -1 176
14 36 -1 186
14 35 -1 -1
14 34 -1 -1
14 33 -1 290
14 32 -1 -1
14 31 -1 222
14 30 -1 -1
14 29 -1 -1
14 28 224 118
14 27 -1 216
14 26 -1 284
14 25 -1 168
14 24 -1 -1
14 23 -1 -1
14 22 258 106
14 21 -1 -1
14 20 -1 160
14 19 -1 276
14 18 -1 -1
14 17 -1 206
14 16 -1 134
14 15 203 86
14 13 -1 -1
14 12 160 62
14 11 -1 -1
14 10 -1 -1
14 9 -1 -1
14 8 -1 -1
14 7 -1 130
14 6 155 64
14 5 -1 -1
14 4 -1 -1
14 3 -1 -1
14 2 -1 114
14 1 -1 278
13 50 -1 154
13 49 -1 204
13 48 166 70
13 47 -1 -1
13 46 -1 246
13 45 -1 -1
13 44 -1 206
13 43 -1 -1
13 42 -1 278
13 41 -1 142
13 40 -1 -1
13 39 -1 222
13 38 -1 -1
13 37 -1 216
13 36 -1 -1
13 35 120 54
13 34 -1 184
13 33 -1 102
13 32 -1 110
13 31 -1 224
13 30 118 44
13 29 -1 112
13 28 -1 -1
13 27 -1 208
13 26 -1 -1
13 25 -1 -1
13 24 133 62
13 23 -1 266
13 22 -1 -1
13 21 -1 232
13 20 -1 -1
13 19 -1 -1
13 18 -1 154
13 17 -1 196
13 16 -1 -1
13 15 -1 -1
13 14 -1 -1
13 12 -1 -1
13 11 -1 110
13 10 -1 268
13 9 -1 94
13 8 -1 136
13 7 -1 -1
13 6 -1 -1
13 5 121 74
13 4 -1 240
13 3 122 62
13 2 -1 -1
13 1 -1 -1
12 50 -1 240
12 49 -1 228
12 48 -1 -1
12 47 -1 84
12 46 -1 -1
12 45 -1 -1
12 44 -1 212
12 43 -1 204
12 42 -1 188
12 41 -1 218
12 40 -1 -1
12 39 -1 218
12 38 -1 116
12 37 -1 116
12 36 -1 176
12 35 -1 -1
12 34 -1 -1
12 33 -1 -1
12 32 -1 -1
12 31 -1 222
12 30 -1 272
12 29 -1 286
12 28 -1 128
12 27 -1 192
12 26 -1 -1
12 25 -1 166
12 24 -1 -1
12 23 -1 -1
12 22 183 76
12 21 -1 -1
12 20 -1 166
12 19 -1 176
12 18 -1 290
12 17 -1 186
12 16 99 54
12 15 156 90
12 14 146 74
12 13 -1 -1
12 11 -1 -1
12 10 -1 -1
12 9 -1 -1
12 8 -1 -1
12 7 123 56
12 6 -1 112
12 5 -1 -1
12 4 -1 -1
12 3 -1 -1
12 2 147 54
12 1 -1 178
11 50 -1 252
11 49 -1 226
11 48 -1 166
11 47 -1 210
11 46 -1 178
11 45 -1 -1
11 44 182 82
11 43 -1 290
11 42 -1 -1
11 41 -1 104
11 40 -1 288
11 39 -1 116
11 38 -1 -1
11 37 -1 194
11 36 -1 -1
11 35 -1 76
11 34 -1 116
11 33 149 78
11 32 78 38
11 31 -1 -1
11 30 -1 90
11 29 -1 206
11 28 -1 -1
11 27 -1 256
11 26 -1 206
11 25 -1 -1
11 24 -1 234
11 23 -1 144
11 22 -1 -1
11 21 -1 222
11 20 -1 -1
11 19 -1 256
11 18 73 36
11 17 -1 166
11 16 -1 256
11 15 -1 260
11 14 -1 -1
11 13 -1 152
11 12 -1 -1
11 10 -1 122
11 9 -1 136
11 8 -1 56
11 7 -1 260
11 6 -1 -1
11 5 -1 142
11 4 200 78
11 3 -1 202
11 2 -1 -1
11 1 -1 186
10 50 -1 -1
10 49 -1 -1
10 48 -1 -1
10 47 -1 272
10 46 69 42
10 45 291 122
10 44 -1 112
10 43 -1 252
10 42 -1 -1
10 41 -1 224
10 40 399 196
10 39 169 70
10 38 -1 -1
10 37 -1 230
10 36 -1 234
10 35 -1 198
10 34 -1 204
10 33 -1 216
10 32 -1 186
10 31 -1 -1
10 30 -1 212
10 29 -1 -1
10 28 -1 -1
10 27 -1 -1
10 26 265 170
10 25 -1 -1
10 24 -1 -1
10 23 -1 80
10 22 -1 -1
10 21 -1 -1
10 20 -1 -1
10 19 -1 178
10 18 -1 152
10 17 -1 -1
10 16 -1 -1
10 15 -1 -1
10 14 -1 -1
10 13 -1 258
10 12 -1 -1
10 11 -1 118
10 9 -1 -1
10 8 -1 138
10 7 -1 280
10 6 -1 -1
10 5 -1 268
10 4 127 56
10 3 -1 -1
10 2 -1 260
10 1 -1 156
9 50 201 98
9 49 187 72
9 48 -1 132
9 47 -1 216
9 46 -1 -1
9 45 -1 -1
9 44 -1 164
9 43 -1 -1
9 42 -1 196
9 41 154 72
9 40 -1 -1
9 39 -1 202
9 38 -1 -1
9 37 -1 184
9 36 -1 -1
9 35 -1 102
9 34 -1 254
9 33 179 86
9 32 -1 140
9 31 -1 170
9 30 167 74
9 29 178 104
9 28 -1 -1
9 27 -1 120
9 26 -1 -1
9 25 -1 -1
9 24 -1 132
9 23 -1 264
9 22 -1 -1
9 21 -1 288
9 20 -1 186
9 19 -1 -1
9 18 -1 186
9 17 -1 120
9 16 -1 258
9 15 -1 212
9 14 -1 278
9 13 -1 98
9 12 -1 -1
9 11 -1 172
9 10 -1 -1
9 8 -1 232
9 7 -1 230
9 6 -1 252
9 5 -1 130
9 4 -1 240
9 3 76 44
9 2 -1 -1
9 1 -1 288
8 50 -1 -1
8 49 -1 266
8 48 -1 224
8 47 -1 -1
8 46 -1 150
8 45 -1 224
8 44 -1 152
8 43 -1 -1
8 42 -1 -1
8 41 -1 158
8 40 -1 -1
8 39 -1 160
8 38 -1 -1
8 37 -1 246
8 36 -1 -1
8 35 -1 120
8 34 106 48
8 33 -1 110
8 32 -1 66
8 31 -1 -1
8 30 -1 116
8 29 -1 -1
8 28 -1 -1
8 27 -1 282
8 26 -1 256
8 25 -1 -1
8 24 -1 216
8 23 304 130
8 22 -1 -1
8 21 -1 212
8 20 -1 -1
8 19 -1 -1
8 18 40 30
8 17 -1 258
8 16 -1 -1
8 15 -1 -1
8 14 -1 -1
8 13 -1 134
8 12 -1 -1
8 11 -1 54
8 10 -1 168
8 9 -1 204
8 7 -1 290
8 6 -1 -1
8 5 180 114
8 4 210 104
8 3 -1 234
8 2 -1 -1
8 1 -1 222
7 50 -1 -1
7 49 -1 198
7 48 -1 -1
7 47 57 26
7 46 -1 -1
7 45 -1 -1
7 44 -1 162
7 43 -1 126
7 42 -1 264
7 41 -1 200
7 40 -1 -1
7 39 -1 164
7 38 -1 94
7 37 -1 92
7 36 -1 104
7 35 -1 -1
7 34 -1 -1
7 33 -1 204
7 32 -1 286
7 31 -1 222
7 30 -1 286
7 29 -1 -1
7 28 -1 104
7 27 -1 196
7 26 -1 224
7 25 -1 148
7 24 -1 -1
7 23 -1 -1
7 22 -1 100
7 21 -1 -1
7 20 -1 238
7 19 -1 128
7 18 -1 268
7 17 -1 124
7 16 123 72
7 15 -1 108
7 14 -1 136
7 13 -1 -1
7 12 140 56
7 11 -1 266
7 10 -1 -1
7 9 -1 -1
7 8 -1 -1
7 6 -1 162
7 5 -1 -1
7 4 -1 260
7 3 -1 -1
7 2 97 50
7 1 -1 96
6 50 -1 272
6 49 -1 210
6 48 -1 -1
6 47 -1 162
6 46 -1 -1
6 45 -1 -1
6 44 -1 252
6 43 -1 -1
6 42 -1 154
6 41 -1 238
6 40 -1 -1
6 39 -1 -1
6 38 -1 200
6 37 -1 158
6 36 -1 222
6 35 -1 290
6 34 -1 -1
6 33 -1 284
6 32 -1 -1
6 31 -1 158
6 30 -1 -1
6 29 -1 252
6 28 -1 214
6 27 -1 166
6 26 -1 -1
6 25 -1 230
6 24 -1 -1
6 23 -1 -1
6 22 -1 180
6 21 -1 -1
6 20 139 98
6 19 -1 -1
6 18 -1 -1
6 17 -1 154
6 16 -1 108
6 15 99 50
6 14 130 76
6 13 -1 -1
6 12 -1 92
6 11 -1 -1
6 10 -1 -1
6 9 -1 272
6 8 -1 -1
6 7 -1 162
6 5 -1 -1
6 4 -1 -1
6 3 -1 280
6 2 -1 134
6 1 -1 234
5 50 -1 200
5 49 -1 198
5 48 238 120
5 47 -1 -1
5 46 -1 206
5 45 -1 -1
5 44 -1 216
5 43 -1 -1
5 42 -1 -1
5 41 -1 160
5 40 -1 -1
5 39 -1 228
5 38 -1 -1
5 37 -1 242
5 36 -1 -1
5 35 125 70
5 34 215 114
5 33 -1 144
5 32 158 82
5 31 -1 264
5 30 -1 66
5 29 -1 194
5 28 -1 -1
5 27 -1 -1
5 26 -1 -1
5 25 -1 -1
5 24 -1 122
5 23 -1 218
5 22 -1 -1
5 21 241 154
5 20 -1 -1
5 19 -1 -1
5 18 231 100
5 17 -1 282
5 16 -1 -1
5 15 -1 -1
5 14 -1 -1
5 13 132 54
5 12 -1 -1
5 11 -1 144
5 10 -1 270
5 9 -1 134
5 8 205 86
5 7 -1 -1
5 6 -1 -1
5 4 -1 162
5 3 -1 138
5 2 -1 -1
5 1 -1 -1
4 50 -1 -1
4 49 -1 252
4 48 -1 -1
4 47 -1 -1
4 46 141 70
4 45 -1 156
4 44 256 108
4 43 -1 286
4 42 -1 -1
4 41 -1 164
4 40 -1 256
4 39 168 90
4 38 -1 -1
4 37 -1 236
4 36 -1 -1
4 35 -1 150
4 34 -1 102
4 33 -1 156
4 32 -1 126
4 31 -1 -1
4 30 -1 158
4 29 -1 278
4 28 -1 -1
4 27 -1 -1
4 26 -1 170
4 25 -1 -1
4 24 -1 -1
4 23 136 58
4 22 -1 -1
4 21 -1 260
4 20 -1 -1
4 19 -1 216
4 18 221 86
4 17 -1 266
4 16 -1 256
4 15 -1 -1
4 14 -1 -1
4 13 -1 198
4 12 -1 -1
4 11 182 88
4 10 120 58
4 9 -1 274
4 8 164 102
4 7 -1 -1
4 6 -1 -1
4 5 -1 158
4 3 -1 268
4 2 -1 -1
4 1 -1 188
3 50 -1 102
3 49 -1 138
3 48 -1 88
3 47 -1 258
3 46 -1 274
3 45 -1 -1
3 44 -1 166
3 43 -1 -1
3 42 -1 220
3 41 -1 120
3 40 -1 -1
3 39 -1 246
3 38 -1 -1
3 37 -1 174
3 36 -1 -1
3 35 -1 108
3 34 -1 218
3 33 -1 102
3 32 -1 138
3 31 -1 162
3 30 133 84
3 29 131 64
3 28 -1 -1
3 27 -1 154
3 26 -1 -1
3 25 -1 -1
3 24 133 74
3 23 -1 -1
3 22 -1 -1
3 21 -1 272
3 20 -1 -1
3 19 -1 -1
3 18 -1 182
3 17 -1 146
3 16 -1 252
3 15 -1 242
3 14 -1 -1
3 13 131 60
3 12 -1 -1
3 11 -1 180
3 10 -1 282
3 9 101 38
3 8 -1 184
3 7 -1 290
3 6 -1 262
3 5 -1 114
3 4 -1 262
3 2 -1 -1
3 1 -1 256
2 50 -1 -1
2 49 -1 -1
2 48 -1 -1
2 47 130 68
2 46 -1 -1
2 45 -1 -1
2 44 -1 188
2 43 -1 122
2 42 -1 -1
2 41 -1 270
2 40 -1 -1
2 39 -1 280
2 38 103 56
2 37 -1 178
2 36 225 122
2 35 -1 -1
2 34 -1 -1
2 33 -1 260
2 32 -1 -1
2 31 -1 212
2 30 -1 282
2 29 -1 -1
2 28 -1 78
2 27 -1 -1
2 26 -1 252
2 25 161 82
2 24 -1 -1
2 23 -1 -1
2 22 112 46
2 21 -1 -1
2 20 -1 224
2 19 -1 134
2 18 -1 -1
2 17 -1 206
2 16 -1 94
2 15 -1 136
2 14 -1 96
2 13 -1 -1
2 12 140 66
2 11 -1 -1
2 10 -1 -1
2 9 -1 -1
2 8 -1 -1
2 7 94 54
2 6 -1 132
2 5 -1 -1
2 4 -1 -1
2 3 -1 -1
2 1 -1 158
1 50 -1 252
1 49 -1 242
1 48 -1 -1
1 47 167 74
1 46 -1 254
1 45 -1 246
1 44 187 130
1 43 178 112
1 42 -1 -1
1 41 -1 174
1 40 -1 222
1 39 229 84
1 38 -1 172
1 37 168 114
1 36 -1 130
1 35 -1 -1
1 34 -1 260
1 33 -1 228
1 32 -1 290
1 31 -1 270
1 30 -1 252
1 29 -1 -1
1 28 -1 178
1 27 -1 260
1 26 -1 140
1 25 -1 168
1 24 -1 -1
1 23 -1 286
1 22 -1 206
1 21 -1 -1
1 20 -1 254
1 19 166 82
1 18 -1 228
1 17 -1 126
1 16 -1 152
1 15 -1 188
1 14 -1 226
1 13 -1 -1
1 12 -1 154
1 11 -1 228
1 10 -1 170
1 9 -1 -1
1 8 -1 -1
1 7 -1 90
1 6 -1 284
1 5 -1 -1
1 4 -1 246
1 3 -1 -1
1 2 -1 114
