nnodes narcs source target type
50 2450 32 17 drone_routing_pli_project2
nodename posx posy
50 986.934 388.857
49 934.031 593.341
48 827.234 313.347
47 913.949 329.182
46 242.004 489.496
45 903.235 368.426
44 945.25 643.744
43 338.136 584.941
42 229.342 801.76
41 267.4 953.097
40 81.8416 569.725
39 195.334 593.232
38 658.511 937.884
37 512.247 552.193
36 607.099 375.62
35 759.929 670.62
34 280.868 704.665
33 203.298 88.5762
32 569.775 509.565
31 540.184 647.78
30 939.328 259.061
29 474.992 272.491
28 377.366 564.835
27 876.027 696.759
26 679.633 150.975
25 319.815 982.327
24 774.809 813.267
23 660.036 702.546
22 314.577 436.784
21 426.58 500.941
20 296.934 646.692
19 116.756 750.923
18 110.957 884.096
17 962.459 12.0538
16 694.994 228.603
15 392.896 899.323
14 891.081 593.873
13 932.664 340.327
12 6.57788 573.299
11 622.059 210.893
10 806.502 140.473
9 584.649 216.588
8 950.854 153.56
7 132.554 64.1665
6 351.209 573.345
5 750.497 366.274
4 187.59 990.434
3 565.489 1.76691
2 834.817 335.986
1 41.6303 454.492
tail head car_cost drone_cost
50 49 224 452
50 48 -1 298
50 47 -1 164
50 46 -1 -1
50 45 82 148
50 44 227 550
50 43 -1 -1
50 42 -1 -1
50 41 -1 -1
50 40 -1 -1
50 39 -1 -1
50 38 -1 -1
50 37 -1 810
50 36 -1 654
50 35 -1 702
50 34 -1 -1
50 33 -1 -1
50 32 -1 744
50 31 -1 916
50 30 142 328
50 29 -1 -1
50 28 -1 -1
50 27 -1 620
50 26 -1 788
50 25 -1 -1
50 24 -1 1048
50 23 -1 986
50 22 -1 -1
50 21 -1 -1
50 20 -1 -1
50 19 -1 -1
50 18 -1 -1
50 17 385 874
50 16 -1 538
50 15 -1 -1
50 14 -1 394
50 13 87 120
50 12 -1 -1
50 11 -1 812
50 10 -1 522
50 9 -1 894
50 8 282 408
50 7 -1 -1
50 6 -1 -1
50 5 -1 566
50 4 -1 -1
50 3 -1 -1
50 2 -1 382
50 1 -1 -1
49 50 254 346
49 48 -1 512
49 47 -1 490
49 46 -1 -1
49 45 256 444
49 44 55 118
49 43 -1 -1
49 42 -1 -1
49 41 -1 -1
49 40 -1 -1
49 39 -1 -1
49 38 -1 802
49 37 -1 1014
49 36 -1 758
49 35 -1 408
49 34 -1 -1
49 33 -1 -1
49 32 -1 718
49 31 -1 952
49 30 -1 684
49 29 -1 1048
49 28 -1 -1
49 27 -1 234
49 26 -1 1048
49 25 -1 -1
49 24 -1 472
49 23 -1 510
49 22 -1 1034
49 21 -1 -1
49 20 -1 -1
49 19 -1 -1
49 18 -1 -1
49 17 -1 -1
49 16 -1 970
49 15 -1 -1
49 14 46 72
49 13 -1 606
49 12 -1 -1
49 11 -1 960
49 10 -1 784
49 9 -1 828
49 8 -1 776
49 7 -1 -1
49 6 -1 -1
49 5 -1 502
49 4 -1 -1
49 3 -1 -1
49 2 -1 610
49 1 -1 -1
48 50 -1 334
48 49 -1 492
48 47 74 154
48 46 -1 -1
48 45 -1 196
48 44 -1 654
48 43 -1 944
48 42 -1 -1
48 41 -1 -1
48 40 -1 -1
48 39 -1 -1
48 38 -1 -1
48 37 -1 912
48 36 -1 484
48 35 -1 606
48 34 -1 -1
48 33 -1 -1
48 32 -1 722
48 31 -1 918
48 30 109 212
48 29 -1 740
48 28 -1 -1
48 27 -1 890
48 26 -1 512
48 25 -1 -1
48 24 -1 916
48 23 -1 886
48 22 -1 944
48 21 -1 852
48 20 -1 1020
48 19 -1 -1
48 18 -1 -1
48 17 -1 726
48 16 189 324
48 15 -1 -1
48 14 -1 544
48 13 -1 200
48 12 -1 -1
48 11 -1 450
48 10 148 394
48 9 -1 466
48 8 -1 446
48 7 -1 -1
48 6 -1 990
48 5 107 220
48 4 -1 -1
48 3 -1 888
48 2 22 48
48 1 -1 -1
47 50 -1 186
47 49 -1 468
47 48 81 192
47 46 -1 -1
47 45 47 90
47 44 -1 518
47 43 -1 1036
47 42 -1 -1
47 41 -1 -1
47 40 -1 -1
47 39 -1 -1
47 38 -1 -1
47 37 -1 788
47 36 -1 672
47 35 -1 726
47 34 -1 -1
47 33 -1 -1
47 32 -1 772
47 31 -1 874
47 30 79 164
47 29 -1 878
47 28 -1 -1
47 27 -1 820
47 26 -1 640
47 25 -1 -1
47 24 -1 826
47 23 -1 898
47 22 -1 -1
47 21 -1 -1
47 20 -1 -1
47 19 -1 -1
47 18 -1 -1
47 17 -1 558
47 16 -1 578
47 15 -1 -1
47 14 -1 538
47 13 18 52
47 12 -1 -1
47 11 -1 506
47 10 -1 424
47 9 -1 826
47 8 -1 322
47 7 -1 -1
47 6 -1 -1
47 5 -1 332
47 4 -1 -1
47 3 -1 904
47 2 86 130
47 1 -1 -1
46 50 -1 -1
46 49 -1 -1
46 48 -1 -1
46 47 -1 -1
46 45 -1 -1
46 44 -1 -1
46 43 117 302
46 42 -1 644
46 41 -1 816
46 40 195 400
46 39 103 198
46 38 -1 -1
46 37 -1 610
46 36 -1 766
46 35 -1 -1
46 34 -1 496
46 33 -1 760
46 32 -1 744
46 31 -1 650
46 30 -1 -1
46 29 -1 546
46 28 -1 268
46 27 -1 -1
46 26 -1 -1
46 25 -1 914
46 24 -1 1014
46 23 -1 1046
46 22 108 160
46 21 -1 344
46 20 -1 286
46 19 -1 612
46 18 -1 950
46 17 -1 -1
46 16 -1 876
46 15 -1 998
46 14 -1 -1
46 13 -1 -1
46 12 -1 422
46 11 -1 1062
46 10 -1 -1
46 9 -1 838
46 8 -1 -1
46 7 -1 1040
46 6 130 238
46 5 -1 854
46 4 -1 810
46 3 -1 946
46 2 -1 -1
46 1 237 440
45 50 84 152
45 49 263 490
45 48 -1 166
45 47 40 88
45 46 -1 -1
45 44 -1 496
45 43 -1 -1
45 42 -1 -1
45 41 -1 -1
45 40 -1 -1
45 39 -1 -1
45 38 -1 -1
45 37 -1 852
45 36 -1 640
45 35 -1 674
45 34 -1 -1
45 33 -1 -1
45 32 -1 786
45 31 -1 896
45 30 -1 190
45 29 -1 854
45 28 -1 938
45 27 -1 722
45 26 -1 700
45 25 -1 -1
45 24 -1 -1
45 23 -1 894
45 22 -1 -1
45 21 -1 1010
45 20 -1 -1
45 19 -1 -1
45 18 -1 -1
45 17 -1 810
45 16 -1 406
45 15 -1 -1
45 14 233 474
45 13 37 66
45 12 -1 -1
45 11 -1 684
45 10 -1 418
45 9 -1 582
45 8 -1 494
45 7 -1 -1
45 6 -1 -1
45 5 156 326
45 4 -1 -1
45 3 -1 838
45 2 91 176
45 1 -1 -1
44 50 280 586
44 49 52 110
44 48 -1 630
44 47 -1 752
44 46 -1 -1
44 45 -1 564
44 43 -1 1008
44 42 -1 -1
44 41 -1 -1
44 40 -1 -1
44 39 -1 -1
44 38 454 662
44 37 -1 962
44 36 -1 1036
44 35 -1 362
44 34 -1 -1
44 33 -1 -1
44 32 -1 762
44 31 -1 886
44 30 -1 742
44 29 -1 -1
44 28 -1 966
44 27 79 170
44 26 -1 -1
44 25 -1 -1
44 24 193 566
44 23 -1 606
44 22 -1 -1
44 21 -1 -1
44 20 -1 -1
44 19 -1 -1
44 18 -1 -1
44 17 -1 -1
44 16 -1 856
44 15 -1 1062
44 14 74 144
44 13 -1 716
44 12 -1 -1
44 11 -1 -1
44 10 -1 986
44 9 -1 -1
44 8 -1 990
44 7 -1 -1
44 6 -1 -1
44 5 -1 766
44 4 -1 -1
44 3 -1 -1
44 2 -1 572
44 1 -1 -1
43 50 -1 -1
43 49 -1 962
43 48 -1 944
43 47 -1 1066
43 46 131 248
43 45 -1 -1
43 44 -1 -1
43 42 -1 436
43 41 -1 600
43 40 -1 512
43 39 155 312
43 38 -1 804
43 37 -1 298
43 36 -1 738
43 35 -1 948
43 34 -1 308
43 33 -1 -1
43 32 -1 540
43 31 -1 478
43 30 -1 -1
43 29 -1 666
43 28 45 74
43 27 -1 1024
43 26 -1 956
43 25 -1 650
43 24 -1 950
43 23 -1 558
43 22 -1 354
43 21 -1 256
43 20 63 122
43 19 -1 650
43 18 -1 834
43 17 -1 -1
43 16 -1 -1
43 15 -1 534
43 14 -1 936
43 13 -1 -1
43 12 -1 572
43 11 -1 880
43 10 -1 1066
43 9 -1 832
43 8 -1 -1
43 7 -1 -1
43 6 21 40
43 5 -1 884
43 4 -1 986
43 3 -1 -1
43 2 -1 -1
43 1 -1 686
42 50 -1 -1
42 49 -1 -1
42 48 -1 -1
42 47 -1 -1
42 46 -1 706
42 45 -1 -1
42 44 -1 -1
42 43 -1 454
42 41 153 354
42 40 -1 522
42 39 -1 504
42 38 -1 944
42 37 -1 724
42 36 -1 -1
42 35 -1 992
42 34 107 248
42 33 -1 -1
42 32 -1 1048
42 31 -1 652
42 30 -1 -1
42 29 -1 -1
42 28 -1 544
42 27 -1 -1
42 26 -1 -1
42 25 -1 364
42 24 -1 952
42 23 -1 784
42 22 -1 764
42 21 -1 732
42 20 -1 386
42 19 114 288
42 18 157 284
42 17 -1 -1
42 16 -1 -1
42 15 170 418
42 14 -1 -1
42 13 -1 -1
42 12 -1 714
42 11 -1 -1
42 10 -1 -1
42 9 -1 -1
42 8 -1 -1
42 7 -1 -1
42 6 -1 436
42 5 -1 -1
42 4 -1 372
42 3 -1 -1
42 2 -1 -1
42 1 -1 924
41 50 -1 -1
41 49 -1 -1
41 48 -1 -1
41 47 -1 -1
41 46 -1 1016
41 45 -1 -1
41 44 -1 -1
41 43 -1 642
41 42 145 350
41 40 -1 824
41 39 -1 860
41 38 -1 792
41 37 -1 818
41 36 -1 -1
41 35 -1 -1
41 34 -1 510
41 33 -1 -1
41 32 -1 1022
41 31 -1 716
41 30 -1 -1
41 29 -1 -1
41 28 -1 962
41 27 -1 -1
41 26 -1 -1
41 25 55 116
41 24 -1 -1
41 23 -1 902
41 22 -1 926
41 21 -1 -1
41 20 -1 534
41 19 -1 606
41 18 143 344
41 17 -1 -1
41 16 -1 -1
41 15 147 300
41 14 -1 -1
41 13 -1 -1
41 12 -1 1032
41 11 -1 -1
41 10 -1 -1
41 9 -1 -1
41 8 -1 -1
41 7 -1 -1
41 6 -1 870
41 5 -1 -1
41 4 93 186
41 3 -1 -1
41 2 -1 -1
41 1 -1 916
40 50 -1 -1
40 49 -1 -1
40 48 -1 -1
40 47 -1 -1
40 46 169 364
40 45 -1 -1
40 44 -1 -1
40 43 -1 494
40 42 -1 450
40 41 -1 948
40 39 104 246
40 38 -1 -1
40 37 -1 820
40 36 -1 -1
40 35 -1 -1
40 34 -1 534
40 33 -1 -1
40 32 -1 976
40 31 -1 964
40 30 -1 -1
40 29 -1 808
40 28 -1 700
40 27 -1 -1
40 26 -1 -1
40 25 -1 -1
40 24 -1 -1
40 23 -1 -1
40 22 -1 610
40 21 -1 592
40 20 -1 422
40 19 217 374
40 18 -1 524
40 17 -1 -1
40 16 -1 -1
40 15 -1 884
40 14 -1 -1
40 13 -1 -1
40 12 69 166
40 11 -1 -1
40 10 -1 -1
40 9 -1 998
40 8 -1 -1
40 7 -1 1002
40 6 -1 566
40 5 -1 -1
40 4 -1 750
40 3 -1 -1
40 2 -1 -1
40 1 125 234
39 50 -1 -1
39 49 -1 -1
39 48 -1 -1
39 47 -1 -1
39 46 99 190
39 45 -1 -1
39 44 -1 -1
39 43 122 250
39 42 -1 466
39 41 -1 718
39 40 118 256
39 38 -1 1048
39 37 -1 674
39 36 -1 792
39 35 -1 -1
39 34 147 308
39 33 -1 920
39 32 -1 904
39 31 -1 778
39 30 -1 -1
39 29 -1 746
39 28 -1 350
39 27 -1 -1
39 26 -1 -1
39 25 -1 750
39 24 -1 -1
39 23 -1 -1
39 22 -1 402
39 21 -1 430
39 20 122 254
39 19 184 400
39 18 -1 668
39 17 -1 -1
39 16 -1 -1
39 15 -1 872
39 14 -1 -1
39 13 -1 -1
39 12 -1 304
39 11 -1 -1
39 10 -1 -1
39 9 -1 882
39 8 -1 -1
39 7 -1 854
39 6 -1 354
39 5 -1 -1
39 4 -1 816
39 3 -1 -1
39 2 -1 -1
39 1 -1 484
38 50 -1 -1
38 49 -1 986
38 48 -1 -1
38 47 -1 -1
38 46 -1 -1
38 45 -1 -1
38 44 377 842
38 43 -1 966
38 42 -1 -1
38 41 -1 816
38 40 -1 -1
38 39 -1 -1
38 37 -1 886
38 36 -1 1038
38 35 -1 582
38 34 -1 800
38 33 -1 -1
38 32 -1 998
38 31 -1 532
38 30 -1 -1
38 29 -1 -1
38 28 -1 918
38 27 -1 656
38 26 -1 -1
38 25 383 718
38 24 163 286
38 23 264 420
38 22 -1 -1
38 21 -1 -1
38 20 -1 812
38 19 -1 -1
38 18 -1 988
38 17 -1 -1
38 16 -1 -1
38 15 253 570
38 14 -1 930
38 13 -1 -1
38 12 -1 -1
38 11 -1 -1
38 10 -1 -1
38 9 -1 -1
38 8 -1 -1
38 7 -1 -1
38 6 -1 -1
38 5 -1 1038
38 4 -1 1004
38 3 -1 -1
38 2 -1 -1
38 1 -1 -1
37 50 -1 -1
37 49 -1 744
37 48 -1 698
37 47 -1 824
37 46 -1 476
37 45 -1 968
37 44 -1 772
37 43 -1 410
37 42 -1 696
37 41 -1 968
37 40 -1 748
37 39 -1 540
37 38 -1 912
37 36 -1 478
37 35 -1 614
37 34 -1 588
37 33 -1 -1
37 32 71 148
37 31 110 162
37 30 -1 -1
37 29 -1 612
37 28 124 264
37 27 -1 906
37 26 -1 788
37 25 -1 936
37 24 -1 762
37 23 -1 348
37 22 -1 466
37 21 109 190
37 20 -1 470
37 19 -1 780
37 18 -1 -1
37 17 -1 -1
37 16 -1 818
37 15 -1 708
37 14 -1 674
37 13 -1 800
37 12 -1 962
37 11 -1 760
37 10 -1 -1
37 9 -1 678
37 8 -1 -1
37 7 -1 1030
37 6 -1 266
37 5 -1 556
37 4 -1 -1
37 3 -1 908
37 2 -1 772
37 1 -1 -1
36 50 -1 886
36 49 -1 700
36 48 -1 404
36 47 -1 682
36 46 -1 624
36 45 -1 650
36 44 -1 766
36 43 -1 788
36 42 -1 -1
36 41 -1 -1
36 40 -1 -1
36 39 -1 746
36 38 -1 -1
36 37 -1 408
36 35 -1 618
36 34 -1 1004
36 33 -1 860
36 32 117 300
36 31 -1 558
36 30 -1 832
36 29 201 282
36 28 -1 570
36 27 -1 730
36 26 -1 388
36 25 -1 -1
36 24 -1 788
36 23 -1 718
36 22 -1 592
36 21 182 468
36 20 -1 792
36 19 -1 -1
36 18 -1 -1
36 17 -1 1070
36 16 163 320
36 15 -1 1016
36 14 -1 848
36 13 -1 740
36 12 -1 -1
36 11 182 370
36 10 -1 612
36 9 167 340
36 8 -1 894
36 7 -1 1024
36 6 -1 704
36 5 136 260
36 4 -1 -1
36 3 -1 648
36 2 -1 468
36 1 -1 -1
35 50 -1 832
35 49 -1 356
35 48 -1 606
35 47 -1 780
35 46 -1 -1
35 45 -1 788
35 44 -1 436
35 43 -1 956
35 42 -1 -1
35 41 -1 -1
35 40 -1 -1
35 39 -1 1020
35 38 -1 682
35 37 -1 606
35 36 -1 596
35 34 -1 810
35 33 -1 -1
35 32 279 472
35 31 -1 392
35 30 -1 754
35 29 -1 -1
35 28 -1 654
35 27 109 278
35 26 -1 884
35 25 -1 -1
35 24 164 282
35 23 101 224
35 22 -1 -1
35 21 -1 758
35 20 -1 860
35 19 -1 -1
35 18 -1 -1
35 17 -1 -1
35 16 -1 966
35 15 -1 854
35 14 182 338
35 13 -1 802
35 12 -1 -1
35 11 -1 796
35 10 -1 990
35 9 -1 -1
35 8 -1 1008
35 7 -1 -1
35 6 -1 854
35 5 286 608
35 4 -1 -1
35 3 -1 -1
35 2 -1 712
35 1 -1 -1
34 50 -1 -1
34 49 -1 -1
34 48 -1 -1
34 47 -1 -1
34 46 -1 402
34 45 -1 -1
34 44 -1 -1
34 43 -1 282
34 42 113 240
34 41 -1 404
34 40 -1 472
34 39 139 332
34 38 -1 906
34 37 -1 564
34 36 -1 792
34 35 -1 800
34 33 -1 -1
34 32 -1 792
34 31 269 580
34 30 -1 -1
34 29 -1 1038
34 28 -1 378
34 27 -1 1014
34 26 -1 -1
34 25 -1 574
34 24 -1 978
34 23 -1 684
34 22 -1 540
34 21 -1 424
34 20 61 144
34 19 199 324
34 18 -1 420
34 17 -1 -1
34 16 -1 -1
34 15 200 516
34 14 -1 -1
34 13 -1 -1
34 12 -1 544
34 11 -1 -1
34 10 -1 -1
34 9 -1 -1
34 8 -1 -1
34 7 -1 -1
34 6 -1 348
34 5 -1 -1
34 4 -1 616
34 3 -1 -1
34 2 -1 -1
34 1 -1 650
33 50 -1 -1
33 49 -1 -1
33 48 -1 -1
33 47 -1 -1
33 46 -1 964
33 45 -1 -1
33 44 -1 -1
33 43 -1 962
33 42 -1 -1
33 41 -1 -1
33 40 -1 966
33 39 -1 996
33 38 -1 -1
33 37 -1 918
33 36 -1 -1
33 35 -1 -1
33 34 -1 -1
33 32 -1 1032
33 31 -1 -1
33 30 -1 -1
33 29 365 786
33 28 -1 956
33 27 -1 -1
33 26 -1 888
33 25 -1 -1
33 24 -1 -1
33 23 -1 -1
33 22 345 600
33 21 -1 878
33 20 -1 -1
33 19 -1 -1
33 18 -1 -1
33 17 -1 -1
33 16 -1 860
33 15 -1 -1
33 14 -1 -1
33 13 -1 -1
33 12 -1 950
33 11 -1 828
33 10 -1 -1
33 9 -1 948
33 8 -1 -1
33 7 68 128
33 6 -1 952
33 5 -1 -1
33 4 -1 -1
33 3 334 716
33 2 -1 -1
33 1 374 708
32 50 -1 1012
32 49 -1 728
32 48 -1 618
32 47 -1 786
32 46 -1 550
32 45 -1 618
32 44 -1 814
32 43 -1 460
32 42 -1 818
32 41 -1 -1
32 40 -1 1050
32 39 -1 822
32 38 -1 824
32 37 59 172
32 36 153 318
32 35 278 544
32 34 -1 800
32 33 -1 -1
32 31 122 236
32 30 -1 752
32 29 -1 536
32 28 -1 406
32 27 -1 636
32 26 -1 772
32 25 -1 -1
32 24 -1 832
32 23 229 468
32 22 -1 504
32 21 141 328
32 20 -1 732
32 19 -1 1008
32 18 -1 -1
32 17 -1 -1
32 16 -1 718
32 15 -1 1020
32 14 -1 580
32 13 -1 880
32 12 -1 1030
32 11 -1 680
32 10 -1 758
32 9 -1 594
32 8 -1 -1
32 7 -1 -1
32 6 -1 370
32 5 240 392
32 4 -1 -1
32 3 -1 -1
32 2 -1 672
32 1 -1 946
31 50 -1 834
31 49 -1 690
31 48 -1 982
31 47 -1 866
31 46 -1 788
31 45 -1 1038
31 44 -1 926
31 43 -1 466
31 42 -1 594
31 41 -1 718
31 40 -1 -1
31 39 -1 756
31 38 -1 682
31 37 102 214
31 36 -1 576
31 35 -1 494
31 34 313 578
31 33 -1 -1
31 32 121 256
31 30 -1 -1
31 29 -1 812
31 28 182 316
31 27 -1 624
31 26 -1 908
31 25 -1 840
31 24 -1 518
31 23 122 228
31 22 -1 606
31 21 -1 324
31 20 286 566
31 19 -1 976
31 18 -1 788
31 17 -1 -1
31 16 -1 832
31 15 320 626
31 14 -1 744
31 13 -1 830
31 12 -1 996
31 11 -1 994
31 10 -1 998
31 9 -1 932
31 8 -1 -1
31 7 -1 -1
31 6 -1 346
31 5 -1 836
31 4 -1 -1
31 3 -1 -1
31 2 -1 934
31 1 -1 -1
30 50 142 284
30 49 -1 722
30 48 140 224
30 47 88 142
30 46 -1 -1
30 45 -1 240
30 44 -1 810
30 43 -1 -1
30 42 -1 -1
30 41 -1 -1
30 40 -1 -1
30 39 -1 -1
30 38 -1 -1
30 37 -1 860
30 36 -1 570
30 35 -1 782
30 34 -1 -1
30 33 -1 -1
30 32 -1 772
30 31 -1 1038
30 29 -1 952
30 28 -1 -1
30 27 -1 774
30 26 -1 536
30 25 -1 -1
30 24 -1 -1
30 23 -1 -1
30 22 -1 -1
30 21 -1 -1
30 20 -1 -1
30 19 -1 -1
30 18 -1 -1
30 17 -1 462
30 16 -1 566
30 15 -1 -1
30 14 -1 702
30 13 84 158
30 12 -1 -1
30 11 -1 744
30 10 174 348
30 9 -1 814
30 8 119 200
30 7 -1 -1
30 6 -1 -1
30 5 -1 510
30 4 -1 -1
30 3 -1 -1
30 2 -1 304
30 1 -1 -1
29 50 -1 1070
29 49 -1 -1
29 48 -1 676
29 47 -1 728
29 46 -1 626
29 45 -1 820
29 44 -1 -1
29 43 -1 792
29 42 -1 986
29 41 -1 -1
29 40 -1 986
29 39 -1 936
29 38 -1 -1
29 37 -1 552
29 36 198 378
29 35 -1 786
29 34 -1 1024
29 33 301 630
29 32 -1 522
29 31 -1 698
29 30 -1 870
29 28 -1 502
29 27 -1 -1
29 26 -1 540
29 25 -1 -1
29 24 -1 -1
29 23 -1 1040
29 22 245 468
29 21 271 466
29 20 -1 868
29 19 -1 -1
29 18 -1 -1
29 17 -1 -1
29 16 -1 380
29 15 -1 -1
29 14 -1 974
29 13 -1 930
29 12 -1 -1
29 11 -1 312
29 10 -1 850
29 9 117 232
29 8 -1 1024
29 7 -1 656
29 6 -1 728
29 5 -1 650
29 4 -1 -1
29 3 303 656
29 2 -1 848
29 1 -1 912
28 50 -1 -1
28 49 -1 -1
28 48 -1 -1
28 47 -1 -1
28 46 -1 302
28 45 -1 -1
28 44 -1 -1
28 43 37 78
28 42 -1 482
28 41 -1 680
28 40 -1 528
28 39 -1 366
28 38 -1 790
28 37 137 282
28 36 -1 616
28 35 -1 672
28 34 -1 386
28 33 -1 954
28 32 -1 342
28 31 188 434
28 30 -1 -1
28 29 -1 566
28 27 -1 922
28 26 -1 1022
28 25 -1 728
28 24 -1 900
28 23 -1 656
28 22 117 320
28 21 66 164
28 20 96 228
28 19 -1 756
28 18 -1 922
28 17 -1 -1
28 16 -1 954
28 15 -1 570
28 14 -1 1024
28 13 -1 -1
28 12 -1 696
28 11 -1 970
28 10 -1 -1
28 9 -1 892
28 8 -1 -1
28 7 -1 1054
28 6 32 64
28 5 -1 792
28 4 -1 1024
28 3 -1 -1
28 2 -1 820
28 1 -1 624
27 50 -1 680
27 49 -1 246
27 48 -1 706
27 47 -1 742
27 46 -1 -1
27 45 -1 786
27 44 100 188
27 43 -1 -1
27 42 -1 -1
27 41 -1 -1
27 40 -1 -1
27 39 -1 -1
27 38 -1 742
27 37 -1 894
27 36 -1 844
27 35 117 284
27 34 -1 -1
27 33 -1 -1
27 32 -1 720
27 31 -1 656
27 30 -1 1030
27 29 -1 -1
27 28 -1 928
27 26 -1 1042
27 25 -1 -1
27 24 160 296
27 23 -1 416
27 22 -1 -1
27 21 -1 974
27 20 -1 1030
27 19 -1 -1
27 18 -1 -1
27 17 -1 -1
27 16 -1 1016
27 15 -1 -1
27 14 102 200
27 13 -1 674
27 12 -1 -1
27 11 -1 908
27 10 -1 1034
27 9 -1 -1
27 8 -1 -1
27 7 -1 -1
27 6 -1 -1
27 5 -1 842
27 4 -1 -1
27 3 -1 -1
27 2 -1 786
27 1 -1 -1
26 50 -1 672
26 49 -1 -1
26 48 -1 484
26 47 -1 604
26 46 -1 -1
26 45 -1 692
26 44 -1 -1
26 43 -1 1046
26 42 -1 -1
26 41 -1 -1
26 40 -1 -1
26 39 -1 -1
26 38 -1 -1
26 37 -1 986
26 36 -1 382
26 35 -1 1004
26 34 -1 -1
26 33 -1 1016
26 32 -1 750
26 31 -1 1014
26 30 -1 524
26 29 -1 396
26 28 -1 854
26 27 -1 968
26 25 -1 -1
26 24 -1 -1
26 23 -1 -1
26 22 -1 746
26 21 -1 1014
26 20 -1 -1
26 19 -1 -1
26 18 -1 -1
26 17 -1 748
26 16 85 170
26 15 -1 -1
26 14 -1 900
26 13 -1 708
26 12 -1 -1
26 11 87 200
26 10 105 214
26 9 111 264
26 8 -1 570
26 7 -1 -1
26 6 -1 -1
26 5 -1 472
26 4 -1 -1
26 3 180 360
26 2 -1 554
26 1 -1 -1
25 50 -1 -1
25 49 -1 -1
25 48 -1 -1
25 47 -1 -1
25 46 -1 990
25 45 -1 -1
25 44 -1 -1
25 43 -1 858
25 42 -1 406
25 41 68 134
25 40 -1 -1
25 39 -1 816
25 38 312 770
25 37 -1 808
25 36 -1 -1
25 35 -1 966
25 34 -1 668
25 33 -1 -1
25 32 -1 912
25 31 -1 892
25 30 -1 -1
25 29 -1 -1
25 28 -1 860
25 27 -1 1012
25 26 -1 -1
25 24 -1 -1
25 23 -1 968
25 22 -1 992
25 21 -1 -1
25 20 -1 708
25 19 -1 600
25 18 -1 490
25 17 -1 -1
25 16 -1 -1
25 15 89 232
25 14 -1 -1
25 13 -1 -1
25 12 -1 984
25 11 -1 -1
25 10 -1 -1
25 9 -1 -1
25 8 -1 -1
25 7 -1 -1
25 6 -1 712
25 5 -1 -1
25 4 107 238
25 3 -1 -1
25 2 -1 -1
25 1 -1 -1
24 50 -1 -1
24 49 -1 546
24 48 -1 898
24 47 -1 930
24 46 -1 -1
24 45 -1 768
24 44 286 416
24 43 -1 804
24 42 -1 -1
24 41 -1 -1
24 40 -1 -1
24 39 -1 -1
24 38 193 328
24 37 -1 738
24 36 -1 1070
24 35 132 268
24 34 -1 826
24 33 -1 -1
24 32 -1 706
24 31 -1 560
24 30 -1 -1
24 29 -1 -1
24 28 -1 956
24 27 135 336
24 26 -1 -1
24 25 -1 928
24 23 150 380
24 22 -1 -1
24 21 -1 -1
24 20 -1 -1
24 19 -1 -1
24 18 -1 -1
24 17 -1 -1
24 16 -1 -1
24 15 -1 888
24 14 -1 530
24 13 -1 900
24 12 -1 -1
24 11 -1 -1
24 10 -1 -1
24 9 -1 -1
24 8 -1 -1
24 7 -1 -1
24 6 -1 944
24 5 -1 780
24 4 -1 -1
24 3 -1 -1
24 2 -1 1030
24 1 -1 -1
23 50 -1 730
23 49 -1 654
23 48 -1 806
23 47 -1 1068
23 46 -1 912
23 45 -1 896
23 44 -1 482
23 43 -1 696
23 42 -1 728
23 41 -1 1046
23 40 -1 -1
23 39 -1 774
23 38 239 530
23 37 -1 442
23 36 -1 664
23 35 103 240
23 34 -1 740
23 33 -1 -1
23 32 187 400
23 31 157 302
23 30 -1 978
23 29 -1 -1
23 28 -1 564
23 27 -1 350
23 26 -1 1068
23 25 -1 932
23 24 152 316
23 22 -1 938
23 21 -1 674
23 20 -1 756
23 19 -1 -1
23 18 -1 1068
23 17 -1 -1
23 16 -1 932
23 15 334 606
23 14 -1 532
23 13 -1 784
23 12 -1 -1
23 11 -1 906
23 10 -1 -1
23 9 -1 -1
23 8 -1 -1
23 7 -1 -1
23 6 -1 788
23 5 -1 800
23 4 -1 1006
23 3 -1 -1
23 2 -1 688
23 1 -1 -1
22 50 -1 -1
22 49 -1 -1
22 48 -1 866
22 47 -1 -1
22 46 108 212
22 45 -1 -1
22 44 -1 -1
22 43 -1 242
22 42 -1 720
22 41 -1 896
22 40 -1 486
22 39 -1 396
22 38 -1 -1
22 37 -1 542
22 36 -1 638
22 35 -1 1048
22 34 -1 440
22 33 422 716
22 32 -1 636
22 31 -1 550
22 30 -1 -1
22 29 234 512
22 28 134 254
22 27 -1 -1
22 26 -1 888
22 25 -1 -1
22 24 -1 958
22 23 -1 750
22 21 151 246
22 20 -1 346
22 19 -1 728
22 18 -1 1028
22 17 -1 -1
22 16 -1 1020
22 15 -1 1022
22 14 -1 -1
22 13 -1 -1
22 12 -1 764
22 11 -1 908
22 10 -1 -1
22 9 -1 812
22 8 -1 -1
22 7 -1 772
22 6 159 320
22 5 -1 862
22 4 -1 -1
22 3 -1 824
22 2 -1 -1
22 1 317 456
21 50 -1 942
21 49 -1 -1
21 48 -1 820
21 47 -1 -1
21 46 -1 350
21 45 -1 888
21 44 -1 886
21 43 -1 198
21 42 -1 856
21 41 -1 854
21 40 -1 776
21 39 -1 440
21 38 -1 958
21 37 105 174
21 36 181 508
21 35 -1 862
21 34 -1 576
21 33 -1 920
21 32 146 296
21 31 -1 428
21 30 -1 982
21 29 276 394
21 28 96 176
21 27 -1 842
21 26 -1 696
21 25 -1 802
21 24 -1 990
21 23 -1 696
21 22 140 260
21 20 -1 464
21 19 -1 806
21 18 -1 -1
21 17 -1 -1
21 16 -1 870
21 15 -1 896
21 14 -1 850
21 13 -1 934
21 12 -1 898
21 11 -1 642
21 10 -1 -1
21 9 -1 774
21 8 -1 -1
21 7 -1 960
21 6 -1 204
21 5 -1 660
21 4 -1 -1
21 3 -1 1002
21 2 -1 916
21 1 -1 682
20 50 -1 -1
20 49 -1 -1
20 48 -1 -1
20 47 -1 -1
20 46 -1 280
20 45 -1 -1
20 44 -1 -1
20 43 77 160
20 42 -1 378
20 41 -1 626
20 40 -1 388
20 39 99 236
20 38 -1 960
20 37 -1 558
20 36 -1 664
20 35 -1 1068
20 34 70 142
20 33 -1 928
20 32 -1 640
20 31 230 488
20 30 -1 -1
20 29 -1 962
20 28 114 218
20 27 -1 -1
20 26 -1 -1
20 25 -1 672
20 24 -1 906
20 23 -1 814
20 22 -1 440
20 21 -1 438
20 19 -1 382
20 18 -1 614
20 17 -1 -1
20 16 -1 980
20 15 -1 614
20 14 -1 -1
20 13 -1 -1
20 12 -1 658
20 11 -1 -1
20 10 -1 -1
20 9 -1 -1
20 8 -1 -1
20 7 -1 -1
20 6 -1 218
20 5 -1 1008
20 4 -1 744
20 3 -1 -1
20 2 -1 -1
20 1 -1 704
19 50 -1 -1
19 49 -1 -1
19 48 -1 -1
19 47 -1 -1
19 46 -1 582
19 45 -1 -1
19 44 -1 -1
19 43 -1 534
19 42 100 286
19 41 -1 534
19 40 173 430
19 39 187 346
19 38 -1 -1
19 37 -1 840
19 36 -1 -1
19 35 -1 -1
19 34 137 344
19 33 -1 -1
19 32 -1 832
19 31 -1 824
19 30 -1 -1
19 29 -1 -1
19 28 -1 718
19 27 -1 -1
19 26 -1 -1
19 25 -1 510
19 24 -1 -1
19 23 -1 -1
19 22 -1 800
19 21 -1 732
19 20 -1 448
19 18 137 264
19 17 -1 -1
19 16 -1 -1
19 15 -1 734
19 14 -1 -1
19 13 -1 -1
19 12 223 438
19 11 -1 -1
19 10 -1 -1
19 9 -1 -1
19 8 -1 -1
19 7 -1 -1
19 6 -1 554
19 5 -1 -1
19 4 -1 456
19 3 -1 -1
19 2 -1 -1
19 1 -1 664
18 50 -1 -1
18 49 -1 -1
18 48 -1 -1
18 47 -1 -1
18 46 -1 882
18 45 -1 -1
18 44 -1 -1
18 43 -1 766
18 42 121 340
18 41 166 290
18 40 -1 562
18 39 -1 560
18 38 -1 -1
18 37 -1 1028
18 36 -1 -1
18 35 -1 -1
18 34 -1 570
18 33 -1 -1
18 32 -1 -1
18 31 -1 -1
18 30 -1 -1
18 29 -1 -1
18 28 -1 984
18 27 -1 -1
18 26 -1 -1
18 25 -1 470
18 24 -1 -1
18 23 -1 -1
18 22 -1 -1
18 21 -1 806
18 20 -1 578
18 19 130 264
18 17 -1 -1
18 16 -1 -1
18 15 -1 666
18 14 -1 -1
18 13 -1 -1
18 12 358 704
18 11 -1 -1
18 10 -1 -1
18 9 -1 -1
18 8 -1 -1
18 7 -1 -1
18 6 -1 644
18 5 -1 -1
18 4 144 292
18 3 -1 -1
18 2 -1 -1
18 1 -1 840
17 50 327 772
17 49 -1 -1
17 48 -1 744
17 47 -1 562
17 46 -1 -1
17 45 -1 716
17 44 -1 -1
17 43 -1 -1
17 42 -1 -1
17 41 -1 -1
17 40 -1 -1
17 39 -1 -1
17 38 -1 -1
17 37 -1 -1
17 36 -1 -1
17 35 -1 -1
17 34 -1 -1
17 33 -1 -1
17 32 -1 -1
17 31 -1 -1
17 30 -1 484
17 29 -1 1066
17 28 -1 -1
17 27 -1 -1
17 26 -1 750
17 25 -1 -1
17 24 -1 -1
17 23 -1 -1
17 22 -1 -1
17 21 -1 -1
17 20 -1 -1
17 19 -1 -1
17 18 -1 -1
17 16 -1 626
17 15 -1 -1
17 14 -1 -1
17 13 -1 780
17 12 -1 -1
17 11 -1 666
17 10 194 458
17 9 -1 894
17 8 130 242
17 7 -1 -1
17 6 -1 -1
17 5 -1 832
17 4 -1 -1
17 3 319 786
17 2 -1 734
17 1 -1 -1
16 50 -1 610
16 49 -1 956
16 48 131 304
16 47 -1 524
16 46 -1 970
16 45 -1 598
16 44 -1 868
16 43 -1 1022
16 42 -1 -1
16 41 -1 -1
16 40 -1 -1
16 39 -1 -1
16 38 -1 -1
16 37 -1 850
16 36 200 278
16 35 -1 782
16 34 -1 -1
16 33 -1 -1
16 32 -1 574
16 31 -1 798
16 30 -1 508
16 29 -1 492
16 28 -1 1068
16 27 -1 910
16 26 65 146
16 25 -1 -1
16 24 -1 -1
16 23 -1 948
16 22 -1 694
16 21 -1 804
16 20 -1 1016
16 19 -1 -1
16 18 -1 -1
16 17 -1 580
16 15 -1 -1
16 14 -1 842
16 13 -1 454
16 12 -1 -1
16 11 75 150
16 10 153 288
16 9 -1 242
16 8 -1 606
16 7 -1 -1
16 6 -1 916
16 5 134 266
16 4 -1 -1
16 3 -1 484
16 2 -1 316
16 1 -1 -1
15 50 -1 -1
15 49 -1 -1
15 48 -1 -1
15 47 -1 -1
15 46 -1 750
15 45 -1 -1
15 44 -1 -1
15 43 -1 548
15 42 190 364
15 41 157 234
15 40 -1 1034
15 39 -1 744
15 38 262 536
15 37 -1 716
15 36 -1 -1
15 35 -1 982
15 34 204 362
15 33 -1 -1
15 32 -1 852
15 31 326 568
15 30 -1 -1
15 29 -1 1070
15 28 -1 790
15 27 -1 -1
15 26 -1 -1
15 25 121 206
15 24 -1 900
15 23 374 710
15 22 -1 810
15 21 -1 738
15 20 -1 568
15 19 -1 706
15 18 -1 514
15 17 -1 -1
15 16 -1 -1
15 14 -1 1054
15 13 -1 -1
15 12 -1 1008
15 11 -1 -1
15 10 -1 -1
15 9 -1 -1
15 8 -1 -1
15 7 -1 -1
15 6 -1 588
15 5 -1 -1
15 4 -1 420
15 3 -1 -1
15 2 -1 -1
15 1 -1 -1
14 50 -1 480
14 49 42 80
14 48 -1 558
14 47 -1 638
14 46 -1 -1
14 45 202 442
14 44 63 122
14 43 -1 -1
14 42 -1 -1
14 41 -1 -1
14 40 -1 -1
14 39 -1 -1
14 38 -1 924
14 37 -1 718
14 36 -1 642
14 35 155 324
14 34 -1 -1
14 33 -1 -1
14 32 -1 558
14 31 -1 808
14 30 -1 612
14 29 -1 988
14 28 -1 -1
14 27 99 244
14 26 -1 864
14 25 -1 -1
14 24 -1 496
14 23 -1 538
14 22 -1 -1
14 21 -1 812
14 20 -1 996
14 19 -1 -1
14 18 -1 -1
14 17 -1 984
14 16 -1 944
14 15 -1 -1
14 13 -1 606
14 12 -1 -1
14 11 -1 782
14 10 -1 758
14 9 -1 826
14 8 -1 742
14 7 -1 -1
14 6 -1 -1
14 5 237 554
14 4 -1 -1
14 3 -1 -1
14 2 -1 462
14 1 -1 -1
13 50 74 160
13 49 -1 452
13 48 -1 222
13 47 18 38
13 46 -1 -1
13 45 48 76
13 44 -1 720
13 43 -1 -1
13 42 -1 -1
13 41 -1 -1
13 40 -1 -1
13 39 -1 -1
13 38 -1 -1
13 37 -1 1056
13 36 -1 558
13 35 -1 608
13 34 -1 -1
13 33 -1 -1
13 32 -1 734
13 31 -1 978
13 30 72 170
13 29 -1 802
13 28 -1 1020
13 27 -1 832
13 26 -1 534
13 25 -1 -1
13 24 -1 868
13 23 -1 1024
13 22 -1 -1
13 21 -1 1032
13 20 -1 -1
13 19 -1 -1
13 18 -1 -1
13 17 -1 582
13 16 -1 474
13 15 -1 -1
13 14 -1 542
13 12 -1 -1
13 11 -1 544
13 10 -1 530
13 9 -1 818
13 8 -1 434
13 7 -1 -1
13 6 -1 -1
13 5 -1 350
13 4 -1 -1
13 3 -1 848
13 2 -1 228
13 1 -1 -1
12 50 -1 -1
12 49 -1 -1
12 48 -1 -1
12 47 -1 -1
12 46 -1 586
12 45 -1 -1
12 44 -1 -1
12 43 -1 626
12 42 -1 712
12 41 -1 1058
12 40 69 172
12 39 -1 450
12 38 -1 -1
12 37 -1 1010
12 36 -1 -1
12 35 -1 -1
12 34 -1 670
12 33 -1 990
12 32 -1 -1
12 31 -1 1002
12 30 -1 -1
12 29 -1 922
12 28 -1 888
12 27 -1 -1
12 26 -1 -1
12 25 -1 848
12 24 -1 -1
12 23 -1 -1
12 22 -1 550
12 21 -1 876
12 20 -1 638
12 19 218 430
12 18 352 726
12 17 -1 -1
12 16 -1 -1
12 15 -1 878
12 14 -1 -1
12 13 -1 -1
12 11 -1 -1
12 10 -1 -1
12 9 -1 -1
12 8 -1 -1
12 7 526 -1
12 6 -1 652
12 5 -1 -1
12 4 -1 752
12 3 -1 -1
12 2 -1 -1
12 1 108 256
11 50 -1 948
11 49 -1 924
11 48 -1 466
11 47 -1 626
11 46 -1 848
11 45 -1 584
11 44 -1 980
11 43 -1 932
11 42 -1 -1
11 41 -1 -1
11 40 -1 -1
11 39 -1 -1
11 38 -1 -1
11 37 -1 668
11 36 156 306
11 35 -1 940
11 34 -1 -1
11 33 -1 882
11 32 -1 684
11 31 -1 1038
11 30 -1 662
11 29 -1 272
11 28 -1 808
11 27 -1 -1
11 26 76 198
11 25 -1 -1
11 24 -1 -1
11 23 -1 802
11 22 -1 796
11 21 -1 678
11 20 -1 916
11 19 -1 -1
11 18 -1 -1
11 17 -1 660
11 16 80 148
11 15 -1 -1
11 14 -1 920
11 13 -1 582
11 12 -1 -1
11 10 -1 328
11 9 38 74
11 8 -1 542
11 7 -1 -1
11 6 -1 818
11 5 -1 460
11 4 -1 -1
11 3 -1 450
11 2 -1 572
11 1 -1 1026
10 50 -1 598
10 49 -1 846
10 48 145 356
10 47 -1 500
10 46 -1 -1
10 45 -1 586
10 44 -1 -1
10 43 -1 -1
10 42 -1 -1
10 41 -1 -1
10 40 -1 -1
10 39 -1 -1
10 38 -1 -1
10 37 -1 1026
10 36 -1 520
10 35 -1 950
10 34 -1 -1
10 33 -1 -1
10 32 -1 924
10 31 -1 1038
10 30 207 402
10 29 -1 582
10 28 -1 -1
10 27 -1 1004
10 26 146 280
10 25 -1 -1
10 24 -1 -1
10 23 -1 -1
10 22 -1 -1
10 21 -1 922
10 20 -1 -1
10 19 -1 -1
10 18 -1 -1
10 17 211 374
10 16 156 324
10 15 -1 -1
10 14 -1 810
10 13 -1 442
10 12 -1 -1
10 11 -1 356
10 9 -1 414
10 8 133 262
10 7 -1 -1
10 6 -1 -1
10 5 -1 552
10 4 -1 -1
10 3 247 514
10 2 -1 348
10 1 -1 -1
9 50 -1 850
9 49 -1 886
9 48 -1 576
9 47 -1 750
9 46 -1 968
9 45 -1 794
9 44 -1 -1
9 43 -1 902
9 42 -1 -1
9 41 -1 -1
9 40 -1 -1
9 39 -1 -1
9 38 -1 -1
9 37 -1 658
9 36 169 340
9 35 -1 828
9 34 -1 -1
9 33 -1 958
9 32 -1 512
9 31 -1 766
9 30 -1 708
9 29 105 266
9 28 -1 800
9 27 -1 936
9 26 125 242
9 25 -1 -1
9 24 -1 -1
9 23 -1 816
9 22 -1 558
9 21 -1 618
9 20 -1 -1
9 19 -1 -1
9 18 -1 -1
9 17 -1 896
9 16 -1 262
9 15 -1 -1
9 14 -1 896
9 13 -1 628
9 12 -1 -1
9 11 41 86
9 10 -1 508
9 8 -1 808
9 7 -1 1034
9 6 -1 896
9 5 -1 422
9 4 -1 -1
9 3 195 364
9 2 -1 620
9 1 -1 -1
8 50 204 498
8 49 -1 738
8 48 -1 362
8 47 -1 342
8 46 -1 -1
8 45 -1 406
8 44 -1 -1
8 43 -1 -1
8 42 -1 -1
8 41 -1 -1
8 40 -1 -1
8 39 -1 -1
8 38 -1 -1
8 37 -1 -1
8 36 -1 920
8 35 -1 994
8 34 -1 -1
8 33 -1 -1
8 32 -1 -1
8 31 -1 -1
8 30 121 210
8 29 -1 788
8 28 -1 -1
8 27 -1 -1
8 26 -1 566
8 25 -1 -1
8 24 -1 -1
8 23 -1 -1
8 22 -1 -1
8 21 -1 -1
8 20 -1 -1
8 19 -1 -1
8 18 -1 -1
8 17 159 258
8 16 -1 562
8 15 -1 -1
8 14 -1 1050
8 13 -1 390
8 12 -1 -1
8 11 -1 544
8 10 149 238
8 9 -1 888
8 7 -1 -1
8 6 -1 -1
8 5 -1 480
8 4 -1 -1
8 3 -1 988
8 2 -1 468
8 1 -1 -1
7 50 -1 -1
7 49 -1 -1
7 48 -1 -1
7 47 -1 -1
7 46 -1 976
7 45 -1 -1
7 44 -1 -1
7 43 -1 1060
7 42 -1 -1
7 41 -1 -1
7 40 -1 922
7 39 -1 896
7 38 -1 -1
7 37 -1 -1
7 36 -1 -1
7 35 -1 -1
7 34 -1 -1
7 33 80 174
7 32 -1 -1
7 31 -1 -1
7 30 -1 -1
7 29 -1 750
7 28 -1 -1
7 27 -1 -1
7 26 -1 -1
7 25 -1 -1
7 24 -1 -1
7 23 -1 -1
7 22 -1 804
7 21 -1 1040
7 20 -1 -1
7 19 -1 -1
7 18 -1 -1
7 17 -1 -1
7 16 -1 -1
7 15 -1 -1
7 14 -1 -1
7 13 -1 -1
7 12 531 1062
7 11 -1 -1
7 10 -1 -1
7 9 -1 844
7 8 -1 -1
7 6 -1 974
7 5 -1 -1
7 4 -1 -1
7 3 403 1034
7 2 -1 -1
7 1 391 820
6 50 -1 -1
6 49 -1 -1
6 48 -1 -1
6 47 -1 1000
6 46 138 274
6 45 -1 1068
6 44 -1 -1
6 43 20 40
6 42 -1 492
6 41 -1 884
6 40 -1 456
6 39 -1 300
6 38 -1 852
6 37 -1 306
6 36 -1 738
6 35 -1 980
6 34 -1 342
6 33 -1 -1
6 32 -1 466
6 31 -1 470
6 30 -1 -1
6 29 -1 528
6 28 26 52
6 27 -1 -1
6 26 -1 -1
6 25 -1 982
6 24 -1 944
6 23 -1 782
6 22 144 248
6 21 -1 182
6 20 -1 182
6 19 -1 556
6 18 -1 890
6 17 -1 -1
6 16 -1 902
6 15 -1 746
6 14 -1 954
6 13 -1 -1
6 12 -1 592
6 11 -1 1024
6 10 -1 1060
6 9 -1 726
6 8 -1 -1
6 7 -1 -1
6 5 -1 832
6 4 -1 942
6 3 -1 -1
6 2 -1 1052
6 1 -1 644
5 50 -1 554
5 49 -1 550
5 48 98 196
5 47 -1 326
5 46 -1 -1
5 45 130 298
5 44 -1 694
5 43 -1 802
5 42 -1 -1
5 41 -1 -1
5 40 -1 -1
5 39 -1 -1
5 38 -1 -1
5 37 -1 534
5 36 133 328
5 35 345 562
5 34 -1 -1
5 33 -1 -1
5 32 186 394
5 31 -1 802
5 30 -1 384
5 29 -1 626
5 28 -1 912
5 27 -1 724
5 26 -1 508
5 25 -1 -1
5 24 -1 778
5 23 -1 706
5 22 -1 928
5 21 -1 616
5 20 -1 892
5 19 -1 -1
5 18 -1 -1
5 17 -1 808
5 16 120 250
5 15 -1 -1
5 14 316 530
5 13 -1 308
5 12 -1 -1
5 11 -1 332
5 10 -1 430
5 9 -1 504
5 8 -1 650
5 7 -1 -1
5 6 -1 974
5 4 -1 -1
5 3 -1 826
5 2 82 178
5 1 -1 -1
4 50 -1 -1
4 49 -1 -1
4 48 -1 -1
4 47 -1 -1
4 46 -1 -1
4 45 -1 -1
4 44 -1 -1
4 43 -1 856
4 42 -1 336
4 41 85 162
4 40 -1 848
4 39 -1 942
4 38 -1 816
4 37 -1 -1
4 36 -1 -1
4 35 -1 -1
4 34 -1 508
4 33 -1 -1
4 32 -1 -1
4 31 -1 836
4 30 -1 -1
4 29 -1 -1
4 28 -1 1006
4 27 -1 -1
4 26 -1 -1
4 25 148 312
4 24 -1 1002
4 23 -1 -1
4 22 -1 928
4 21 -1 -1
4 20 -1 598
4 19 -1 446
4 18 144 278
4 17 -1 -1
4 16 -1 -1
4 15 -1 516
4 14 -1 -1
4 13 -1 -1
4 12 -1 922
4 11 -1 -1
4 10 -1 -1
4 9 -1 -1
4 8 -1 -1
4 7 -1 -1
4 6 -1 818
4 5 -1 -1
4 3 -1 -1
4 2 -1 -1
4 1 -1 -1
3 50 -1 -1
3 49 -1 -1
3 48 -1 964
3 47 -1 816
3 46 -1 -1
3 45 -1 1048
3 44 -1 -1
3 43 -1 -1
3 42 -1 -1
3 41 -1 -1
3 40 -1 -1
3 39 -1 -1
3 38 -1 -1
3 37 -1 -1
3 36 -1 824
3 35 -1 -1
3 34 -1 -1
3 33 420 628
3 32 -1 -1
3 31 -1 -1
3 30 -1 -1
3 29 311 482
3 28 -1 -1
3 27 -1 -1
3 26 204 436
3 25 -1 -1
3 24 -1 -1
3 23 -1 -1
3 22 -1 846
3 21 -1 -1
3 20 -1 -1
3 19 -1 -1
3 18 -1 -1
3 17 335 900
3 16 -1 552
3 15 -1 -1
3 14 -1 -1
3 13 -1 -1
3 12 -1 -1
3 11 -1 424
3 10 330 638
3 9 256 396
3 8 -1 894
3 7 415 884
3 6 -1 -1
3 5 -1 952
3 4 -1 -1
3 2 -1 822
3 1 -1 -1
2 50 -1 324
2 49 -1 478
2 48 28 58
2 47 73 144
2 46 -1 -1
2 45 73 178
2 44 -1 714
2 43 -1 994
2 42 -1 -1
2 41 -1 -1
2 40 -1 -1
2 39 -1 -1
2 38 -1 1028
2 37 -1 634
2 36 -1 388
2 35 -1 674
2 34 -1 -1
2 33 -1 -1
2 32 -1 632
2 31 -1 928
2 30 -1 252
2 29 -1 736
2 28 -1 -1
2 27 -1 740
2 26 -1 472
2 25 -1 -1
2 24 -1 792
2 23 -1 764
2 22 -1 -1
2 21 -1 992
2 20 -1 -1
2 19 -1 -1
2 18 -1 -1
2 17 -1 728
2 16 -1 304
2 15 -1 -1
2 14 -1 518
2 13 -1 230
2 12 -1 -1
2 11 -1 426
2 10 -1 474
2 9 -1 626
2 8 -1 514
2 7 -1 -1
2 6 -1 -1
2 5 107 216
2 4 -1 -1
2 3 -1 952
2 1 -1 -1
1 50 -1 -1
1 49 -1 -1
1 48 -1 -1
1 47 -1 -1
1 46 233 438
1 45 -1 -1
1 44 -1 -1
1 43 -1 764
1 42 -1 748
1 41 -1 890
1 40 103 268
1 39 -1 360
1 38 -1 -1
1 37 -1 898
1 36 -1 -1
1 35 -1 -1
1 34 -1 760
1 33 440 946
1 32 -1 1040
1 31 -1 960
1 30 -1 -1
1 29 -1 896
1 28 -1 646
1 27 -1 -1
1 26 -1 -1
1 25 -1 -1
1 24 -1 -1
1 23 -1 -1
1 22 291 552
1 21 -1 736
1 20 -1 738
1 19 -1 512
1 18 -1 886
1 17 -1 -1
1 16 -1 -1
1 15 -1 1014
1 14 -1 -1
1 13 -1 -1
1 12 103 278
1 11 -1 -1
1 10 -1 -1
1 9 -1 1042
1 8 -1 -1
1 7 335 666
1 6 -1 760
1 5 -1 -1
1 4 -1 -1
1 3 -1 -1
1 2 -1 -1
