nnodes narcs source target type
10 90 8 3 drone_routing_pli_project2
nodename posx posy
10 897.465 197.942
9 324.264 857.388
8 507.414 530.33
7 532.589 868.111
6 256.372 792.962
5 627.09 987.452
4 682.985 612.102
3 553.675 217.735
2 573.263 801.507
1 912.433 159.083
tail head car_cost drone_cost
10 9 -1 -1
10 8 -1 -1
10 7 -1 -1
10 6 -1 -1
10 5 772 -1
10 4 515 192
10 3 340 176
10 2 -1 -1
10 1 47 24
9 10 -1 -1
9 8 304 158
9 7 228 92
9 6 94 50
9 5 303 140
9 4 -1 -1
9 3 -1 -1
9 2 298 124
9 1 -1 -1
8 10 -1 -1
8 9 435 -1
8 7 -1 192
8 6 311 180
8 5 -1 210
8 4 197 82
8 3 312 132
8 2 226 126
8 1 -1 -1
7 10 -1 -1
7 9 185 90
7 8 -1 198
7 6 -1 154
7 5 131 92
7 4 -1 156
7 3 -1 -1
7 2 89 40
7 1 -1 -1
6 10 -1 -1
6 9 81 54
6 8 322 156
6 7 -1 142
6 5 -1 -1
6 4 -1 190
6 3 609 -1
6 2 -1 178
6 1 -1 -1
5 10 710 -1
5 9 345 150
5 8 -1 -1
5 7 161 68
5 6 -1 -1
5 4 334 196
5 3 -1 -1
5 2 156 108
5 1 815 -1
4 10 456 -1
4 9 -1 204
4 8 202 114
4 7 -1 124
4 6 -1 -1
4 5 434 208
4 3 456 194
4 2 257 90
4 1 -1 -1
3 10 290 182
3 9 -1 -1
3 8 309 186
3 7 -1 -1
3 6 584 -1
3 5 -1 -1
3 4 409 176
3 2 -1 -1
3 1 421 174
2 10 -1 -1
2 9 268 110
2 8 323 124
2 7 72 42
2 6 -1 178
2 5 195 114
2 4 258 110
2 3 -1 -1
2 1 -1 -1
1 10 35 24
1 9 -1 -1
1 8 -1 -1
1 7 -1 -1
1 6 -1 -1
1 5 934 -1
1 4 -1 -1
1 3 291 210
1 2 -1 -1
