nnodes narcs source target type
50 2450 21 25 drone_routing_pli_project2
nodename posx posy
50 854.214 617.943
49 308.569 641.987
48 629.926 655.753
47 295.632 805.608
46 668.613 930.768
45 958.834 258.462
44 676.797 57.5151
43 449.237 829.722
42 77.6951 262.774
41 869.674 288.204
40 117.803 799.177
39 767.7 477.191
38 243.705 513.901
37 567.506 504.639
36 618.735 216.69
35 563.419 215.444
34 193.435 208.825
33 321.145 372.362
32 432.736 607.173
31 693.701 678.851
30 664.867 511.938
29 552.795 600.871
28 127.261 319.624
27 330.428 230.363
26 515.31 629.498
25 549.054 509.701
24 109.646 897.715
23 352.918 567.454
22 82.5088 782.54
21 221.073 749.126
20 126.436 630.602
19 299.118 944.346
18 168.46 771.005
17 308.456 780.927
16 236.793 813.963
15 627.672 177.248
14 937.804 455.239
13 660.822 102.847
12 929.278 938.523
11 954.526 412.785
10 988.428 255.41
9 63.8778 498.188
8 63.9737 907.1
7 932.623 672.055
6 161.535 12.5789
5 503.683 608.631
4 178.38 233.77
3 541.861 433.702
2 311.708 267.028
1 783.235 863.673
tail head car_cost drone_cost
50 49 -1 -1
50 48 -1 414
50 47 -1 -1
50 46 -1 604
50 45 -1 630
50 44 -1 -1
50 43 -1 860
50 42 -1 -1
50 41 -1 706
50 40 -1 -1
50 39 186 298
50 38 -1 -1
50 37 -1 732
50 36 -1 922
50 35 -1 -1
50 34 -1 -1
50 33 -1 -1
50 32 -1 924
50 31 160 370
50 30 -1 362
50 29 -1 654
50 28 -1 -1
50 27 -1 -1
50 26 -1 746
50 25 -1 720
50 24 -1 -1
50 23 -1 -1
50 22 -1 -1
50 21 -1 -1
50 20 -1 -1
50 19 -1 -1
50 18 -1 -1
50 17 -1 -1
50 16 -1 1046
50 15 -1 872
50 14 175 356
50 13 -1 974
50 12 -1 646
50 11 -1 458
50 10 -1 708
50 9 -1 -1
50 8 -1 -1
50 7 84 180
50 6 -1 -1
50 5 -1 600
50 4 -1 -1
50 3 -1 826
50 2 -1 -1
50 1 233 526
49 50 -1 -1
49 48 -1 694
49 47 -1 330
49 46 -1 876
49 45 -1 -1
49 44 -1 -1
49 43 -1 546
49 42 -1 1010
49 41 -1 1084
49 40 -1 572
49 39 -1 878
49 38 122 252
49 37 -1 624
49 36 -1 -1
49 35 -1 -1
49 34 -1 736
49 33 -1 490
49 32 115 244
49 31 -1 814
49 30 -1 650
49 29 -1 538
49 28 -1 710
49 27 -1 734
49 26 -1 488
49 25 -1 578
49 24 -1 534
49 23 91 162
49 22 -1 602
49 21 147 330
49 20 169 342
49 19 -1 662
49 18 -1 412
49 17 145 290
49 16 -1 348
49 15 -1 -1
49 14 -1 -1
49 13 -1 -1
49 12 -1 -1
49 11 -1 -1
49 10 -1 -1
49 9 -1 680
49 8 -1 784
49 7 -1 -1
49 6 -1 -1
49 5 -1 468
49 4 -1 970
49 3 -1 572
49 2 -1 850
49 1 -1 1040
48 50 -1 520
48 49 -1 626
48 47 -1 736
48 46 238 552
48 45 -1 970
48 44 -1 -1
48 43 248 530
48 42 -1 -1
48 41 -1 964
48 40 -1 -1
48 39 -1 364
48 38 -1 740
48 37 -1 380
48 36 -1 850
48 35 -1 870
48 34 -1 -1
48 33 -1 752
48 32 -1 374
48 31 79 140
48 30 153 266
48 29 98 186
48 28 -1 -1
48 27 -1 1028
48 26 100 258
48 25 -1 314
48 24 -1 -1
48 23 -1 696
48 22 -1 968
48 21 -1 838
48 20 -1 -1
48 19 -1 982
48 18 -1 800
48 17 -1 722
48 16 -1 718
48 15 -1 940
48 14 -1 852
48 13 -1 -1
48 12 -1 902
48 11 -1 652
48 10 -1 -1
48 9 -1 1006
48 8 -1 -1
48 7 -1 592
48 6 -1 -1
48 5 -1 288
48 4 -1 -1
48 3 -1 500
48 2 -1 880
48 1 -1 466
47 50 -1 -1
47 49 -1 314
47 48 -1 728
47 46 -1 726
47 45 -1 -1
47 44 -1 -1
47 43 180 300
47 42 -1 1028
47 41 -1 -1
47 40 -1 322
47 39 -1 -1
47 38 -1 624
47 37 -1 684
47 36 -1 -1
47 35 -1 -1
47 34 -1 992
47 33 -1 898
47 32 -1 558
47 31 -1 976
47 30 -1 916
47 29 -1 650
47 28 -1 -1
47 27 -1 -1
47 26 -1 510
47 25 -1 872
47 24 -1 456
47 23 -1 418
47 22 -1 350
47 21 112 160
47 20 -1 542
47 19 144 278
47 18 -1 294
47 17 23 64
47 16 62 134
47 15 -1 -1
47 14 -1 -1
47 13 -1 -1
47 12 -1 -1
47 11 -1 -1
47 10 -1 -1
47 9 -1 644
47 8 -1 574
47 7 -1 -1
47 6 -1 -1
47 5 -1 642
47 4 -1 970
47 3 -1 952
47 2 -1 876
47 1 -1 834
46 50 -1 812
46 49 -1 -1
46 48 224 554
46 47 -1 824
46 45 -1 -1
46 44 -1 -1
46 43 287 508
46 42 -1 -1
46 41 -1 -1
46 40 -1 936
46 39 -1 978
46 38 -1 -1
46 37 -1 996
46 36 -1 -1
46 35 -1 -1
46 34 -1 -1
46 33 -1 -1
46 32 -1 710
46 31 246 538
46 30 -1 936
46 29 -1 810
46 28 -1 -1
46 27 -1 -1
46 26 -1 556
46 25 -1 740
46 24 -1 994
46 23 -1 942
46 22 -1 -1
46 21 -1 850
46 20 -1 -1
46 19 307 888
46 18 -1 -1
46 17 -1 790
46 16 -1 878
46 15 -1 -1
46 14 -1 928
46 13 -1 -1
46 12 292 550
46 11 -1 1048
46 10 -1 -1
46 9 -1 -1
46 8 -1 -1
46 7 -1 598
46 6 -1 -1
46 5 -1 608
46 4 -1 -1
46 3 -1 850
46 2 -1 -1
46 1 158 300
45 50 -1 640
45 49 -1 -1
45 48 -1 1040
45 47 -1 -1
45 46 -1 -1
45 44 366 624
45 43 -1 -1
45 42 -1 -1
45 41 78 178
45 40 -1 -1
45 39 -1 516
45 38 -1 -1
45 37 -1 978
45 36 -1 736
45 35 -1 832
45 34 -1 -1
45 33 -1 -1
45 32 -1 -1
45 31 -1 810
45 30 -1 644
45 29 -1 -1
45 28 -1 -1
45 27 -1 -1
45 26 -1 -1
45 25 -1 -1
45 24 -1 -1
45 23 -1 -1
45 22 -1 -1
45 21 -1 -1
45 20 -1 -1
45 19 -1 -1
45 18 -1 -1
45 17 -1 -1
45 16 -1 -1
45 15 -1 662
45 14 -1 346
45 13 -1 654
45 12 -1 -1
45 11 168 322
45 10 36 54
45 9 -1 -1
45 8 -1 -1
45 7 -1 918
45 6 -1 -1
45 5 -1 -1
45 4 -1 -1
45 3 -1 854
45 2 -1 -1
45 1 -1 -1
44 50 -1 1048
44 49 -1 -1
44 48 -1 -1
44 47 -1 -1
44 46 -1 -1
44 45 295 586
44 43 -1 -1
44 42 -1 -1
44 41 256 580
44 40 -1 -1
44 39 -1 1012
44 38 -1 -1
44 37 -1 896
44 36 -1 344
44 35 -1 344
44 34 -1 840
44 33 -1 900
44 32 -1 -1
44 31 -1 -1
44 30 -1 784
44 29 -1 -1
44 28 -1 -1
44 27 324 830
44 26 -1 -1
44 25 -1 800
44 24 -1 -1
44 23 -1 1062
44 22 -1 -1
44 21 -1 -1
44 20 -1 -1
44 19 -1 -1
44 18 -1 -1
44 17 -1 -1
44 16 -1 -1
44 15 -1 306
44 14 -1 878
44 13 40 86
44 12 -1 -1
44 11 -1 938
44 10 307 732
44 9 -1 -1
44 8 -1 -1
44 7 -1 -1
44 6 521 -1
44 5 -1 -1
44 4 -1 -1
44 3 -1 850
44 2 -1 726
44 1 -1 -1
43 50 -1 1078
43 49 -1 450
43 48 255 432
43 47 172 328
43 46 251 408
43 45 -1 -1
43 44 -1 -1
43 42 -1 -1
43 41 -1 -1
43 40 -1 670
43 39 -1 762
43 38 -1 860
43 37 -1 572
43 36 -1 -1
43 35 -1 1062
43 34 -1 -1
43 33 -1 848
43 32 245 462
43 31 -1 642
43 30 -1 820
43 29 -1 556
43 28 -1 1044
43 27 -1 -1
43 26 220 374
43 25 -1 700
43 24 -1 686
43 23 -1 452
43 22 -1 596
43 21 -1 534
43 20 -1 890
43 19 227 336
43 18 -1 542
43 17 145 264
43 16 -1 388
43 15 -1 -1
43 14 -1 -1
43 13 -1 -1
43 12 -1 886
43 11 -1 -1
43 10 -1 -1
43 9 -1 944
43 8 -1 662
43 7 -1 848
43 6 -1 -1
43 5 -1 548
43 4 -1 -1
43 3 -1 904
43 2 -1 -1
43 1 -1 626
42 50 -1 -1
42 49 -1 782
42 48 -1 -1
42 47 -1 1002
42 46 -1 -1
42 45 -1 -1
42 44 -1 -1
42 43 -1 -1
42 41 -1 -1
42 40 -1 -1
42 39 -1 -1
42 38 -1 648
42 37 -1 1042
42 36 -1 -1
42 35 -1 -1
42 34 147 242
42 33 -1 448
42 32 -1 1080
42 31 -1 -1
42 30 -1 1084
42 29 -1 -1
42 28 89 164
42 27 -1 444
42 26 -1 974
42 25 -1 872
42 24 -1 -1
42 23 -1 918
42 22 -1 -1
42 21 -1 1036
42 20 -1 598
42 19 -1 -1
42 18 -1 946
42 17 -1 980
42 16 -1 936
42 15 -1 938
42 14 -1 -1
42 13 -1 -1
42 12 -1 -1
42 11 -1 -1
42 10 -1 -1
42 9 277 484
42 8 -1 -1
42 7 -1 -1
42 6 248 534
42 5 -1 1018
42 4 88 168
42 3 -1 1038
42 2 -1 414
42 1 -1 -1
41 50 -1 630
41 49 -1 -1
41 48 -1 848
41 47 -1 -1
41 46 -1 -1
41 45 108 168
41 44 243 660
41 43 -1 -1
41 42 -1 -1
41 40 -1 -1
41 39 215 368
41 38 -1 -1
41 37 -1 860
41 36 269 498
41 35 -1 516
41 34 -1 -1
41 33 -1 1064
41 32 -1 -1
41 31 -1 702
41 30 -1 686
41 29 -1 968
41 28 -1 -1
41 27 -1 -1
41 26 -1 1080
41 25 -1 652
41 24 -1 -1
41 23 -1 -1
41 22 -1 -1
41 21 -1 -1
41 20 -1 -1
41 19 -1 -1
41 18 -1 -1
41 17 -1 -1
41 16 -1 -1
41 15 292 482
41 14 169 300
41 13 232 572
41 12 -1 -1
41 11 154 348
41 10 -1 228
41 9 -1 -1
41 8 -1 -1
41 7 -1 644
41 6 -1 -1
41 5 -1 852
41 4 -1 -1
41 3 -1 790
41 2 -1 1006
41 1 -1 -1
40 50 -1 -1
40 49 -1 478
40 48 -1 912
40 47 -1 360
40 46 -1 1038
40 45 -1 -1
40 44 -1 -1
40 43 -1 568
40 42 -1 -1
40 41 -1 -1
40 39 -1 -1
40 38 -1 654
40 37 -1 956
40 36 -1 -1
40 35 -1 -1
40 34 -1 -1
40 33 -1 -1
40 32 -1 784
40 31 -1 -1
40 30 -1 994
40 29 -1 946
40 28 -1 -1
40 27 -1 -1
40 26 -1 762
40 25 -1 1076
40 24 81 236
40 23 -1 664
40 22 47 72
40 21 -1 236
40 20 -1 392
40 19 -1 496
40 18 57 110
40 17 -1 338
40 16 101 276
40 15 -1 -1
40 14 -1 -1
40 13 -1 -1
40 12 -1 -1
40 11 -1 -1
40 10 -1 -1
40 9 -1 530
40 8 127 238
40 7 -1 -1
40 6 -1 -1
40 5 -1 830
40 4 -1 -1
40 3 -1 1078
40 2 -1 926
40 1 -1 -1
39 50 192 326
39 49 -1 -1
39 48 -1 504
39 47 -1 -1
39 46 -1 1060
39 45 -1 572
39 44 -1 800
39 43 -1 -1
39 42 -1 -1
39 41 203 448
39 40 -1 -1
39 38 -1 930
39 37 -1 372
39 36 349 502
39 35 -1 726
39 34 -1 -1
39 33 -1 776
39 32 -1 660
39 31 184 426
39 30 105 190
39 29 -1 532
39 28 -1 -1
39 27 -1 992
39 26 -1 652
39 25 -1 370
39 24 -1 -1
39 23 -1 900
39 22 -1 -1
39 21 -1 -1
39 20 -1 -1
39 19 -1 -1
39 18 -1 -1
39 17 -1 -1
39 16 -1 -1
39 15 -1 582
39 14 178 352
39 13 -1 842
39 12 -1 990
39 11 -1 368
39 10 -1 524
39 9 -1 -1
39 8 -1 -1
39 7 -1 558
39 6 -1 -1
39 5 -1 496
39 4 -1 -1
39 3 225 528
39 2 -1 958
39 1 -1 654
38 50 -1 -1
38 49 129 300
38 48 -1 772
38 47 -1 482
38 46 -1 1076
38 45 -1 -1
38 44 -1 1028
38 43 -1 856
38 42 -1 720
38 41 -1 -1
38 40 -1 694
38 39 -1 956
38 37 -1 666
38 36 -1 1082
38 35 -1 848
38 34 -1 548
38 33 156 292
38 32 -1 390
38 31 -1 956
38 30 -1 896
38 29 -1 632
38 28 251 462
38 27 -1 704
38 26 -1 646
38 25 -1 720
38 24 -1 688
38 23 121 256
38 22 -1 534
38 21 -1 454
38 20 151 298
38 19 -1 1028
38 18 -1 524
38 17 -1 552
38 16 -1 696
38 15 -1 944
38 14 -1 -1
38 13 -1 -1
38 12 -1 -1
38 11 -1 -1
38 10 -1 -1
38 9 189 334
38 8 -1 860
38 7 -1 -1
38 6 -1 860
38 5 -1 524
38 4 -1 488
38 3 -1 582
38 2 -1 492
38 1 -1 -1
37 50 -1 686
37 49 -1 624
37 48 -1 306
37 47 -1 838
37 46 -1 742
37 45 -1 810
37 44 -1 974
37 43 -1 624
37 42 -1 974
37 41 -1 706
37 40 -1 -1
37 39 -1 408
37 38 -1 712
37 36 -1 646
37 35 -1 556
37 34 -1 800
37 33 -1 506
37 32 -1 288
37 31 -1 434
37 30 88 160
37 29 81 212
37 28 -1 916
37 27 -1 612
37 26 -1 286
37 25 23 44
37 24 -1 1082
37 23 -1 406
37 22 -1 -1
37 21 -1 742
37 20 -1 956
37 19 -1 1040
37 18 -1 1044
37 17 -1 778
37 16 -1 908
37 15 -1 582
37 14 -1 602
37 13 -1 730
37 12 -1 1032
37 11 -1 670
37 10 -1 1022
37 9 -1 1014
37 8 -1 -1
37 7 -1 960
37 6 -1 1028
37 5 -1 268
37 4 -1 954
37 3 88 170
37 2 -1 698
37 1 -1 812
36 50 -1 784
36 49 -1 962
36 48 -1 766
36 47 -1 -1
36 46 -1 -1
36 45 -1 648
36 44 -1 360
36 43 -1 -1
36 42 -1 972
36 41 270 438
36 40 -1 -1
36 39 325 574
36 38 -1 880
36 37 -1 650
36 35 65 108
36 34 -1 832
36 33 -1 594
36 32 -1 1036
36 31 -1 994
36 30 -1 586
36 29 -1 698
36 28 -1 872
36 27 -1 582
36 26 -1 746
36 25 -1 578
36 24 -1 -1
36 23 -1 772
36 22 -1 -1
36 21 -1 -1
36 20 -1 -1
36 19 -1 -1
36 18 -1 -1
36 17 -1 -1
36 16 -1 -1
36 15 41 86
36 14 -1 720
36 13 -1 214
36 12 -1 -1
36 11 -1 720
36 10 -1 750
36 9 -1 -1
36 8 -1 -1
36 7 -1 896
36 6 -1 830
36 5 -1 804
36 4 -1 938
36 3 206 548
36 2 -1 632
36 1 -1 -1
35 50 -1 -1
35 49 -1 886
35 48 -1 814
35 47 -1 1074
35 46 -1 -1
35 45 -1 718
35 44 -1 414
35 43 -1 1016
35 42 -1 -1
35 41 -1 724
35 40 -1 -1
35 39 -1 562
35 38 -1 806
35 37 -1 670
35 36 58 114
35 34 -1 598
35 33 283 516
35 32 -1 866
35 31 -1 866
35 30 -1 628
35 29 -1 772
35 28 -1 782
35 27 203 426
35 26 -1 858
35 25 -1 514
35 24 -1 -1
35 23 -1 696
35 22 -1 -1
35 21 -1 1084
35 20 -1 -1
35 19 -1 -1
35 18 -1 -1
35 17 -1 -1
35 16 -1 -1
35 15 73 130
35 14 -1 1034
35 13 127 254
35 12 -1 -1
35 11 -1 1024
35 10 -1 734
35 9 -1 -1
35 8 -1 -1
35 7 -1 -1
35 6 -1 968
35 5 -1 782
35 4 -1 790
35 3 179 496
35 2 -1 612
35 1 -1 -1
34 50 -1 -1
34 49 -1 826
34 48 -1 1004
34 47 -1 1086
34 46 -1 -1
34 45 -1 -1
34 44 -1 846
34 43 -1 -1
34 42 135 242
34 41 -1 -1
34 40 -1 -1
34 39 -1 -1
34 38 -1 704
34 37 -1 -1
34 36 -1 874
34 35 -1 716
34 33 -1 372
34 32 -1 784
34 31 -1 -1
34 30 -1 -1
34 29 -1 1052
34 28 -1 296
34 27 146 326
34 26 -1 992
34 25 -1 928
34 24 -1 -1
34 23 -1 832
34 22 -1 940
34 21 -1 -1
34 20 -1 918
34 19 -1 -1
34 18 -1 -1
34 17 -1 -1
34 16 -1 -1
34 15 -1 748
34 14 -1 -1
34 13 -1 -1
34 12 -1 -1
34 11 -1 -1
34 10 -1 -1
34 9 -1 596
34 8 -1 -1
34 7 -1 -1
34 6 228 436
34 5 -1 980
34 4 26 62
34 3 -1 890
34 2 113 228
34 1 -1 -1
33 50 -1 -1
33 49 -1 580
33 48 -1 926
33 47 -1 784
33 46 -1 -1
33 45 -1 -1
33 44 -1 938
33 43 -1 794
33 42 -1 448
33 41 -1 -1
33 40 -1 968
33 39 -1 1016
33 38 189 358
33 37 -1 466
33 36 -1 602
33 35 265 602
33 34 -1 432
33 32 -1 456
33 31 -1 882
33 30 -1 634
33 29 -1 664
33 28 166 484
33 27 135 276
33 26 -1 560
33 25 -1 488
33 24 -1 964
33 23 189 348
33 22 -1 -1
33 21 -1 756
33 20 -1 578
33 19 -1 -1
33 18 -1 960
33 17 -1 706
33 16 -1 912
33 15 -1 702
33 14 -1 -1
33 13 -1 710
33 12 -1 -1
33 11 -1 -1
33 10 -1 -1
33 9 -1 562
33 8 -1 -1
33 7 -1 -1
33 6 -1 900
33 5 -1 628
33 4 -1 334
33 3 230 490
33 2 120 184
33 1 -1 -1
32 50 -1 716
32 49 153 274
32 48 -1 488
32 47 -1 482
32 46 -1 856
32 45 -1 1030
32 44 -1 -1
32 43 245 526
32 42 -1 862
32 41 -1 -1
32 40 -1 866
32 39 -1 798
32 38 -1 354
32 37 -1 340
32 36 -1 880
32 35 -1 754
32 34 -1 942
32 33 -1 460
32 31 -1 478
32 30 -1 556
32 29 -1 260
32 28 -1 800
32 27 -1 874
32 26 94 192
32 25 177 348
32 24 -1 862
32 23 87 206
32 22 -1 758
32 21 -1 596
32 20 -1 638
32 19 -1 626
32 18 -1 516
32 17 214 466
32 16 -1 670
32 15 -1 924
32 14 -1 -1
32 13 -1 888
32 12 -1 -1
32 11 -1 928
32 10 -1 -1
32 9 -1 916
32 8 -1 1066
32 7 -1 854
32 6 -1 -1
32 5 72 140
32 4 -1 942
32 3 -1 398
32 2 -1 634
32 1 -1 748
31 50 151 386
31 49 -1 866
31 48 59 154
31 47 -1 688
31 46 273 512
31 45 -1 -1
31 44 -1 1024
31 43 -1 490
31 42 -1 -1
31 41 -1 890
31 40 -1 -1
31 39 220 350
31 38 -1 834
31 37 -1 482
31 36 -1 888
31 35 -1 -1
31 34 -1 -1
31 33 -1 -1
31 32 -1 628
31 30 149 336
31 29 -1 306
31 28 -1 -1
31 27 -1 -1
31 26 -1 428
31 25 -1 504
31 24 -1 1074
31 23 -1 616
31 22 -1 -1
31 21 -1 932
31 20 -1 928
31 19 -1 892
31 18 -1 974
31 17 -1 796
31 16 -1 908
31 15 -1 904
31 14 -1 714
31 13 -1 -1
31 12 -1 692
31 11 -1 748
31 10 -1 1068
31 9 -1 -1
31 8 -1 1076
31 7 -1 474
31 6 -1 -1
31 5 -1 488
31 4 -1 -1
31 3 -1 464
31 2 -1 -1
31 1 211 418
30 50 -1 478
30 49 -1 856
30 48 127 272
30 47 -1 828
30 46 -1 714
30 45 -1 700
30 44 -1 892
30 43 -1 882
30 42 -1 -1
30 41 -1 512
30 40 -1 -1
30 39 126 222
30 38 -1 818
30 37 98 186
30 36 -1 506
30 35 -1 542
30 34 -1 -1
30 33 -1 844
30 32 -1 528
30 31 181 272
30 29 151 264
30 28 -1 -1
30 27 -1 706
30 26 -1 352
30 25 -1 228
30 24 -1 -1
30 23 -1 572
30 22 -1 -1
30 21 -1 -1
30 20 -1 -1
30 19 -1 -1
30 18 -1 -1
30 17 -1 990
30 16 -1 -1
30 15 -1 802
30 14 -1 622
30 13 -1 776
30 12 -1 870
30 11 -1 704
30 10 -1 968
30 9 -1 -1
30 8 -1 -1
30 7 -1 568
30 6 -1 -1
30 5 -1 352
30 4 -1 918
30 3 158 334
30 2 -1 756
30 1 -1 874
29 50 -1 506
29 49 -1 480
29 48 105 156
29 47 -1 696
29 46 -1 690
29 45 -1 -1
29 44 -1 -1
29 43 -1 602
29 42 -1 1078
29 41 -1 768
29 40 -1 792
29 39 -1 560
29 38 -1 620
29 37 79 182
29 36 -1 754
29 35 -1 852
29 34 -1 980
29 33 -1 750
29 32 -1 206
29 31 -1 372
29 30 116 274
29 28 -1 -1
29 27 -1 712
29 26 48 102
29 25 76 198
29 24 -1 -1
29 23 -1 428
29 22 -1 1082
29 21 -1 828
29 20 -1 808
29 19 -1 998
29 18 -1 1006
29 17 -1 532
29 16 -1 866
29 15 -1 984
29 14 -1 844
29 13 -1 926
29 12 -1 896
29 11 -1 736
29 10 -1 -1
29 9 -1 858
29 8 -1 -1
29 7 -1 788
29 6 -1 -1
29 5 41 106
29 4 -1 866
29 3 -1 362
29 2 -1 810
29 1 -1 652
28 50 -1 -1
28 49 -1 704
28 48 -1 -1
28 47 -1 1046
28 46 -1 -1
28 45 -1 -1
28 44 -1 1038
28 43 -1 -1
28 42 74 132
28 41 -1 -1
28 40 -1 830
28 39 -1 -1
28 38 264 444
28 37 -1 982
28 36 -1 904
28 35 -1 836
28 34 -1 210
28 33 174 472
28 32 -1 748
28 31 -1 -1
28 30 -1 1052
28 29 -1 -1
28 27 -1 454
28 26 -1 976
28 25 -1 838
28 24 -1 -1
28 23 -1 794
28 22 -1 1016
28 21 -1 886
28 20 -1 700
28 19 -1 -1
28 18 -1 998
28 17 -1 -1
28 16 -1 -1
28 15 -1 -1
28 14 -1 -1
28 13 -1 -1
28 12 -1 -1
28 11 -1 -1
28 10 -1 -1
28 9 216 336
28 8 -1 -1
28 7 -1 -1
28 6 -1 586
28 5 -1 -1
28 4 91 172
28 3 -1 900
28 2 207 382
28 1 -1 -1
27 50 -1 -1
27 49 -1 670
27 48 -1 896
27 47 -1 944
27 46 -1 -1
27 45 -1 -1
27 44 328 668
27 43 -1 -1
27 42 -1 582
27 41 -1 964
27 40 -1 -1
27 39 -1 1012
27 38 -1 556
27 37 -1 864
27 36 -1 520
27 35 238 404
27 34 146 328
27 33 132 332
27 32 -1 804
27 31 -1 1026
27 30 -1 910
27 29 -1 720
27 28 -1 462
27 26 -1 1036
27 25 -1 764
27 24 -1 -1
27 23 -1 790
27 22 -1 -1
27 21 -1 1010
27 20 -1 736
27 19 -1 -1
27 18 -1 -1
27 17 -1 -1
27 16 -1 1062
27 15 -1 712
27 14 -1 -1
27 13 317 750
27 12 -1 -1
27 11 -1 -1
27 10 -1 -1
27 9 -1 744
27 8 -1 -1
27 7 -1 -1
27 6 288 646
27 5 -1 984
27 4 -1 334
27 3 -1 532
27 2 41 70
27 1 -1 -1
26 50 -1 752
26 49 -1 412
26 48 122 212
26 47 -1 512
26 46 -1 662
26 45 -1 -1
26 44 -1 -1
26 43 241 504
26 42 -1 1004
26 41 -1 1046
26 40 -1 1000
26 39 -1 702
26 38 -1 622
26 37 -1 236
26 36 -1 724
26 35 -1 938
26 34 -1 868
26 33 -1 558
26 32 75 160
26 31 -1 342
26 30 -1 358
26 29 43 104
26 28 -1 856
26 27 -1 922
26 25 -1 246
26 24 -1 988
26 23 -1 284
26 22 -1 768
26 21 -1 692
26 20 -1 710
26 19 -1 820
26 18 -1 706
26 17 -1 542
26 16 -1 672
26 15 -1 772
26 14 -1 908
26 13 -1 -1
26 12 -1 1038
26 11 -1 826
26 10 -1 -1
26 9 -1 988
26 8 -1 -1
26 7 -1 768
26 6 -1 -1
26 5 26 54
26 4 -1 -1
26 3 -1 424
26 2 -1 970
26 1 -1 844
25 50 -1 754
25 49 -1 630
25 48 -1 360
25 47 -1 790
25 46 -1 952
25 45 -1 844
25 44 -1 902
25 43 -1 732
25 42 -1 1048
25 41 -1 790
25 40 -1 1086
25 39 -1 530
25 38 -1 682
25 37 23 34
25 36 -1 562
25 35 -1 694
25 34 -1 998
25 33 -1 638
25 32 161 358
25 31 -1 460
25 30 -1 188
25 29 84 180
25 28 -1 880
25 27 -1 728
25 26 -1 214
25 24 -1 958
25 23 245 404
25 22 -1 -1
25 21 -1 912
25 20 -1 846
25 19 -1 -1
25 18 -1 1044
25 17 -1 758
25 16 -1 1010
25 15 -1 646
25 14 -1 898
25 13 -1 722
25 12 -1 -1
25 11 -1 990
25 10 -1 874
25 9 -1 790
25 8 -1 -1
25 7 -1 746
25 6 -1 -1
25 5 102 216
25 4 -1 886
25 3 85 182
25 2 -1 734
25 1 -1 954
24 50 -1 -1
24 49 -1 680
24 48 -1 -1
24 47 -1 430
24 46 -1 -1
24 45 -1 -1
24 44 -1 -1
24 43 -1 590
24 42 -1 -1
24 41 -1 -1
24 40 92 160
24 39 -1 -1
24 38 -1 836
24 37 -1 -1
24 36 -1 -1
24 35 -1 -1
24 34 -1 -1
24 33 -1 1074
24 32 -1 920
24 31 -1 -1
24 30 -1 -1
24 29 -1 -1
24 28 -1 1036
24 27 -1 -1
24 26 -1 1008
24 25 -1 -1
24 23 -1 984
24 22 -1 254
24 21 -1 394
24 20 -1 470
24 19 175 420
24 18 -1 300
24 17 -1 416
24 16 131 258
24 15 -1 -1
24 14 -1 -1
24 13 -1 -1
24 12 -1 -1
24 11 -1 -1
24 10 -1 -1
24 9 -1 648
24 8 51 94
24 7 -1 -1
24 6 -1 -1
24 5 -1 -1
24 4 -1 -1
24 3 -1 -1
24 2 -1 -1
24 1 -1 -1
23 50 -1 814
23 49 83 196
23 48 -1 530
23 47 -1 546
23 46 -1 810
23 45 -1 -1
23 44 -1 -1
23 43 -1 478
23 42 -1 706
23 41 -1 -1
23 40 -1 560
23 39 -1 838
23 38 144 246
23 37 -1 410
23 36 -1 830
23 35 -1 918
23 34 -1 850
23 33 234 436
23 32 76 194
23 31 -1 842
23 30 -1 664
23 29 -1 328
23 28 -1 558
23 27 -1 804
23 26 -1 298
23 25 226 422
23 24 -1 698
23 22 -1 712
23 21 -1 494
23 20 -1 382
23 19 -1 610
23 18 -1 648
23 17 -1 366
23 16 -1 588
23 15 -1 890
23 14 -1 -1
23 13 -1 -1
23 12 -1 -1
23 11 -1 -1
23 10 -1 -1
23 9 -1 484
23 8 -1 758
23 7 -1 1002
23 6 -1 -1
23 5 -1 294
23 4 -1 808
23 3 242 408
23 2 -1 488
23 1 -1 -1
22 50 -1 -1
22 49 -1 486
22 48 -1 990
22 47 -1 410
22 46 -1 -1
22 45 -1 -1
22 44 -1 -1
22 43 -1 614
22 42 -1 904
22 41 -1 -1
22 40 46 70
22 39 -1 -1
22 38 -1 654
22 37 -1 944
22 36 -1 -1
22 35 -1 -1
22 34 -1 -1
22 33 -1 958
22 32 -1 732
22 31 -1 1050
22 30 -1 -1
22 29 -1 978
22 28 -1 832
22 27 -1 -1
22 26 -1 1054
22 25 -1 1014
22 24 -1 230
22 23 -1 608
22 21 -1 302
22 20 130 334
22 19 -1 476
22 18 88 202
22 17 -1 396
22 16 -1 344
22 15 -1 -1
22 14 -1 -1
22 13 -1 -1
22 12 -1 -1
22 11 -1 -1
22 10 -1 -1
22 9 309 648
22 8 111 272
22 7 -1 -1
22 6 -1 -1
22 5 -1 974
22 4 -1 946
22 3 -1 -1
22 2 -1 1084
22 1 -1 -1
21 50 -1 -1
21 49 146 236
21 48 -1 728
21 47 110 198
21 46 -1 1052
21 45 -1 -1
21 44 -1 -1
21 43 -1 422
21 42 -1 844
21 41 -1 -1
21 40 -1 192
21 39 -1 -1
21 38 -1 450
21 37 -1 842
21 36 -1 -1
21 35 -1 -1
21 34 -1 1040
21 33 -1 864
21 32 -1 492
21 31 -1 966
21 30 -1 952
21 29 -1 822
21 28 -1 888
21 27 -1 868
21 26 -1 540
21 25 -1 712
21 24 -1 370
21 23 -1 362
21 22 -1 296
21 20 124 308
21 19 -1 384
21 18 58 100
21 17 107 200
21 16 74 146
21 15 -1 -1
21 14 -1 -1
21 13 -1 -1
21 12 -1 -1
21 11 -1 -1
21 10 -1 -1
21 9 -1 666
21 8 -1 382
21 7 -1 -1
21 6 -1 -1
21 5 -1 606
21 4 -1 874
21 3 -1 842
21 2 -1 -1
21 1 -1 -1
20 50 -1 -1
20 49 197 342
20 48 -1 1066
20 47 -1 526
20 46 -1 1030
20 45 -1 -1
20 44 -1 -1
20 43 -1 632
20 42 -1 610
20 41 -1 -1
20 40 -1 320
20 39 -1 -1
20 38 173 322
20 37 -1 796
20 36 -1 -1
20 35 -1 -1
20 34 -1 742
20 33 -1 616
20 32 -1 516
20 31 -1 -1
20 30 -1 -1
20 29 -1 918
20 28 -1 720
20 27 -1 1026
20 26 -1 762
20 25 -1 924
20 24 -1 568
20 23 -1 522
20 22 144 340
20 21 171 268
20 19 -1 706
20 18 159 244
20 17 -1 442
20 16 -1 434
20 15 -1 -1
20 14 -1 -1
20 13 -1 -1
20 12 -1 -1
20 11 -1 -1
20 10 -1 -1
20 9 150 236
20 8 -1 620
20 7 -1 -1
20 6 -1 -1
20 5 -1 792
20 4 -1 942
20 3 -1 964
20 2 -1 958
20 1 -1 -1
19 50 -1 -1
19 49 -1 634
19 48 -1 710
19 47 158 246
19 46 378 808
19 45 -1 -1
19 44 -1 -1
19 43 167 424
19 42 -1 -1
19 41 -1 -1
19 40 -1 526
19 39 -1 -1
19 38 -1 768
19 37 -1 866
19 36 -1 -1
19 35 -1 -1
19 34 -1 -1
19 33 -1 -1
19 32 -1 760
19 31 -1 792
19 30 -1 914
19 29 -1 926
19 28 -1 -1
19 27 -1 -1
19 26 -1 914
19 25 -1 1080
19 24 187 334
19 23 -1 808
19 22 -1 476
19 21 -1 422
19 20 -1 752
19 18 -1 402
19 17 -1 330
19 16 150 304
19 15 -1 -1
19 14 -1 -1
19 13 -1 -1
19 12 625 -1
19 11 -1 -1
19 10 -1 -1
19 9 -1 834
19 8 261 526
19 7 -1 -1
19 6 -1 -1
19 5 -1 838
19 4 -1 -1
19 3 -1 -1
19 2 -1 -1
19 1 -1 952
18 50 -1 -1
18 49 -1 436
18 48 -1 828
18 47 -1 256
18 46 -1 990
18 45 -1 -1
18 44 -1 -1
18 43 -1 564
18 42 -1 -1
18 41 -1 -1
18 40 61 138
18 39 -1 -1
18 38 -1 452
18 37 -1 954
18 36 -1 -1
18 35 -1 -1
18 34 -1 -1
18 33 -1 1022
18 32 -1 736
18 31 -1 1000
18 30 -1 930
18 29 -1 894
18 28 -1 746
18 27 -1 -1
18 26 -1 870
18 25 -1 826
18 24 -1 294
18 23 -1 642
18 22 95 182
18 21 50 112
18 20 137 326
18 19 -1 502
18 17 -1 258
18 16 76 142
18 15 -1 -1
18 14 -1 -1
18 13 -1 -1
18 12 -1 -1
18 11 -1 -1
18 10 -1 -1
18 9 -1 542
18 8 -1 386
18 7 -1 -1
18 6 -1 -1
18 5 -1 624
18 4 -1 1032
18 3 -1 950
18 2 -1 970
18 1 -1 -1
17 50 -1 -1
17 49 167 312
17 48 -1 584
17 47 30 48
17 46 -1 688
17 45 -1 -1
17 44 -1 -1
17 43 147 320
17 42 -1 -1
17 41 -1 -1
17 40 -1 458
17 39 -1 938
17 38 -1 522
17 37 -1 888
17 36 -1 -1
17 35 -1 -1
17 34 -1 -1
17 33 -1 872
17 32 195 404
17 31 -1 892
17 30 -1 1016
17 29 -1 540
17 28 -1 856
17 27 -1 -1
17 26 -1 540
17 25 -1 838
17 24 -1 538
17 23 -1 498
17 22 -1 430
17 21 78 200
17 20 -1 526
17 19 -1 316
17 18 -1 304
17 16 -1 174
17 15 -1 -1
17 14 -1 -1
17 13 -1 -1
17 12 -1 -1
17 11 -1 -1
17 10 -1 -1
17 9 -1 642
17 8 -1 522
17 7 -1 -1
17 6 -1 -1
17 5 -1 504
17 4 -1 -1
17 3 -1 802
17 2 -1 1022
17 1 -1 806
16 50 -1 -1
16 49 -1 342
16 48 -1 966
16 47 62 104
16 46 -1 810
16 45 -1 -1
16 44 -1 -1
16 43 -1 484
16 42 -1 -1
16 41 -1 -1
16 40 109 260
16 39 -1 -1
16 38 -1 616
16 37 -1 828
16 36 -1 -1
16 35 -1 -1
16 34 -1 -1
16 33 -1 910
16 32 -1 606
16 31 -1 854
16 30 -1 -1
16 29 -1 614
16 28 -1 976
16 27 -1 -1
16 26 -1 614
16 25 -1 726
16 24 144 268
16 23 -1 484
16 22 -1 288
16 21 76 122
16 20 -1 392
16 19 174 294
16 18 76 182
16 17 -1 186
16 15 -1 -1
16 14 -1 -1
16 13 -1 -1
16 12 -1 -1
16 11 -1 -1
16 10 -1 -1
16 9 -1 776
16 8 -1 354
16 7 -1 -1
16 6 -1 -1
16 5 -1 580
16 4 -1 -1
16 3 -1 990
16 2 -1 964
16 1 -1 -1
15 50 -1 914
15 49 -1 -1
15 48 -1 -1
15 47 -1 -1
15 46 -1 -1
15 45 -1 628
15 44 -1 258
15 43 -1 -1
15 42 -1 896
15 41 292 562
15 40 -1 -1
15 39 -1 610
15 38 -1 1028
15 37 -1 630
15 36 46 72
15 35 64 122
15 34 -1 1012
15 33 -1 840
15 32 -1 812
15 31 -1 958
15 30 -1 706
15 29 -1 970
15 28 -1 -1
15 27 -1 530
15 26 -1 -1
15 25 -1 760
15 24 -1 -1
15 23 -1 924
15 22 -1 -1
15 21 -1 -1
15 20 -1 -1
15 19 -1 -1
15 18 -1 -1
15 17 -1 -1
15 16 -1 -1
15 14 -1 828
15 13 96 162
15 12 -1 -1
15 11 -1 858
15 10 -1 714
15 9 -1 1062
15 8 -1 -1
15 7 -1 -1
15 6 -1 890
15 5 -1 910
15 4 -1 920
15 3 -1 484
15 2 -1 710
15 1 -1 -1
14 50 180 424
14 49 -1 -1
14 48 -1 684
14 47 -1 -1
14 46 -1 1040
14 45 -1 410
14 44 -1 946
14 43 -1 -1
14 42 -1 -1
14 41 166 430
14 40 -1 -1
14 39 194 336
14 38 -1 -1
14 37 -1 846
14 36 -1 870
14 35 -1 764
14 34 -1 -1
14 33 -1 -1
14 32 -1 -1
14 31 -1 706
14 30 -1 466
14 29 -1 746
14 28 -1 -1
14 27 -1 -1
14 26 -1 840
14 25 -1 742
14 24 -1 -1
14 23 -1 988
14 22 -1 -1
14 21 -1 -1
14 20 -1 -1
14 19 -1 -1
14 18 -1 -1
14 17 -1 -1
14 16 -1 -1
14 15 -1 948
14 13 -1 1016
14 12 -1 1044
14 11 49 94
14 10 -1 488
14 9 -1 -1
14 8 -1 -1
14 7 206 406
14 6 -1 -1
14 5 -1 744
14 4 -1 -1
14 3 -1 794
14 2 -1 -1
14 1 -1 1012
13 50 -1 -1
13 49 -1 -1
13 48 -1 -1
13 47 -1 -1
13 46 -1 -1
13 45 -1 644
13 44 56 100
13 43 -1 -1
13 42 -1 -1
13 41 242 478
13 40 -1 -1
13 39 -1 836
13 38 -1 -1
13 37 -1 816
13 36 -1 264
13 35 166 280
13 34 -1 882
13 33 -1 816
13 32 -1 -1
13 31 -1 960
13 30 -1 890
13 29 -1 942
13 28 -1 -1
13 27 295 814
13 26 -1 -1
13 25 -1 864
13 24 -1 -1
13 23 -1 1022
13 22 -1 -1
13 21 -1 -1
13 20 -1 -1
13 19 -1 -1
13 18 -1 -1
13 17 -1 -1
13 16 -1 -1
13 15 91 152
13 14 -1 736
13 12 -1 -1
13 11 -1 918
13 10 -1 814
13 9 -1 -1
13 8 -1 -1
13 7 -1 -1
13 6 -1 1022
13 5 -1 988
13 4 -1 -1
13 3 -1 756
13 2 -1 832
13 1 -1 -1
12 50 -1 680
12 49 -1 -1
12 48 -1 908
12 47 -1 -1
12 46 226 512
12 45 -1 -1
12 44 -1 -1
12 43 -1 994
12 42 -1 -1
12 41 -1 -1
12 40 -1 -1
12 39 -1 1038
12 38 -1 -1
12 37 -1 922
12 36 -1 -1
12 35 -1 -1
12 34 -1 -1
12 33 -1 -1
12 32 -1 -1
12 31 -1 778
12 30 -1 1050
12 29 -1 -1
12 28 -1 -1
12 27 -1 -1
12 26 -1 -1
12 25 -1 -1
12 24 -1 -1
12 23 -1 -1
12 22 -1 -1
12 21 -1 -1
12 20 -1 -1
12 19 623 1024
12 18 -1 -1
12 17 -1 -1
12 16 -1 -1
12 15 -1 -1
12 14 -1 794
12 13 -1 -1
12 11 -1 946
12 10 625 -1
12 9 -1 -1
12 8 -1 -1
12 7 218 542
12 6 -1 -1
12 5 -1 938
12 4 -1 -1
12 3 -1 -1
12 2 -1 -1
12 1 141 360
11 50 -1 494
11 49 -1 -1
11 48 -1 852
11 47 -1 -1
11 46 -1 -1
11 45 183 348
11 44 -1 822
11 43 -1 -1
11 42 -1 -1
11 41 161 278
11 40 -1 -1
11 39 -1 464
11 38 -1 -1
11 37 -1 850
11 36 -1 666
11 35 -1 720
11 34 -1 -1
11 33 -1 -1
11 32 -1 970
11 31 -1 692
11 30 -1 598
11 29 -1 1044
11 28 -1 -1
11 27 -1 -1
11 26 -1 1026
11 25 -1 984
11 24 -1 -1
11 23 -1 1066
11 22 -1 -1
11 21 -1 -1
11 20 -1 -1
11 19 -1 -1
11 18 -1 -1
11 17 -1 -1
11 16 -1 -1
11 15 -1 900
11 14 43 80
11 13 -1 982
11 12 -1 870
11 10 142 350
11 9 -1 -1
11 8 -1 -1
11 7 225 502
11 6 -1 -1
11 5 -1 924
11 4 -1 -1
11 3 -1 974
11 2 -1 -1
11 1 -1 790
10 50 -1 894
10 49 -1 -1
10 48 -1 -1
10 47 -1 -1
10 46 -1 -1
10 45 35 58
10 44 359 746
10 43 -1 -1
10 42 -1 -1
10 41 -1 236
10 40 -1 -1
10 39 -1 748
10 38 -1 -1
10 37 -1 -1
10 36 -1 888
10 35 -1 758
10 34 -1 -1
10 33 -1 -1
10 32 -1 -1
10 31 -1 -1
10 30 -1 670
10 29 -1 902
10 28 -1 -1
10 27 -1 -1
10 26 -1 -1
10 25 -1 -1
10 24 -1 -1
10 23 -1 -1
10 22 -1 -1
10 21 -1 -1
10 20 -1 -1
10 19 -1 -1
10 18 -1 -1
10 17 -1 -1
10 16 -1 -1
10 15 -1 876
10 14 -1 354
10 13 -1 816
10 12 740 -1
10 11 178 344
10 9 -1 -1
10 8 -1 -1
10 7 469 742
10 6 -1 -1
10 5 -1 1078
10 4 -1 -1
10 3 -1 814
10 2 -1 -1
10 1 -1 -1
9 50 -1 -1
9 49 -1 678
9 48 -1 1032
9 47 -1 868
9 46 -1 -1
9 45 -1 -1
9 44 -1 -1
9 43 -1 1066
9 42 214 482
9 41 -1 -1
9 40 -1 674
9 39 -1 -1
9 38 163 302
9 37 -1 -1
9 36 -1 -1
9 35 -1 -1
9 34 -1 614
9 33 -1 592
9 32 -1 832
9 31 -1 -1
9 30 -1 -1
9 29 -1 -1
9 28 183 446
9 27 -1 694
9 26 -1 766
9 25 -1 -1
9 24 -1 862
9 23 -1 660
9 22 323 474
9 21 -1 702
9 20 167 300
9 19 -1 892
9 18 -1 606
9 17 -1 888
9 16 -1 618
9 15 -1 -1
9 14 -1 -1
9 13 -1 -1
9 12 -1 -1
9 11 -1 -1
9 10 -1 -1
9 8 342 698
9 7 -1 -1
9 6 -1 910
9 5 -1 1002
9 4 -1 490
9 3 -1 1052
9 2 -1 776
9 1 -1 -1
8 50 -1 -1
8 49 -1 664
8 48 -1 -1
8 47 -1 470
8 46 -1 -1
8 45 -1 -1
8 44 -1 -1
8 43 -1 730
8 42 -1 -1
8 41 -1 -1
8 40 125 214
8 39 -1 -1
8 38 -1 992
8 37 -1 -1
8 36 -1 -1
8 35 -1 -1
8 34 -1 -1
8 33 -1 1016
8 32 -1 788
8 31 -1 -1
8 30 -1 -1
8 29 -1 -1
8 28 -1 -1
8 27 -1 -1
8 26 -1 946
8 25 -1 -1
8 24 55 108
8 23 -1 1036
8 22 119 240
8 21 -1 518
8 20 -1 614
8 19 284 458
8 18 -1 338
8 17 -1 640
8 16 -1 458
8 15 -1 -1
8 14 -1 -1
8 13 -1 -1
8 12 -1 -1
8 11 -1 -1
8 10 -1 -1
8 9 331 980
8 7 -1 -1
8 6 -1 -1
8 5 -1 978
8 4 -1 -1
8 3 -1 -1
8 2 -1 -1
8 1 -1 -1
7 50 88 188
7 49 -1 -1
7 48 -1 650
7 47 -1 -1
7 46 -1 726
7 45 -1 874
7 44 -1 -1
7 43 -1 1078
7 42 -1 -1
7 41 -1 698
7 40 -1 -1
7 39 -1 522
7 38 -1 -1
7 37 -1 702
7 36 -1 -1
7 35 -1 -1
7 34 -1 -1
7 33 -1 -1
7 32 -1 1068
7 31 -1 502
7 30 -1 696
7 29 -1 662
7 28 -1 -1
7 27 -1 -1
7 26 -1 902
7 25 -1 944
7 24 -1 -1
7 23 -1 -1
7 22 -1 -1
7 21 -1 -1
7 20 -1 -1
7 19 -1 -1
7 18 -1 -1
7 17 -1 -1
7 16 -1 -1
7 15 -1 -1
7 14 209 364
7 13 -1 -1
7 12 305 432
7 11 214 504
7 10 478 734
7 9 -1 -1
7 8 -1 -1
7 6 -1 -1
7 5 -1 756
7 4 -1 -1
7 3 -1 880
7 2 -1 -1
7 1 274 502
6 50 -1 -1
6 49 -1 1082
6 48 -1 -1
6 47 -1 -1
6 46 -1 -1
6 45 -1 -1
6 44 537 -1
6 43 -1 -1
6 42 245 566
6 41 -1 -1
6 40 -1 -1
6 39 -1 -1
6 38 -1 -1
6 37 -1 -1
6 36 -1 982
6 35 -1 724
6 34 209 446
6 33 -1 678
6 32 -1 -1
6 31 -1 -1
6 30 -1 -1
6 29 -1 -1
6 28 -1 620
6 27 257 624
6 26 -1 -1
6 25 -1 -1
6 24 -1 -1
6 23 -1 -1
6 22 -1 -1
6 21 -1 -1
6 20 -1 1006
6 19 -1 -1
6 18 -1 -1
6 17 -1 -1
6 16 -1 -1
6 15 -1 856
6 14 -1 -1
6 13 -1 984
6 12 -1 -1
6 11 -1 -1
6 10 -1 -1
6 9 -1 -1
6 8 -1 -1
6 7 -1 -1
6 5 -1 -1
6 4 -1 402
6 3 -1 -1
6 2 -1 666
6 1 -1 -1
5 50 -1 790
5 49 -1 348
5 48 -1 318
5 47 -1 538
5 46 -1 590
5 45 -1 932
5 44 -1 992
5 43 -1 386
5 42 -1 -1
5 41 -1 -1
5 40 -1 970
5 39 -1 588
5 38 -1 468
5 37 -1 294
5 36 -1 686
5 35 -1 856
5 34 -1 996
5 33 -1 560
5 32 62 148
5 31 -1 446
5 30 -1 408
5 29 51 102
5 28 -1 956
5 27 -1 708
5 26 21 54
5 25 122 236
5 24 -1 -1
5 23 -1 286
5 22 -1 870
5 21 -1 604
5 20 -1 842
5 19 -1 926
5 18 -1 624
5 17 -1 426
5 16 -1 714
5 15 -1 950
5 14 -1 990
5 13 -1 1038
5 12 -1 -1
5 11 -1 898
5 10 -1 -1
5 9 -1 1004
5 8 -1 -1
5 7 -1 932
5 6 -1 -1
5 4 -1 952
5 3 -1 378
5 2 -1 730
5 1 -1 774
4 50 -1 -1
4 49 -1 1016
4 48 -1 -1
4 47 -1 -1
4 46 -1 -1
4 45 -1 -1
4 44 -1 -1
4 43 -1 -1
4 42 115 172
4 41 -1 -1
4 40 -1 922
4 39 -1 -1
4 38 -1 518
4 37 -1 946
4 36 -1 1042
4 35 -1 658
4 34 25 56
4 33 -1 442
4 32 -1 1038
4 31 -1 -1
4 30 -1 -1
4 29 -1 1078
4 28 94 218
4 27 -1 262
4 26 -1 940
4 25 -1 968
4 24 -1 -1
4 23 -1 744
4 22 -1 1050
4 21 -1 888
4 20 -1 814
4 19 -1 -1
4 18 -1 902
4 17 -1 1044
4 16 -1 -1
4 15 -1 886
4 14 -1 -1
4 13 -1 -1
4 12 -1 -1
4 11 -1 -1
4 10 -1 -1
4 9 -1 500
4 8 -1 -1
4 7 -1 -1
4 6 -1 446
4 5 -1 1054
4 3 -1 862
4 2 114 280
4 1 -1 -1
3 50 -1 830
3 49 -1 632
3 48 -1 516
3 47 -1 850
3 46 -1 -1
3 45 -1 870
3 44 -1 896
3 43 -1 744
3 42 -1 -1
3 41 -1 632
3 40 -1 -1
3 39 214 550
3 38 -1 720
3 37 77 162
3 36 205 390
3 35 217 370
3 34 -1 924
3 33 262 534
3 32 -1 458
3 31 -1 588
3 30 163 326
3 29 -1 292
3 28 -1 792
3 27 -1 528
3 26 -1 474
3 25 88 178
3 24 -1 -1
3 23 236 430
3 22 -1 -1
3 21 -1 734
3 20 -1 930
3 19 -1 -1
3 18 -1 1034
3 17 -1 748
3 16 -1 1048
3 15 -1 488
3 14 -1 660
3 13 -1 650
3 12 -1 -1
3 11 -1 940
3 10 -1 1006
3 9 -1 864
3 8 -1 -1
3 7 -1 908
3 6 -1 -1
3 5 -1 424
3 4 -1 966
3 2 -1 678
3 1 -1 936
2 50 -1 -1
2 49 -1 636
2 48 -1 -1
2 47 -1 -1
2 46 -1 -1
2 45 -1 -1
2 44 -1 916
2 43 -1 1054
2 42 -1 460
2 41 -1 -1
2 40 -1 1010
2 39 -1 944
2 38 -1 530
2 37 -1 686
2 36 -1 562
2 35 -1 564
2 34 150 316
2 33 104 228
2 32 -1 660
2 31 -1 -1
2 30 -1 760
2 29 -1 722
2 28 188 346
2 27 39 80
2 26 -1 852
2 25 -1 808
2 24 -1 -1
2 23 -1 680
2 22 -1 -1
2 21 -1 816
2 20 -1 854
2 19 -1 -1
2 18 -1 862
2 17 -1 -1
2 16 -1 890
2 15 -1 630
2 14 -1 -1
2 13 -1 688
2 12 -1 -1
2 11 -1 -1
2 10 -1 -1
2 9 -1 654
2 8 -1 -1
2 7 -1 -1
2 6 -1 656
2 5 -1 920
2 4 138 294
2 3 -1 556
2 1 -1 -1
1 50 234 562
1 49 -1 1020
1 48 -1 604
1 47 -1 1060
1 46 108 258
1 45 -1 1024
1 44 -1 -1
1 43 -1 654
1 42 -1 -1
1 41 -1 -1
1 40 -1 -1
1 39 -1 778
1 38 -1 -1
1 37 -1 910
1 36 -1 -1
1 35 -1 -1
1 34 -1 -1
1 33 -1 -1
1 32 -1 726
1 31 201 392
1 30 -1 884
1 29 -1 620
1 28 -1 -1
1 27 -1 -1
1 26 -1 688
1 25 -1 894
1 24 -1 -1
1 23 -1 1072
1 22 -1 -1
1 21 -1 948
1 20 -1 -1
1 19 -1 -1
1 18 -1 -1
1 17 -1 806
1 16 -1 898
1 15 -1 -1
1 14 -1 866
1 13 -1 -1
1 12 152 284
1 11 -1 1058
1 10 -1 -1
1 9 -1 -1
1 8 -1 -1
1 7 208 392
1 6 -1 -1
1 5 -1 762
1 4 -1 -1
1 3 -1 -1
1 2 -1 -1
