nnodes narcs source target type
50 2450 21 25 drone_routing_pli_project2
nodename posx posy
50 854.214 617.943
49 308.569 641.987
48 629.926 655.753
47 295.632 805.608
46 668.613 930.768
45 958.834 258.462
44 676.797 57.5151
43 449.237 829.722
42 77.6951 262.774
41 869.674 288.204
40 117.803 799.177
39 767.7 477.191
38 243.705 513.901
37 567.506 504.639
36 618.735 216.69
35 563.419 215.444
34 193.435 208.825
33 321.145 372.362
32 432.736 607.173
31 693.701 678.851
30 664.867 511.938
29 552.795 600.871
28 127.261 319.624
27 330.428 230.363
26 515.31 629.498
25 549.054 509.701
24 109.646 897.715
23 352.918 567.454
22 82.5088 782.54
21 221.073 749.126
20 126.436 630.602
19 299.118 944.346
18 168.46 771.005
17 308.456 780.927
16 236.793 813.963
15 627.672 177.248
14 937.804 455.239
13 660.822 102.847
12 929.278 938.523
11 954.526 412.785
10 988.428 255.41
9 63.8778 498.188
8 63.9737 907.1
7 932.623 672.055
6 161.535 12.5789
5 503.683 608.631
4 178.38 233.77
3 541.861 433.702
2 311.708 267.028
1 783.235 863.673
tail head car_cost drone_cost
50 49 -1 -1
50 48 -1 104
50 47 -1 -1
50 46 -1 152
50 45 -1 158
50 44 -1 274
50 43 -1 216
50 42 -1 -1
50 41 -1 178
50 40 -1 -1
50 39 186 76
50 38 -1 -1
50 37 -1 184
50 36 -1 232
50 35 -1 -1
50 34 -1 -1
50 33 -1 -1
50 32 -1 232
50 31 160 94
50 30 -1 92
50 29 -1 164
50 28 -1 -1
50 27 -1 -1
50 26 -1 188
50 25 -1 180
50 24 -1 -1
50 23 -1 -1
50 22 -1 -1
50 21 -1 -1
50 20 -1 -1
50 19 -1 -1
50 18 -1 -1
50 17 -1 -1
50 16 -1 262
50 15 -1 218
50 14 175 90
50 13 -1 244
50 12 -1 162
50 11 -1 116
50 10 -1 178
50 9 -1 -1
50 8 -1 -1
50 7 84 46
50 6 -1 -1
50 5 -1 150
50 4 -1 -1
50 3 -1 208
50 2 -1 -1
50 1 233 132
49 50 -1 -1
49 48 -1 174
49 47 -1 84
49 46 -1 220
49 45 -1 -1
49 44 -1 -1
49 43 -1 138
49 42 -1 254
49 41 -1 272
49 40 -1 144
49 39 -1 220
49 38 122 64
49 37 -1 156
49 36 -1 -1
49 35 -1 -1
49 34 -1 184
49 33 -1 124
49 32 115 62
49 31 -1 204
49 30 -1 164
49 29 -1 136
49 28 -1 178
49 27 -1 184
49 26 -1 122
49 25 -1 146
49 24 -1 134
49 23 91 42
49 22 -1 152
49 21 147 84
49 20 169 86
49 19 -1 166
49 18 -1 104
49 17 145 74
49 16 -1 88
49 15 -1 -1
49 14 -1 -1
49 13 -1 -1
49 12 -1 -1
49 11 -1 -1
49 10 -1 -1
49 9 -1 170
49 8 -1 196
49 7 -1 -1
49 6 -1 -1
49 5 -1 118
49 4 -1 244
49 3 -1 144
49 2 -1 214
49 1 -1 260
48 50 -1 130
48 49 -1 158
48 47 -1 184
48 46 238 138
48 45 -1 244
48 44 -1 -1
48 43 248 134
48 42 -1 -1
48 41 -1 242
48 40 -1 -1
48 39 -1 92
48 38 -1 186
48 37 -1 96
48 36 -1 214
48 35 -1 218
48 34 -1 -1
48 33 -1 188
48 32 -1 94
48 31 79 36
48 30 153 68
48 29 98 48
48 28 -1 -1
48 27 -1 258
48 26 100 66
48 25 -1 80
48 24 -1 -1
48 23 -1 174
48 22 -1 242
48 21 -1 210
48 20 -1 -1
48 19 -1 246
48 18 -1 200
48 17 -1 182
48 16 -1 180
48 15 -1 236
48 14 -1 214
48 13 -1 -1
48 12 -1 226
48 11 -1 164
48 10 -1 -1
48 9 -1 252
48 8 -1 -1
48 7 -1 148
48 6 -1 -1
48 5 -1 72
48 4 -1 -1
48 3 -1 126
48 2 -1 220
48 1 -1 118
47 50 -1 -1
47 49 -1 80
47 48 -1 182
47 46 -1 182
47 45 -1 -1
47 44 -1 -1
47 43 180 76
47 42 -1 258
47 41 -1 -1
47 40 -1 82
47 39 -1 -1
47 38 -1 156
47 37 -1 172
47 36 -1 -1
47 35 -1 -1
47 34 -1 248
47 33 -1 226
47 32 -1 140
47 31 -1 244
47 30 -1 230
47 29 -1 164
47 28 -1 -1
47 27 -1 -1
47 26 -1 128
47 25 -1 218
47 24 -1 114
47 23 -1 106
47 22 -1 88
47 21 112 40
47 20 -1 136
47 19 144 70
47 18 -1 74
47 17 23 16
47 16 62 34
47 15 -1 -1
47 14 -1 -1
47 13 -1 -1
47 12 -1 -1
47 11 -1 -1
47 10 -1 -1
47 9 -1 162
47 8 -1 144
47 7 -1 -1
47 6 -1 -1
47 5 -1 162
47 4 -1 244
47 3 -1 238
47 2 -1 220
47 1 -1 210
46 50 -1 204
46 49 -1 -1
46 48 224 140
46 47 -1 206
46 45 -1 -1
46 44 -1 -1
46 43 287 128
46 42 -1 -1
46 41 -1 -1
46 40 -1 234
46 39 -1 246
46 38 -1 -1
46 37 -1 250
46 36 -1 -1
46 35 -1 -1
46 34 -1 -1
46 33 -1 -1
46 32 -1 178
46 31 246 136
46 30 -1 234
46 29 -1 204
46 28 -1 -1
46 27 -1 -1
46 26 -1 140
46 25 -1 186
46 24 -1 250
46 23 -1 236
46 22 -1 -1
46 21 -1 214
46 20 -1 -1
46 19 307 222
46 18 -1 -1
46 17 -1 198
46 16 -1 220
46 15 -1 -1
46 14 -1 232
46 13 -1 -1
46 12 292 138
46 11 -1 262
46 10 -1 -1
46 9 -1 -1
46 8 -1 -1
46 7 -1 150
46 6 -1 -1
46 5 -1 152
46 4 -1 -1
46 3 -1 214
46 2 -1 -1
46 1 158 76
45 50 -1 160
45 49 -1 -1
45 48 -1 260
45 47 -1 -1
45 46 -1 -1
45 44 366 156
45 43 -1 -1
45 42 -1 -1
45 41 78 46
45 40 -1 -1
45 39 -1 130
45 38 -1 -1
45 37 -1 246
45 36 -1 184
45 35 -1 208
45 34 -1 -1
45 33 -1 -1
45 32 -1 -1
45 31 -1 204
45 30 -1 162
45 29 -1 -1
45 28 -1 -1
45 27 -1 -1
45 26 -1 -1
45 25 -1 -1
45 24 -1 -1
45 23 -1 -1
45 22 -1 -1
45 21 -1 -1
45 20 -1 -1
45 19 -1 -1
45 18 -1 -1
45 17 -1 -1
45 16 -1 -1
45 15 -1 166
45 14 -1 88
45 13 -1 164
45 12 -1 -1
45 11 168 82
45 10 36 14
45 9 -1 -1
45 8 -1 -1
45 7 -1 230
45 6 -1 -1
45 5 -1 -1
45 4 -1 -1
45 3 -1 214
45 2 -1 -1
45 1 -1 -1
44 50 -1 262
44 49 -1 -1
44 48 -1 -1
44 47 -1 -1
44 46 -1 -1
44 45 295 148
44 43 -1 -1
44 42 -1 -1
44 41 256 146
44 40 -1 -1
44 39 -1 254
44 38 -1 -1
44 37 -1 224
44 36 -1 86
44 35 -1 86
44 34 -1 210
44 33 -1 226
44 32 -1 -1
44 31 -1 -1
44 30 -1 196
44 29 -1 -1
44 28 -1 -1
44 27 324 208
44 26 -1 -1
44 25 -1 200
44 24 -1 -1
44 23 -1 266
44 22 -1 -1
44 21 -1 -1
44 20 -1 -1
44 19 -1 -1
44 18 -1 -1
44 17 -1 -1
44 16 -1 -1
44 15 -1 78
44 14 -1 220
44 13 40 22
44 12 -1 -1
44 11 -1 236
44 10 307 184
44 9 -1 -1
44 8 -1 -1
44 7 -1 -1
44 6 521 -1
44 5 -1 -1
44 4 -1 -1
44 3 -1 214
44 2 -1 182
44 1 -1 -1
43 50 -1 270
43 49 -1 114
43 48 255 108
43 47 172 82
43 46 251 102
43 45 -1 -1
43 44 -1 -1
43 42 -1 -1
43 41 -1 -1
43 40 -1 168
43 39 -1 192
43 38 -1 216
43 37 -1 144
43 36 -1 -1
43 35 -1 266
43 34 -1 -1
43 33 -1 212
43 32 245 116
43 31 -1 162
43 30 -1 206
43 29 -1 140
43 28 -1 262
43 27 -1 -1
43 26 220 94
43 25 -1 176
43 24 -1 172
43 23 -1 114
43 22 -1 150
43 21 -1 134
43 20 -1 224
43 19 227 84
43 18 -1 136
43 17 145 66
43 16 -1 98
43 15 -1 -1
43 14 -1 -1
43 13 -1 -1
43 12 -1 222
43 11 -1 -1
43 10 -1 -1
43 9 -1 236
43 8 -1 166
43 7 -1 212
43 6 -1 -1
43 5 -1 138
43 4 -1 -1
43 3 -1 226
43 2 -1 -1
43 1 -1 158
42 50 -1 -1
42 49 -1 196
42 48 -1 -1
42 47 -1 252
42 46 -1 -1
42 45 -1 -1
42 44 -1 -1
42 43 -1 -1
42 41 -1 -1
42 40 -1 -1
42 39 -1 -1
42 38 -1 162
42 37 -1 262
42 36 -1 -1
42 35 -1 -1
42 34 147 62
42 33 -1 112
42 32 -1 270
42 31 -1 -1
42 30 -1 272
42 29 -1 274
42 28 89 42
42 27 -1 112
42 26 -1 244
42 25 -1 218
42 24 -1 -1
42 23 -1 230
42 22 -1 -1
42 21 -1 260
42 20 -1 150
42 19 -1 -1
42 18 -1 238
42 17 -1 246
42 16 -1 234
42 15 -1 236
42 14 -1 -1
42 13 -1 -1
42 12 -1 -1
42 11 -1 -1
42 10 -1 -1
42 9 277 122
42 8 -1 -1
42 7 -1 -1
42 6 248 134
42 5 -1 256
42 4 88 42
42 3 -1 260
42 2 -1 104
42 1 -1 -1
41 50 -1 158
41 49 -1 -1
41 48 -1 212
41 47 -1 -1
41 46 -1 -1
41 45 108 42
41 44 243 166
41 43 -1 -1
41 42 -1 -1
41 40 -1 -1
41 39 215 92
41 38 -1 -1
41 37 -1 216
41 36 269 126
41 35 -1 130
41 34 -1 -1
41 33 -1 266
41 32 -1 -1
41 31 -1 176
41 30 -1 172
41 29 -1 242
41 28 -1 -1
41 27 -1 -1
41 26 -1 270
41 25 -1 164
41 24 -1 -1
41 23 -1 -1
41 22 -1 -1
41 21 -1 -1
41 20 -1 -1
41 19 -1 -1
41 18 -1 -1
41 17 -1 -1
41 16 -1 -1
41 15 292 122
41 14 169 76
41 13 232 144
41 12 -1 -1
41 11 154 88
41 10 -1 58
41 9 -1 -1
41 8 -1 -1
41 7 -1 162
41 6 -1 -1
41 5 -1 214
41 4 -1 -1
41 3 -1 198
41 2 -1 252
41 1 -1 -1
40 50 -1 -1
40 49 -1 120
40 48 -1 228
40 47 -1 90
40 46 -1 260
40 45 -1 -1
40 44 -1 -1
40 43 -1 142
40 42 -1 -1
40 41 -1 -1
40 39 -1 -1
40 38 -1 164
40 37 -1 240
40 36 -1 -1
40 35 -1 -1
40 34 -1 -1
40 33 -1 274
40 32 -1 196
40 31 -1 -1
40 30 -1 250
40 29 -1 238
40 28 -1 -1
40 27 -1 -1
40 26 -1 192
40 25 -1 270
40 24 81 60
40 23 -1 166
40 22 47 18
40 21 -1 60
40 20 -1 98
40 19 -1 124
40 18 57 28
40 17 -1 86
40 16 101 70
40 15 -1 -1
40 14 -1 -1
40 13 -1 -1
40 12 -1 -1
40 11 -1 -1
40 10 -1 -1
40 9 -1 134
40 8 127 60
40 7 -1 -1
40 6 -1 -1
40 5 -1 208
40 4 -1 -1
40 3 -1 270
40 2 -1 232
40 1 -1 -1
39 50 192 82
39 49 -1 -1
39 48 -1 126
39 47 -1 -1
39 46 -1 266
39 45 -1 144
39 44 -1 200
39 43 -1 272
39 42 -1 -1
39 41 203 112
39 40 -1 -1
39 38 -1 234
39 37 -1 94
39 36 349 126
39 35 -1 182
39 34 -1 -1
39 33 -1 194
39 32 -1 166
39 31 184 108
39 30 105 48
39 29 -1 134
39 28 -1 -1
39 27 -1 248
39 26 -1 164
39 25 -1 94
39 24 -1 -1
39 23 -1 226
39 22 -1 -1
39 21 -1 -1
39 20 -1 -1
39 19 -1 -1
39 18 -1 -1
39 17 -1 -1
39 16 -1 -1
39 15 -1 146
39 14 178 88
39 13 -1 212
39 12 -1 248
39 11 -1 92
39 10 -1 132
39 9 -1 -1
39 8 -1 -1
39 7 -1 140
39 6 -1 -1
39 5 -1 124
39 4 -1 -1
39 3 225 132
39 2 -1 240
39 1 -1 164
38 50 -1 -1
38 49 129 76
38 48 -1 194
38 47 -1 122
38 46 -1 270
38 45 -1 -1
38 44 -1 258
38 43 -1 214
38 42 -1 180
38 41 -1 -1
38 40 -1 174
38 39 -1 240
38 37 -1 168
38 36 -1 272
38 35 -1 212
38 34 -1 138
38 33 156 74
38 32 -1 98
38 31 -1 240
38 30 -1 224
38 29 -1 158
38 28 251 116
38 27 -1 176
38 26 -1 162
38 25 -1 180
38 24 -1 172
38 23 121 64
38 22 -1 134
38 21 -1 114
38 20 151 76
38 19 -1 258
38 18 -1 132
38 17 -1 138
38 16 -1 174
38 15 -1 236
38 14 -1 -1
38 13 -1 -1
38 12 -1 -1
38 11 -1 -1
38 10 -1 -1
38 9 189 84
38 8 -1 216
38 7 -1 -1
38 6 -1 216
38 5 -1 132
38 4 -1 122
38 3 -1 146
38 2 -1 124
38 1 -1 -1
37 50 -1 172
37 49 -1 156
37 48 -1 78
37 47 -1 210
37 46 -1 186
37 45 -1 204
37 44 -1 244
37 43 -1 156
37 42 -1 244
37 41 -1 178
37 40 -1 -1
37 39 -1 102
37 38 -1 178
37 36 -1 162
37 35 -1 140
37 34 -1 200
37 33 -1 128
37 32 -1 72
37 31 -1 110
37 30 88 40
37 29 81 54
37 28 -1 230
37 27 -1 154
37 26 -1 72
37 25 23 12
37 24 -1 272
37 23 -1 102
37 22 -1 -1
37 21 -1 186
37 20 -1 240
37 19 -1 260
37 18 -1 262
37 17 -1 196
37 16 -1 228
37 15 -1 146
37 14 -1 152
37 13 -1 184
37 12 -1 258
37 11 -1 168
37 10 -1 256
37 9 -1 254
37 8 -1 -1
37 7 -1 240
37 6 -1 258
37 5 -1 68
37 4 -1 240
37 3 88 44
37 2 -1 176
37 1 -1 204
36 50 -1 196
36 49 -1 242
36 48 -1 192
36 47 -1 -1
36 46 -1 -1
36 45 -1 162
36 44 -1 90
36 43 -1 -1
36 42 -1 244
36 41 270 110
36 40 -1 -1
36 39 325 144
36 38 -1 220
36 37 -1 164
36 35 65 28
36 34 -1 208
36 33 -1 150
36 32 -1 260
36 31 -1 250
36 30 -1 148
36 29 -1 176
36 28 -1 218
36 27 -1 146
36 26 -1 188
36 25 -1 146
36 24 -1 -1
36 23 -1 194
36 22 -1 -1
36 21 -1 -1
36 20 -1 -1
36 19 -1 -1
36 18 -1 -1
36 17 -1 -1
36 16 -1 -1
36 15 41 22
36 14 -1 180
36 13 -1 54
36 12 -1 -1
36 11 -1 180
36 10 -1 188
36 9 -1 -1
36 8 -1 -1
36 7 -1 224
36 6 -1 208
36 5 -1 202
36 4 -1 236
36 3 206 138
36 2 -1 158
36 1 -1 -1
35 50 -1 -1
35 49 -1 222
35 48 -1 204
35 47 -1 270
35 46 -1 -1
35 45 -1 180
35 44 -1 104
35 43 -1 254
35 42 -1 -1
35 41 -1 182
35 40 -1 -1
35 39 -1 142
35 38 -1 202
35 37 -1 168
35 36 58 30
35 34 -1 150
35 33 283 130
35 32 -1 218
35 31 -1 218
35 30 -1 158
35 29 -1 194
35 28 -1 196
35 27 203 108
35 26 -1 216
35 25 -1 130
35 24 -1 -1
35 23 -1 174
35 22 -1 -1
35 21 -1 272
35 20 -1 -1
35 19 -1 -1
35 18 -1 -1
35 17 -1 -1
35 16 -1 -1
35 15 73 34
35 14 -1 260
35 13 127 64
35 12 -1 -1
35 11 -1 256
35 10 -1 184
35 9 -1 -1
35 8 -1 -1
35 7 -1 -1
35 6 -1 242
35 5 -1 196
35 4 -1 198
35 3 179 124
35 2 -1 154
35 1 -1 -1
34 50 -1 -1
34 49 -1 208
34 48 -1 252
34 47 -1 272
34 46 -1 -1
34 45 -1 -1
34 44 -1 212
34 43 -1 272
34 42 135 62
34 41 -1 -1
34 40 -1 -1
34 39 -1 -1
34 38 -1 176
34 37 -1 -1
34 36 -1 220
34 35 -1 180
34 33 -1 94
34 32 -1 196
34 31 -1 -1
34 30 -1 -1
34 29 -1 264
34 28 -1 74
34 27 146 82
34 26 -1 248
34 25 -1 232
34 24 -1 -1
34 23 -1 208
34 22 -1 236
34 21 -1 -1
34 20 -1 230
34 19 -1 -1
34 18 -1 -1
34 17 -1 -1
34 16 -1 -1
34 15 -1 188
34 14 -1 -1
34 13 -1 -1
34 12 -1 -1
34 11 -1 -1
34 10 -1 -1
34 9 -1 150
34 8 -1 -1
34 7 -1 -1
34 6 228 110
34 5 -1 246
34 4 26 16
34 3 -1 224
34 2 113 58
34 1 -1 -1
33 50 -1 -1
33 49 -1 146
33 48 -1 232
33 47 -1 196
33 46 -1 -1
33 45 -1 -1
33 44 -1 236
33 43 -1 200
33 42 -1 112
33 41 -1 -1
33 40 -1 242
33 39 -1 254
33 38 189 90
33 37 -1 118
33 36 -1 152
33 35 265 152
33 34 -1 108
33 32 -1 114
33 31 -1 222
33 30 -1 160
33 29 -1 166
33 28 166 122
33 27 135 70
33 26 -1 140
33 25 -1 122
33 24 -1 242
33 23 189 88
33 22 -1 -1
33 21 -1 190
33 20 -1 146
33 19 -1 -1
33 18 -1 240
33 17 -1 178
33 16 -1 228
33 15 -1 176
33 14 -1 -1
33 13 -1 178
33 12 -1 -1
33 11 -1 -1
33 10 -1 -1
33 9 -1 142
33 8 -1 -1
33 7 -1 -1
33 6 -1 226
33 5 -1 158
33 4 -1 84
33 3 230 124
33 2 120 46
33 1 -1 -1
32 50 -1 180
32 49 153 70
32 48 -1 122
32 47 -1 122
32 46 -1 214
32 45 -1 258
32 44 -1 -1
32 43 245 132
32 42 -1 216
32 41 -1 -1
32 40 -1 218
32 39 -1 200
32 38 -1 90
32 37 -1 86
32 36 -1 220
32 35 -1 190
32 34 -1 236
32 33 -1 116
32 31 -1 120
32 30 -1 140
32 29 -1 66
32 28 -1 200
32 27 -1 220
32 26 94 48
32 25 177 88
32 24 -1 216
32 23 87 52
32 22 -1 190
32 21 -1 150
32 20 -1 160
32 19 -1 158
32 18 -1 130
32 17 214 118
32 16 -1 168
32 15 -1 232
32 14 -1 -1
32 13 -1 222
32 12 -1 -1
32 11 -1 232
32 10 -1 -1
32 9 -1 230
32 8 -1 268
32 7 -1 214
32 6 -1 -1
32 5 72 36
32 4 -1 236
32 3 -1 100
32 2 -1 160
32 1 -1 188
31 50 151 98
31 49 -1 218
31 48 59 40
31 47 -1 172
31 46 273 128
31 45 -1 -1
31 44 -1 256
31 43 -1 124
31 42 -1 -1
31 41 -1 224
31 40 -1 -1
31 39 220 88
31 38 -1 210
31 37 -1 122
31 36 -1 222
31 35 -1 274
31 34 -1 -1
31 33 -1 274
31 32 -1 158
31 30 149 84
31 29 -1 78
31 28 -1 -1
31 27 -1 -1
31 26 -1 108
31 25 -1 126
31 24 -1 270
31 23 -1 154
31 22 -1 -1
31 21 -1 234
31 20 -1 232
31 19 -1 224
31 18 -1 244
31 17 -1 200
31 16 -1 228
31 15 -1 226
31 14 -1 180
31 13 -1 -1
31 12 -1 174
31 11 -1 188
31 10 -1 268
31 9 -1 -1
31 8 -1 270
31 7 -1 120
31 6 -1 -1
31 5 -1 122
31 4 -1 -1
31 3 -1 116
31 2 -1 -1
31 1 211 106
30 50 -1 120
30 49 -1 214
30 48 127 68
30 47 -1 208
30 46 -1 180
30 45 -1 176
30 44 -1 224
30 43 -1 222
30 42 -1 -1
30 41 -1 128
30 40 -1 -1
30 39 126 56
30 38 -1 206
30 37 98 48
30 36 -1 128
30 35 -1 136
30 34 -1 -1
30 33 -1 212
30 32 -1 132
30 31 181 68
30 29 151 66
30 28 -1 -1
30 27 -1 178
30 26 -1 88
30 25 -1 58
30 24 -1 -1
30 23 -1 144
30 22 -1 -1
30 21 -1 -1
30 20 -1 -1
30 19 -1 -1
30 18 -1 -1
30 17 -1 248
30 16 -1 -1
30 15 -1 202
30 14 -1 156
30 13 -1 194
30 12 -1 218
30 11 -1 176
30 10 -1 242
30 9 -1 -1
30 8 -1 -1
30 7 -1 142
30 6 -1 -1
30 5 -1 88
30 4 -1 230
30 3 158 84
30 2 -1 190
30 1 -1 220
29 50 -1 128
29 49 -1 120
29 48 105 40
29 47 -1 174
29 46 -1 174
29 45 -1 -1
29 44 -1 -1
29 43 -1 152
29 42 -1 270
29 41 -1 192
29 40 -1 198
29 39 -1 140
29 38 -1 156
29 37 79 46
29 36 -1 190
29 35 -1 214
29 34 -1 246
29 33 -1 188
29 32 -1 52
29 31 -1 94
29 30 116 70
29 28 -1 -1
29 27 -1 178
29 26 48 26
29 25 76 50
29 24 -1 272
29 23 -1 108
29 22 -1 272
29 21 -1 208
29 20 -1 202
29 19 -1 250
29 18 -1 252
29 17 -1 134
29 16 -1 218
29 15 -1 246
29 14 -1 212
29 13 -1 232
29 12 -1 224
29 11 -1 184
29 10 -1 -1
29 9 -1 216
29 8 -1 -1
29 7 -1 198
29 6 -1 -1
29 5 41 28
29 4 -1 218
29 3 -1 92
29 2 -1 204
29 1 -1 164
28 50 -1 -1
28 49 -1 176
28 48 -1 -1
28 47 -1 262
28 46 -1 -1
28 45 -1 -1
28 44 -1 260
28 43 -1 -1
28 42 74 34
28 41 -1 -1
28 40 -1 208
28 39 -1 274
28 38 264 112
28 37 -1 246
28 36 -1 226
28 35 -1 210
28 34 -1 54
28 33 174 118
28 32 -1 188
28 31 -1 -1
28 30 -1 264
28 29 -1 -1
28 27 -1 114
28 26 -1 244
28 25 -1 210
28 24 -1 -1
28 23 -1 200
28 22 -1 254
28 21 -1 222
28 20 -1 176
28 19 -1 -1
28 18 -1 250
28 17 -1 274
28 16 -1 -1
28 15 -1 -1
28 14 -1 -1
28 13 -1 -1
28 12 -1 -1
28 11 -1 -1
28 10 -1 -1
28 9 216 84
28 8 -1 -1
28 7 -1 -1
28 6 -1 148
28 5 -1 272
28 4 91 44
28 3 -1 226
28 2 207 96
28 1 -1 -1
27 50 -1 -1
27 49 -1 168
27 48 -1 224
27 47 -1 236
27 46 -1 -1
27 45 -1 -1
27 44 328 168
27 43 -1 -1
27 42 -1 146
27 41 -1 242
27 40 -1 -1
27 39 -1 254
27 38 -1 140
27 37 -1 216
27 36 -1 130
27 35 238 102
27 34 146 82
27 33 132 84
27 32 -1 202
27 31 -1 258
27 30 -1 228
27 29 -1 180
27 28 -1 116
27 26 -1 260
27 25 -1 192
27 24 -1 -1
27 23 -1 198
27 22 -1 -1
27 21 -1 254
27 20 -1 184
27 19 -1 -1
27 18 -1 -1
27 17 -1 -1
27 16 -1 266
27 15 -1 178
27 14 -1 -1
27 13 317 188
27 12 -1 -1
27 11 -1 -1
27 10 -1 -1
27 9 -1 186
27 8 -1 -1
27 7 -1 -1
27 6 288 162
27 5 -1 246
27 4 -1 84
27 3 -1 134
27 2 41 18
27 1 -1 -1
26 50 -1 188
26 49 -1 104
26 48 122 54
26 47 -1 128
26 46 -1 166
26 45 -1 -1
26 44 -1 -1
26 43 241 126
26 42 -1 252
26 41 -1 262
26 40 -1 250
26 39 -1 176
26 38 -1 156
26 37 -1 60
26 36 -1 182
26 35 -1 236
26 34 -1 218
26 33 -1 140
26 32 75 40
26 31 -1 86
26 30 -1 90
26 29 43 26
26 28 -1 214
26 27 -1 232
26 25 -1 62
26 24 -1 248
26 23 -1 72
26 22 -1 192
26 21 -1 174
26 20 -1 178
26 19 -1 206
26 18 -1 178
26 17 -1 136
26 16 -1 168
26 15 -1 194
26 14 -1 228
26 13 -1 -1
26 12 -1 260
26 11 -1 208
26 10 -1 -1
26 9 -1 248
26 8 -1 -1
26 7 -1 192
26 6 -1 -1
26 5 26 14
26 4 -1 -1
26 3 -1 106
26 2 -1 244
26 1 -1 212
25 50 -1 190
25 49 -1 158
25 48 -1 90
25 47 -1 198
25 46 -1 238
25 45 -1 212
25 44 -1 226
25 43 -1 184
25 42 -1 262
25 41 -1 198
25 40 -1 272
25 39 -1 134
25 38 -1 172
25 37 23 10
25 36 -1 142
25 35 -1 174
25 34 -1 250
25 33 -1 160
25 32 161 90
25 31 -1 116
25 30 -1 48
25 29 84 46
25 28 -1 220
25 27 -1 182
25 26 -1 54
25 24 -1 240
25 23 245 102
25 22 -1 -1
25 21 -1 228
25 20 -1 212
25 19 -1 -1
25 18 -1 262
25 17 -1 190
25 16 -1 254
25 15 -1 162
25 14 -1 226
25 13 -1 182
25 12 -1 -1
25 11 -1 248
25 10 -1 220
25 9 -1 198
25 8 -1 -1
25 7 -1 188
25 6 -1 -1
25 5 102 54
25 4 -1 222
25 3 85 46
25 2 -1 184
25 1 -1 240
24 50 -1 -1
24 49 -1 170
24 48 -1 -1
24 47 -1 108
24 46 -1 -1
24 45 -1 -1
24 44 -1 -1
24 43 -1 148
24 42 -1 -1
24 41 -1 -1
24 40 92 40
24 39 -1 -1
24 38 -1 210
24 37 -1 -1
24 36 -1 -1
24 35 -1 -1
24 34 -1 -1
24 33 -1 270
24 32 -1 230
24 31 -1 -1
24 30 -1 -1
24 29 -1 -1
24 28 -1 260
24 27 -1 -1
24 26 -1 252
24 25 -1 -1
24 23 -1 246
24 22 -1 64
24 21 -1 100
24 20 -1 118
24 19 175 106
24 18 -1 76
24 17 -1 104
24 16 131 66
24 15 -1 -1
24 14 -1 -1
24 13 -1 -1
24 12 -1 -1
24 11 -1 -1
24 10 -1 -1
24 9 -1 162
24 8 51 24
24 7 -1 -1
24 6 -1 -1
24 5 -1 -1
24 4 -1 -1
24 3 -1 -1
24 2 -1 -1
24 1 -1 -1
23 50 -1 204
23 49 83 50
23 48 -1 134
23 47 -1 138
23 46 -1 204
23 45 -1 -1
23 44 -1 -1
23 43 -1 120
23 42 -1 178
23 41 -1 -1
23 40 -1 140
23 39 -1 210
23 38 144 62
23 37 -1 104
23 36 -1 208
23 35 -1 230
23 34 -1 214
23 33 234 110
23 32 76 50
23 31 -1 212
23 30 -1 166
23 29 -1 82
23 28 -1 140
23 27 -1 202
23 26 -1 76
23 25 226 106
23 24 -1 176
23 22 -1 178
23 21 -1 124
23 20 -1 96
23 19 -1 154
23 18 -1 162
23 17 -1 92
23 16 -1 148
23 15 -1 224
23 14 -1 -1
23 13 -1 -1
23 12 -1 -1
23 11 -1 -1
23 10 -1 -1
23 9 -1 122
23 8 -1 190
23 7 -1 252
23 6 -1 -1
23 5 -1 74
23 4 -1 202
23 3 242 102
23 2 -1 122
23 1 -1 274
22 50 -1 -1
22 49 -1 122
22 48 -1 248
22 47 -1 104
22 46 -1 -1
22 45 -1 -1
22 44 -1 -1
22 43 -1 154
22 42 -1 226
22 41 -1 -1
22 40 46 18
22 39 -1 -1
22 38 -1 164
22 37 -1 236
22 36 -1 -1
22 35 -1 -1
22 34 -1 -1
22 33 -1 240
22 32 -1 184
22 31 -1 264
22 30 -1 -1
22 29 -1 246
22 28 -1 208
22 27 -1 -1
22 26 -1 264
22 25 -1 254
22 24 -1 58
22 23 -1 152
22 21 -1 76
22 20 130 84
22 19 -1 120
22 18 88 52
22 17 -1 100
22 16 -1 86
22 15 -1 -1
22 14 -1 -1
22 13 -1 -1
22 12 -1 -1
22 11 -1 -1
22 10 -1 -1
22 9 309 162
22 8 111 68
22 7 -1 -1
22 6 -1 -1
22 5 -1 244
22 4 -1 238
22 3 -1 -1
22 2 -1 272
22 1 -1 -1
21 50 -1 -1
21 49 146 60
21 48 -1 182
21 47 110 50
21 46 -1 264
21 45 -1 -1
21 44 -1 -1
21 43 -1 106
21 42 -1 212
21 41 -1 -1
21 40 -1 48
21 39 -1 -1
21 38 -1 114
21 37 -1 212
21 36 -1 -1
21 35 -1 -1
21 34 -1 260
21 33 -1 216
21 32 -1 124
21 31 -1 242
21 30 -1 238
21 29 -1 206
21 28 -1 222
21 27 -1 218
21 26 -1 136
21 25 -1 178
21 24 -1 94
21 23 -1 92
21 22 -1 74
21 20 124 78
21 19 -1 96
21 18 58 26
21 17 107 50
21 16 74 38
21 15 -1 -1
21 14 -1 -1
21 13 -1 -1
21 12 -1 -1
21 11 -1 -1
21 10 -1 -1
21 9 -1 168
21 8 -1 96
21 7 -1 -1
21 6 -1 -1
21 5 -1 152
21 4 -1 220
21 3 -1 212
21 2 -1 -1
21 1 -1 -1
20 50 -1 -1
20 49 197 86
20 48 -1 268
20 47 -1 132
20 46 -1 258
20 45 -1 -1
20 44 -1 -1
20 43 -1 158
20 42 -1 154
20 41 -1 -1
20 40 -1 80
20 39 -1 -1
20 38 173 82
20 37 -1 200
20 36 -1 -1
20 35 -1 -1
20 34 -1 186
20 33 -1 154
20 32 -1 130
20 31 -1 -1
20 30 -1 -1
20 29 -1 230
20 28 -1 180
20 27 -1 258
20 26 -1 192
20 25 -1 232
20 24 -1 142
20 23 -1 132
20 22 144 86
20 21 171 68
20 19 -1 178
20 18 159 62
20 17 -1 112
20 16 -1 110
20 15 -1 -1
20 14 -1 -1
20 13 -1 -1
20 12 -1 -1
20 11 -1 -1
20 10 -1 -1
20 9 150 60
20 8 -1 156
20 7 -1 -1
20 6 -1 -1
20 5 -1 198
20 4 -1 236
20 3 -1 242
20 2 -1 240
20 1 -1 -1
19 50 -1 -1
19 49 -1 160
19 48 -1 178
19 47 158 62
19 46 378 202
19 45 -1 -1
19 44 -1 -1
19 43 167 106
19 42 -1 -1
19 41 -1 -1
19 40 -1 132
19 39 -1 -1
19 38 -1 192
19 37 -1 218
19 36 -1 -1
19 35 -1 -1
19 34 -1 -1
19 33 -1 -1
19 32 -1 190
19 31 -1 198
19 30 -1 230
19 29 -1 232
19 28 -1 -1
19 27 -1 -1
19 26 -1 230
19 25 -1 270
19 24 187 84
19 23 -1 202
19 22 -1 120
19 21 -1 106
19 20 -1 188
19 18 -1 102
19 17 -1 84
19 16 150 76
19 15 -1 -1
19 14 -1 -1
19 13 -1 -1
19 12 625 -1
19 11 -1 -1
19 10 -1 -1
19 9 -1 210
19 8 261 132
19 7 -1 -1
19 6 -1 -1
19 5 -1 210
19 4 -1 -1
19 3 -1 -1
19 2 -1 -1
19 1 -1 238
18 50 -1 -1
18 49 -1 110
18 48 -1 208
18 47 -1 64
18 46 -1 248
18 45 -1 -1
18 44 -1 -1
18 43 -1 142
18 42 -1 -1
18 41 -1 -1
18 40 61 36
18 39 -1 -1
18 38 -1 114
18 37 -1 240
18 36 -1 -1
18 35 -1 -1
18 34 -1 -1
18 33 -1 256
18 32 -1 184
18 31 -1 250
18 30 -1 234
18 29 -1 224
18 28 -1 188
18 27 -1 -1
18 26 -1 218
18 25 -1 208
18 24 -1 74
18 23 -1 162
18 22 95 46
18 21 50 28
18 20 137 82
18 19 -1 126
18 17 -1 66
18 16 76 36
18 15 -1 -1
18 14 -1 -1
18 13 -1 -1
18 12 -1 -1
18 11 -1 -1
18 10 -1 -1
18 9 -1 136
18 8 -1 98
18 7 -1 -1
18 6 -1 -1
18 5 -1 156
18 4 -1 258
18 3 -1 238
18 2 -1 244
18 1 -1 -1
17 50 -1 -1
17 49 167 78
17 48 -1 146
17 47 30 12
17 46 -1 172
17 45 -1 -1
17 44 -1 -1
17 43 147 80
17 42 -1 -1
17 41 -1 -1
17 40 -1 116
17 39 -1 236
17 38 -1 132
17 37 -1 222
17 36 -1 -1
17 35 -1 -1
17 34 -1 -1
17 33 -1 218
17 32 195 102
17 31 -1 224
17 30 -1 254
17 29 -1 136
17 28 -1 214
17 27 -1 -1
17 26 -1 136
17 25 -1 210
17 24 -1 136
17 23 -1 126
17 22 -1 108
17 21 78 50
17 20 -1 132
17 19 -1 80
17 18 -1 76
17 16 -1 44
17 15 -1 -1
17 14 -1 -1
17 13 -1 -1
17 12 -1 -1
17 11 -1 -1
17 10 -1 -1
17 9 -1 162
17 8 -1 132
17 7 -1 -1
17 6 -1 -1
17 5 -1 126
17 4 -1 -1
17 3 -1 202
17 2 -1 256
17 1 -1 202
16 50 -1 -1
16 49 -1 86
16 48 -1 242
16 47 62 26
16 46 -1 204
16 45 -1 -1
16 44 -1 -1
16 43 -1 122
16 42 -1 -1
16 41 -1 -1
16 40 109 66
16 39 -1 -1
16 38 -1 154
16 37 -1 208
16 36 -1 -1
16 35 -1 -1
16 34 -1 -1
16 33 -1 228
16 32 -1 152
16 31 -1 214
16 30 -1 -1
16 29 -1 154
16 28 -1 244
16 27 -1 -1
16 26 -1 154
16 25 -1 182
16 24 144 68
16 23 -1 122
16 22 -1 72
16 21 76 32
16 20 -1 98
16 19 174 74
16 18 76 46
16 17 -1 48
16 15 -1 -1
16 14 -1 -1
16 13 -1 -1
16 12 -1 -1
16 11 -1 -1
16 10 -1 -1
16 9 -1 194
16 8 -1 90
16 7 -1 -1
16 6 -1 -1
16 5 -1 146
16 4 -1 -1
16 3 -1 248
16 2 -1 242
16 1 -1 -1
15 50 -1 230
15 49 -1 -1
15 48 -1 -1
15 47 -1 -1
15 46 -1 -1
15 45 -1 158
15 44 -1 66
15 43 -1 -1
15 42 -1 224
15 41 292 142
15 40 -1 -1
15 39 -1 154
15 38 -1 258
15 37 -1 158
15 36 46 18
15 35 64 32
15 34 -1 254
15 33 -1 210
15 32 -1 204
15 31 -1 240
15 30 -1 178
15 29 -1 244
15 28 -1 -1
15 27 -1 134
15 26 -1 -1
15 25 -1 190
15 24 -1 -1
15 23 -1 232
15 22 -1 -1
15 21 -1 -1
15 20 -1 -1
15 19 -1 -1
15 18 -1 -1
15 17 -1 -1
15 16 -1 -1
15 14 -1 208
15 13 96 42
15 12 -1 -1
15 11 -1 216
15 10 -1 180
15 9 -1 266
15 8 -1 -1
15 7 -1 -1
15 6 -1 224
15 5 -1 228
15 4 -1 230
15 3 -1 122
15 2 -1 178
15 1 -1 -1
14 50 180 106
14 49 -1 -1
14 48 -1 172
14 47 -1 -1
14 46 -1 260
14 45 -1 104
14 44 -1 238
14 43 -1 -1
14 42 -1 -1
14 41 166 108
14 40 -1 -1
14 39 194 84
14 38 -1 -1
14 37 -1 212
14 36 -1 218
14 35 -1 192
14 34 -1 -1
14 33 -1 -1
14 32 -1 -1
14 31 -1 178
14 30 -1 118
14 29 -1 188
14 28 -1 -1
14 27 -1 -1
14 26 -1 210
14 25 -1 186
14 24 -1 -1
14 23 -1 248
14 22 -1 -1
14 21 -1 -1
14 20 -1 -1
14 19 -1 -1
14 18 -1 -1
14 17 -1 -1
14 16 -1 -1
14 15 -1 238
14 13 -1 254
14 12 -1 262
14 11 49 24
14 10 -1 122
14 9 -1 -1
14 8 -1 -1
14 7 206 102
14 6 -1 -1
14 5 -1 186
14 4 -1 -1
14 3 -1 200
14 2 -1 -1
14 1 -1 254
13 50 -1 -1
13 49 -1 -1
13 48 -1 -1
13 47 -1 -1
13 46 -1 -1
13 45 -1 162
13 44 56 26
13 43 -1 -1
13 42 -1 -1
13 41 242 120
13 40 -1 -1
13 39 -1 210
13 38 -1 -1
13 37 -1 204
13 36 -1 66
13 35 166 70
13 34 -1 222
13 33 -1 204
13 32 -1 -1
13 31 -1 240
13 30 -1 224
13 29 -1 236
13 28 -1 -1
13 27 295 204
13 26 -1 -1
13 25 -1 216
13 24 -1 -1
13 23 -1 256
13 22 -1 -1
13 21 -1 -1
13 20 -1 -1
13 19 -1 -1
13 18 -1 -1
13 17 -1 -1
13 16 -1 -1
13 15 91 38
13 14 -1 184
13 12 -1 -1
13 11 -1 230
13 10 -1 204
13 9 -1 -1
13 8 -1 -1
13 7 -1 -1
13 6 -1 256
13 5 -1 248
13 4 -1 -1
13 3 -1 190
13 2 -1 208
13 1 -1 -1
12 50 -1 170
12 49 -1 -1
12 48 -1 228
12 47 -1 -1
12 46 226 128
12 45 -1 -1
12 44 -1 -1
12 43 -1 250
12 42 -1 -1
12 41 -1 -1
12 40 -1 -1
12 39 -1 260
12 38 -1 -1
12 37 -1 232
12 36 -1 -1
12 35 -1 -1
12 34 -1 -1
12 33 -1 -1
12 32 -1 -1
12 31 -1 196
12 30 -1 264
12 29 -1 -1
12 28 -1 -1
12 27 -1 -1
12 26 -1 -1
12 25 -1 -1
12 24 -1 -1
12 23 -1 -1
12 22 -1 -1
12 21 -1 -1
12 20 -1 -1
12 19 623 256
12 18 -1 -1
12 17 -1 -1
12 16 -1 -1
12 15 -1 -1
12 14 -1 200
12 13 -1 -1
12 11 -1 238
12 10 625 -1
12 9 -1 -1
12 8 -1 -1
12 7 218 136
12 6 -1 -1
12 5 -1 236
12 4 -1 -1
12 3 -1 -1
12 2 -1 -1
12 1 141 90
11 50 -1 124
11 49 -1 -1
11 48 -1 214
11 47 -1 -1
11 46 -1 -1
11 45 183 88
11 44 -1 206
11 43 -1 -1
11 42 -1 -1
11 41 161 70
11 40 -1 -1
11 39 -1 116
11 38 -1 -1
11 37 -1 214
11 36 -1 168
11 35 -1 180
11 34 -1 -1
11 33 -1 -1
11 32 -1 244
11 31 -1 174
11 30 -1 150
11 29 -1 262
11 28 -1 -1
11 27 -1 -1
11 26 -1 258
11 25 -1 246
11 24 -1 -1
11 23 -1 268
11 22 -1 -1
11 21 -1 -1
11 20 -1 -1
11 19 -1 -1
11 18 -1 -1
11 17 -1 -1
11 16 -1 -1
11 15 -1 226
11 14 43 20
11 13 -1 246
11 12 -1 218
11 10 142 88
11 9 -1 -1
11 8 -1 -1
11 7 225 126
11 6 -1 -1
11 5 -1 232
11 4 -1 -1
11 3 -1 244
11 2 -1 -1
11 1 -1 198
10 50 -1 224
10 49 -1 -1
10 48 -1 -1
10 47 -1 -1
10 46 -1 -1
10 45 35 16
10 44 359 188
10 43 -1 -1
10 42 -1 -1
10 41 -1 60
10 40 -1 -1
10 39 -1 188
10 38 -1 -1
10 37 -1 274
10 36 -1 222
10 35 -1 190
10 34 -1 -1
10 33 -1 -1
10 32 -1 -1
10 31 -1 -1
10 30 -1 168
10 29 -1 226
10 28 -1 -1
10 27 -1 -1
10 26 -1 -1
10 25 -1 -1
10 24 -1 -1
10 23 -1 -1
10 22 -1 -1
10 21 -1 -1
10 20 -1 -1
10 19 -1 -1
10 18 -1 -1
10 17 -1 -1
10 16 -1 -1
10 15 -1 220
10 14 -1 90
10 13 -1 204
10 12 740 -1
10 11 178 86
10 9 -1 -1
10 8 -1 -1
10 7 469 186
10 6 -1 -1
10 5 -1 270
10 4 -1 -1
10 3 -1 204
10 2 -1 -1
10 1 -1 -1
9 50 -1 -1
9 49 -1 170
9 48 -1 258
9 47 -1 218
9 46 -1 -1
9 45 -1 -1
9 44 -1 -1
9 43 -1 268
9 42 214 122
9 41 -1 -1
9 40 -1 170
9 39 -1 -1
9 38 163 76
9 37 -1 -1
9 36 -1 -1
9 35 -1 -1
9 34 -1 154
9 33 -1 148
9 32 -1 208
9 31 -1 -1
9 30 -1 -1
9 29 -1 -1
9 28 183 112
9 27 -1 174
9 26 -1 192
9 25 -1 -1
9 24 -1 216
9 23 -1 166
9 22 323 120
9 21 -1 176
9 20 167 76
9 19 -1 224
9 18 -1 152
9 17 -1 222
9 16 -1 156
9 15 -1 -1
9 14 -1 -1
9 13 -1 -1
9 12 -1 -1
9 11 -1 -1
9 10 -1 -1
9 8 342 176
9 7 -1 -1
9 6 -1 228
9 5 -1 252
9 4 -1 124
9 3 -1 264
9 2 -1 194
9 1 -1 -1
8 50 -1 -1
8 49 -1 166
8 48 -1 -1
8 47 -1 118
8 46 -1 -1
8 45 -1 -1
8 44 -1 -1
8 43 -1 184
8 42 -1 -1
8 41 -1 -1
8 40 125 54
8 39 -1 -1
8 38 -1 248
8 37 -1 -1
8 36 -1 -1
8 35 -1 -1
8 34 -1 -1
8 33 -1 254
8 32 -1 198
8 31 -1 -1
8 30 -1 -1
8 29 -1 -1
8 28 -1 -1
8 27 -1 -1
8 26 -1 238
8 25 -1 -1
8 24 55 28
8 23 -1 260
8 22 119 60
8 21 -1 130
8 20 -1 154
8 19 284 116
8 18 -1 86
8 17 -1 160
8 16 -1 116
8 15 -1 -1
8 14 -1 -1
8 13 -1 -1
8 12 -1 -1
8 11 -1 -1
8 10 -1 -1
8 9 331 246
8 7 -1 -1
8 6 -1 -1
8 5 -1 246
8 4 -1 -1
8 3 -1 -1
8 2 -1 -1
8 1 -1 -1
7 50 88 48
7 49 -1 -1
7 48 -1 164
7 47 -1 -1
7 46 -1 182
7 45 -1 220
7 44 -1 -1
7 43 -1 270
7 42 -1 -1
7 41 -1 176
7 40 -1 -1
7 39 -1 132
7 38 -1 -1
7 37 -1 176
7 36 -1 -1
7 35 -1 -1
7 34 -1 -1
7 33 -1 -1
7 32 -1 268
7 31 -1 126
7 30 -1 174
7 29 -1 166
7 28 -1 -1
7 27 -1 -1
7 26 -1 226
7 25 -1 236
7 24 -1 -1
7 23 -1 -1
7 22 -1 -1
7 21 -1 -1
7 20 -1 -1
7 19 -1 -1
7 18 -1 -1
7 17 -1 -1
7 16 -1 -1
7 15 -1 -1
7 14 209 92
7 13 -1 -1
7 12 305 108
7 11 214 126
7 10 478 184
7 9 -1 -1
7 8 -1 -1
7 6 -1 -1
7 5 -1 190
7 4 -1 -1
7 3 -1 220
7 2 -1 -1
7 1 274 126
6 50 -1 -1
6 49 -1 272
6 48 -1 -1
6 47 -1 -1
6 46 -1 -1
6 45 -1 -1
6 44 537 -1
6 43 -1 -1
6 42 245 142
6 41 -1 -1
6 40 -1 -1
6 39 -1 -1
6 38 -1 -1
6 37 -1 -1
6 36 -1 246
6 35 -1 182
6 34 209 112
6 33 -1 170
6 32 -1 -1
6 31 -1 -1
6 30 -1 -1
6 29 -1 -1
6 28 -1 156
6 27 257 156
6 26 -1 -1
6 25 -1 -1
6 24 -1 -1
6 23 -1 -1
6 22 -1 -1
6 21 -1 -1
6 20 -1 252
6 19 -1 -1
6 18 -1 -1
6 17 -1 -1
6 16 -1 -1
6 15 -1 214
6 14 -1 -1
6 13 -1 246
6 12 -1 -1
6 11 -1 -1
6 10 -1 -1
6 9 -1 -1
6 8 -1 -1
6 7 -1 -1
6 5 -1 -1
6 4 -1 102
6 3 -1 -1
6 2 -1 168
6 1 -1 -1
5 50 -1 198
5 49 -1 88
5 48 -1 80
5 47 -1 136
5 46 -1 148
5 45 -1 234
5 44 -1 248
5 43 -1 98
5 42 -1 -1
5 41 -1 274
5 40 -1 244
5 39 -1 148
5 38 -1 118
5 37 -1 74
5 36 -1 172
5 35 -1 214
5 34 -1 250
5 33 -1 140
5 32 62 38
5 31 -1 112
5 30 -1 102
5 29 51 26
5 28 -1 240
5 27 -1 178
5 26 21 14
5 25 122 60
5 24 -1 274
5 23 -1 72
5 22 -1 218
5 21 -1 152
5 20 -1 212
5 19 -1 232
5 18 -1 156
5 17 -1 108
5 16 -1 180
5 15 -1 238
5 14 -1 248
5 13 -1 260
5 12 -1 -1
5 11 -1 226
5 10 -1 -1
5 9 -1 252
5 8 -1 -1
5 7 -1 234
5 6 -1 -1
5 4 -1 238
5 3 -1 96
5 2 -1 184
5 1 -1 194
4 50 -1 -1
4 49 -1 254
4 48 -1 -1
4 47 -1 -1
4 46 -1 -1
4 45 -1 -1
4 44 -1 -1
4 43 -1 -1
4 42 115 44
4 41 -1 -1
4 40 -1 232
4 39 -1 -1
4 38 -1 130
4 37 -1 238
4 36 -1 262
4 35 -1 166
4 34 25 14
4 33 -1 112
4 32 -1 260
4 31 -1 -1
4 30 -1 -1
4 29 -1 270
4 28 94 56
4 27 -1 66
4 26 -1 236
4 25 -1 242
4 24 -1 -1
4 23 -1 186
4 22 -1 264
4 21 -1 222
4 20 -1 204
4 19 -1 -1
4 18 -1 226
4 17 -1 262
4 16 -1 -1
4 15 -1 222
4 14 -1 -1
4 13 -1 -1
4 12 -1 -1
4 11 -1 -1
4 10 -1 -1
4 9 -1 126
4 8 -1 -1
4 7 -1 -1
4 6 -1 112
4 5 -1 264
4 3 -1 216
4 2 114 70
4 1 -1 -1
3 50 -1 208
3 49 -1 158
3 48 -1 130
3 47 -1 214
3 46 -1 -1
3 45 -1 218
3 44 -1 224
3 43 -1 186
3 42 -1 -1
3 41 -1 158
3 40 -1 -1
3 39 214 138
3 38 -1 180
3 37 77 42
3 36 205 98
3 35 217 94
3 34 -1 232
3 33 262 134
3 32 -1 116
3 31 -1 148
3 30 163 82
3 29 -1 74
3 28 -1 198
3 27 -1 132
3 26 -1 120
3 25 88 46
3 24 -1 -1
3 23 236 108
3 22 -1 -1
3 21 -1 184
3 20 -1 234
3 19 -1 -1
3 18 -1 260
3 17 -1 188
3 16 -1 262
3 15 -1 122
3 14 -1 166
3 13 -1 164
3 12 -1 -1
3 11 -1 236
3 10 -1 252
3 9 -1 216
3 8 -1 -1
3 7 -1 228
3 6 -1 -1
3 5 -1 106
3 4 -1 242
3 2 -1 170
3 1 -1 234
2 50 -1 -1
2 49 -1 160
2 48 -1 -1
2 47 -1 -1
2 46 -1 -1
2 45 -1 -1
2 44 -1 230
2 43 -1 264
2 42 -1 116
2 41 -1 -1
2 40 -1 254
2 39 -1 236
2 38 -1 134
2 37 -1 172
2 36 -1 142
2 35 -1 142
2 34 150 80
2 33 104 58
2 32 -1 166
2 31 -1 -1
2 30 -1 190
2 29 -1 182
2 28 188 88
2 27 39 20
2 26 -1 214
2 25 -1 202
2 24 -1 -1
2 23 -1 170
2 22 -1 -1
2 21 -1 204
2 20 -1 214
2 19 -1 -1
2 18 -1 216
2 17 -1 -1
2 16 -1 224
2 15 -1 158
2 14 -1 -1
2 13 -1 172
2 12 -1 -1
2 11 -1 -1
2 10 -1 -1
2 9 -1 164
2 8 -1 -1
2 7 -1 -1
2 6 -1 164
2 5 -1 230
2 4 138 74
2 3 -1 140
2 1 -1 -1
1 50 234 142
1 49 -1 256
1 48 -1 152
1 47 -1 266
1 46 108 66
1 45 -1 256
1 44 -1 -1
1 43 -1 164
1 42 -1 -1
1 41 -1 -1
1 40 -1 -1
1 39 -1 196
1 38 -1 -1
1 37 -1 228
1 36 -1 -1
1 35 -1 -1
1 34 -1 -1
1 33 -1 -1
1 32 -1 182
1 31 201 98
1 30 -1 222
1 29 -1 156
1 28 -1 -1
1 27 -1 -1
1 26 -1 172
1 25 -1 224
1 24 -1 -1
1 23 -1 268
1 22 -1 -1
1 21 -1 238
1 20 -1 -1
1 19 -1 -1
1 18 -1 -1
1 17 -1 202
1 16 -1 226
1 15 -1 -1
1 14 -1 218
1 13 -1 -1
1 12 152 72
1 11 -1 266
1 10 -1 -1
1 9 -1 -1
1 8 -1 -1
1 7 208 98
1 6 -1 -1
1 5 -1 192
1 4 -1 -1
1 3 -1 -1
1 2 -1 -1
