nnodes narcs source target type
10 90 6 4 drone_routing_pli_project2
nodename posx posy
10 988.428 255.41
9 63.8778 498.188
8 63.9737 907.1
7 932.623 672.055
6 161.535 12.5789
5 503.683 608.631
4 178.38 233.77
3 541.861 433.702
2 311.708 267.028
1 783.235 863.673
tail head car_cost drone_cost
10 9 -1 -1
10 8 -1 -1
10 7 497 744
10 6 1010 -1
10 5 -1 -1
10 4 -1 -1
10 3 465 854
10 2 796 -1
10 1 -1 -1
9 10 -1 -1
9 8 436 906
9 7 -1 -1
9 6 487 840
9 5 382 -1
9 4 303 662
9 3 -1 884
9 2 399 564
9 1 -1 -1
8 10 -1 -1
8 9 461 926
8 7 -1 -1
8 6 -1 -1
8 5 476 -1
8 4 -1 -1
8 3 -1 -1
8 2 -1 -1
8 1 628 -1
7 10 389 886
7 9 -1 -1
7 8 -1 -1
7 6 -1 -1
7 5 481 910
7 4 -1 -1
7 3 398 876
7 2 -1 -1
7 1 271 546
6 10 793 -1
6 9 422 878
6 8 -1 -1
6 7 -1 -1
6 5 -1 -1
6 4 234 410
6 3 -1 -1
6 2 348 688
6 1 -1 -1
5 10 -1 -1
5 9 466 -1
5 8 592 902
5 7 477 -1
5 6 -1 -1
5 4 -1 -1
5 3 150 372
5 2 369 876
5 1 337 898
4 10 -1 -1
4 9 294 478
4 8 -1 -1
4 7 -1 -1
4 6 258 524
4 5 -1 -1
4 3 -1 680
4 2 116 230
4 1 -1 -1
3 10 483 818
3 9 -1 804
3 8 -1 -1
3 7 461 766
3 6 -1 -1
3 5 167 364
3 4 -1 864
3 2 299 624
3 1 -1 -1
2 10 576 -1
2 9 362 566
2 8 -1 -1
2 7 -1 -1
2 6 302 694
2 5 364 916
2 4 143 316
2 3 254 580
2 1 -1 -1
1 10 -1 -1
1 9 -1 -1
1 8 773 -1
1 7 245 534
1 6 -1 -1
1 5 408 734
1 4 -1 -1
1 3 -1 -1
1 2 -1 -1
