nnodes narcs source target type
30 870 10 16 drone_routing_pli_project2
nodename posx posy
30 664.867 511.938
29 552.795 600.871
28 127.261 319.624
27 330.428 230.363
26 515.31 629.498
25 549.054 509.701
24 109.646 897.715
23 352.918 567.454
22 82.5088 782.54
21 221.073 749.126
20 126.436 630.602
19 299.118 944.346
18 168.46 771.005
17 308.456 780.927
16 236.793 813.963
15 627.672 177.248
14 937.804 455.239
13 660.822 102.847
12 929.278 938.523
11 954.526 412.785
10 988.428 255.41
9 63.8778 498.188
8 63.9737 907.1
7 932.623 672.055
6 161.535 12.5789
5 503.683 608.631
4 178.38 233.77
3 541.861 433.702
2 311.708 267.028
1 783.235 863.673
tail head car_cost drone_cost
30 29 133 234
30 28 -1 -1
30 27 -1 890
30 26 -1 318
30 25 110 188
30 24 -1 -1
30 23 -1 684
30 22 -1 -1
30 21 -1 -1
30 20 -1 -1
30 19 -1 -1
30 18 -1 1002
30 17 -1 756
30 16 -1 -1
30 15 296 622
30 14 301 544
30 13 -1 854
30 12 -1 1052
30 11 298 632
30 10 -1 752
30 9 -1 -1
30 8 -1 -1
30 7 335 546
30 6 -1 -1
30 5 -1 344
30 4 -1 1044
30 3 129 310
30 2 -1 954
30 1 388 890
29 30 147 258
29 28 -1 946
29 27 -1 930
29 26 50 104
29 25 81 192
29 24 -1 904
29 23 -1 386
29 22 -1 -1
29 21 -1 860
29 20 -1 868
29 19 -1 1004
29 18 -1 686
29 17 -1 658
29 16 -1 672
29 15 -1 986
29 14 -1 962
29 13 -1 -1
29 12 -1 -1
29 11 -1 726
29 10 -1 -1
29 9 -1 -1
29 8 -1 -1
29 7 -1 806
29 6 -1 -1
29 5 52 102
29 4 -1 954
29 3 -1 334
29 2 -1 842
29 1 310 618
28 30 -1 -1
28 29 -1 978
28 27 -1 462
28 26 -1 866
28 25 -1 868
28 24 -1 -1
28 23 372 628
28 22 -1 1018
28 21 -1 800
28 20 -1 746
28 19 -1 -1
28 18 -1 756
28 17 -1 1046
28 16 -1 -1
28 15 -1 -1
28 14 -1 -1
28 13 -1 -1
28 12 -1 -1
28 11 -1 -1
28 10 -1 -1
28 9 191 432
28 8 -1 -1
28 7 -1 -1
28 6 278 662
28 5 -1 902
28 4 101 198
28 3 -1 792
28 2 191 434
28 1 -1 -1
27 30 -1 758
27 29 -1 966
27 28 -1 370
27 26 -1 802
27 25 -1 582
27 24 -1 -1
27 23 -1 578
27 22 -1 1046
27 21 -1 -1
27 20 -1 790
27 19 -1 -1
27 18 -1 1052
27 17 -1 950
27 16 -1 -1
27 15 256 586
27 14 -1 -1
27 13 397 782
27 12 -1 -1
27 11 -1 -1
27 10 -1 -1
27 9 -1 858
27 8 -1 -1
27 7 -1 -1
27 6 230 532
27 5 -1 990
27 4 138 360
27 3 337 606
27 2 38 78
27 1 -1 -1
26 30 -1 434
26 29 47 78
26 28 -1 954
26 27 -1 1006
26 25 -1 282
26 24 -1 1010
26 23 144 324
26 22 -1 850
26 21 -1 666
26 20 -1 786
26 19 -1 854
26 18 -1 646
26 17 275 434
26 16 -1 554
26 15 -1 772
26 14 -1 1002
26 13 -1 1026
26 12 -1 -1
26 11 -1 912
26 10 -1 -1
26 9 -1 838
26 8 -1 1050
26 7 -1 964
26 6 -1 -1
26 5 29 50
26 4 -1 970
26 3 -1 388
26 2 -1 944
26 1 403 696
25 30 105 232
25 29 98 170
25 28 -1 790
25 27 -1 648
25 26 -1 244
25 24 -1 -1
25 23 230 410
25 22 -1 906
25 21 -1 872
25 20 -1 798
25 19 -1 970
25 18 -1 766
25 17 -1 610
25 16 -1 810
25 15 -1 642
25 14 -1 814
25 13 -1 902
25 12 -1 -1
25 11 -1 750
25 10 -1 960
25 9 -1 -1
25 8 -1 -1
25 7 -1 946
25 6 -1 -1
25 5 128 230
25 4 -1 1014
25 3 71 166
25 2 -1 566
25 1 -1 920
24 30 -1 -1
24 29 -1 -1
24 28 -1 -1
24 27 -1 -1
24 26 -1 872
24 25 -1 -1
24 23 -1 822
24 22 126 258
24 21 -1 376
24 20 -1 508
24 19 206 440
24 18 129 226
24 17 -1 406
24 16 162 296
24 15 -1 -1
24 14 -1 -1
24 13 -1 -1
24 12 -1 -1
24 11 -1 -1
24 10 -1 -1
24 9 -1 754
24 8 54 82
24 7 -1 -1
24 6 -1 -1
24 5 -1 -1
24 4 -1 -1
24 3 -1 -1
24 2 -1 -1
24 1 -1 -1
23 30 -1 684
23 29 -1 408
23 28 350 636
23 27 -1 598
23 26 167 384
23 25 215 476
23 24 -1 934
23 22 -1 800
23 21 199 404
23 20 219 410
23 19 -1 810
23 18 -1 608
23 17 245 490
23 16 -1 448
23 15 -1 866
23 14 -1 -1
23 13 -1 -1
23 12 -1 -1
23 11 -1 -1
23 10 -1 -1
23 9 309 530
23 8 -1 1048
23 7 -1 -1
23 6 -1 968
23 5 143 290
23 4 -1 850
23 3 202 550
23 2 321 566
23 1 -1 -1
22 30 -1 -1
22 29 -1 1048
22 28 -1 868
22 27 -1 -1
22 26 -1 1038
22 25 -1 -1
22 24 110 214
22 23 -1 804
22 21 -1 342
22 20 136 344
22 19 -1 514
22 18 74 206
22 17 -1 534
22 16 -1 358
22 15 -1 -1
22 14 -1 -1
22 13 -1 -1
22 12 -1 -1
22 11 -1 -1
22 10 -1 -1
22 9 332 572
22 8 130 252
22 7 -1 -1
22 6 -1 -1
22 5 -1 962
22 4 -1 -1
22 3 -1 -1
22 2 -1 -1
22 1 -1 -1
21 30 -1 904
21 29 -1 844
21 28 -1 852
21 27 -1 1034
21 26 -1 632
21 25 -1 728
21 24 -1 342
21 23 231 458
21 22 -1 256
21 20 176 276
21 19 -1 416
21 18 47 126
21 17 92 176
21 16 57 132
21 15 -1 -1
21 14 -1 -1
21 13 -1 -1
21 12 -1 -1
21 11 -1 -1
21 10 -1 -1
21 9 -1 620
21 8 -1 378
21 7 -1 -1
21 6 -1 -1
21 5 -1 740
21 4 -1 -1
21 3 -1 724
21 2 -1 -1
21 1 -1 982
20 30 -1 -1
20 29 -1 836
20 28 -1 606
20 27 -1 960
20 26 -1 780
20 25 -1 920
20 24 -1 470
20 23 244 424
20 22 188 354
20 21 182 290
20 19 -1 688
20 18 152 272
20 17 -1 472
20 16 -1 482
20 15 -1 -1
20 14 -1 -1
20 13 -1 -1
20 12 -1 -1
20 11 -1 -1
20 10 -1 -1
20 9 164 248
20 8 -1 588
20 7 -1 -1
20 6 -1 1014
20 5 -1 782
20 4 -1 924
20 3 -1 -1
20 2 -1 792
20 1 -1 -1
19 30 -1 -1
19 29 -1 1018
19 28 -1 -1
19 27 -1 -1
19 26 -1 836
19 25 -1 854
19 24 212 318
19 23 -1 648
19 22 -1 602
19 21 -1 420
19 20 -1 794
19 18 -1 488
19 17 132 326
19 16 171 312
19 15 -1 -1
19 14 -1 -1
19 13 -1 -1
19 12 612 -1
19 11 -1 -1
19 10 -1 -1
19 9 -1 -1
19 8 283 508
19 7 -1 -1
19 6 -1 -1
19 5 -1 838
19 4 -1 -1
19 3 -1 960
19 2 -1 -1
19 1 407 -1
18 30 -1 -1
18 29 -1 880
18 28 -1 956
18 27 -1 -1
18 26 -1 816
18 25 -1 970
18 24 116 260
18 23 -1 576
18 22 74 144
18 21 47 120
18 20 125 308
18 19 -1 494
18 17 -1 274
18 16 86 178
18 15 -1 -1
18 14 -1 -1
18 13 -1 -1
18 12 -1 -1
18 11 -1 -1
18 10 -1 -1
18 9 -1 652
18 8 -1 282
18 7 -1 -1
18 6 -1 -1
18 5 -1 730
18 4 -1 -1
18 3 -1 884
18 2 -1 -1
18 1 -1 -1
17 30 -1 990
17 29 -1 614
17 28 -1 972
17 27 -1 898
17 26 259 436
17 25 -1 724
17 24 -1 486
17 23 183 388
17 22 -1 506
17 21 95 154
17 20 -1 550
17 19 170 266
17 18 -1 270
17 16 83 134
17 15 -1 -1
17 14 -1 -1
17 13 -1 -1
17 12 -1 -1
17 11 -1 -1
17 10 -1 -1
17 9 -1 618
17 8 -1 576
17 7 -1 -1
17 6 -1 -1
17 5 -1 622
17 4 -1 932
17 3 -1 792
17 2 -1 942
17 1 401 858
16 30 -1 -1
16 29 -1 806
16 28 -1 -1
16 27 -1 -1
16 26 -1 662
16 25 -1 818
16 24 148 296
16 23 -1 444
16 22 -1 262
16 21 74 152
16 20 -1 368
16 19 174 266
16 18 68 174
16 17 87 186
16 15 -1 -1
16 14 -1 -1
16 13 -1 -1
16 12 -1 -1
16 11 -1 -1
16 10 -1 -1
16 9 -1 670
16 8 -1 388
16 7 -1 -1
16 6 -1 -1
16 5 -1 656
16 4 -1 -1
16 3 -1 1012
16 2 -1 972
16 1 -1 992
15 30 394 806
15 29 -1 954
15 28 -1 966
15 27 347 620
15 26 -1 920
15 25 -1 646
15 24 -1 -1
15 23 -1 942
15 22 -1 -1
15 21 -1 -1
15 20 -1 -1
15 19 -1 -1
15 18 -1 -1
15 17 -1 -1
15 16 -1 -1
15 14 -1 816
15 13 96 158
15 12 -1 -1
15 11 379 950
15 10 423 850
15 9 -1 -1
15 8 -1 -1
15 7 -1 1024
15 6 -1 820
15 5 -1 852
15 4 -1 962
15 3 276 486
15 2 -1 568
15 1 -1 -1
14 30 279 526
14 29 -1 884
14 28 -1 -1
14 27 -1 -1
14 26 -1 1000
14 25 -1 692
14 24 -1 -1
14 23 -1 -1
14 22 -1 -1
14 21 -1 -1
14 20 -1 -1
14 19 -1 -1
14 18 -1 -1
14 17 -1 -1
14 16 -1 -1
14 15 -1 738
14 13 -1 932
14 12 -1 960
14 11 43 104
14 10 -1 400
14 9 -1 -1
14 8 -1 -1
14 7 175 418
14 6 -1 -1
14 5 -1 980
14 4 -1 -1
14 3 -1 946
14 2 -1 -1
14 1 -1 836
13 30 -1 702
13 29 -1 -1
13 28 -1 970
13 27 297 758
13 26 -1 -1
13 25 -1 780
13 24 -1 -1
13 23 -1 -1
13 22 -1 -1
13 21 -1 -1
13 20 -1 -1
13 19 -1 -1
13 18 -1 -1
13 17 -1 -1
13 16 -1 -1
13 15 68 146
13 14 -1 926
13 12 -1 -1
13 11 -1 944
13 10 372 626
13 9 -1 -1
13 8 -1 -1
13 7 -1 -1
13 6 556 1004
13 5 -1 856
13 4 -1 806
13 3 -1 776
13 2 -1 906
13 1 -1 -1
12 30 -1 946
12 29 -1 892
12 28 -1 -1
12 27 -1 -1
12 26 -1 -1
12 25 -1 976
12 24 -1 -1
12 23 -1 -1
12 22 -1 -1
12 21 -1 -1
12 20 -1 -1
12 19 661 1050
12 18 -1 -1
12 17 -1 -1
12 16 -1 -1
12 15 -1 -1
12 14 -1 -1
12 13 -1 -1
12 11 -1 926
12 10 664 -1
12 9 -1 -1
12 8 -1 -1
12 7 216 554
12 6 -1 -1
12 5 -1 -1
12 4 -1 -1
12 3 -1 -1
12 2 -1 -1
12 1 196 264
11 30 294 658
11 29 -1 846
11 28 -1 -1
11 27 -1 -1
11 26 -1 924
11 25 -1 698
11 24 -1 -1
11 23 -1 -1
11 22 -1 -1
11 21 -1 -1
11 20 -1 -1
11 19 -1 -1
11 18 -1 -1
11 17 -1 -1
11 16 -1 -1
11 15 344 900
11 14 43 100
11 13 -1 872
11 12 -1 848
11 10 167 296
11 9 -1 -1
11 8 -1 -1
11 7 302 438
11 6 -1 -1
11 5 -1 1006
11 4 -1 -1
11 3 -1 768
11 2 -1 -1
11 1 -1 990
10 30 -1 820
10 29 -1 -1
10 28 -1 -1
10 27 -1 -1
10 26 -1 968
10 25 -1 -1
10 24 -1 -1
10 23 -1 -1
10 22 -1 -1
10 21 -1 -1
10 20 -1 -1
10 19 -1 -1
10 18 -1 -1
10 17 -1 -1
10 16 -1 -1
10 15 330 752
10 14 -1 384
10 13 349 662
10 12 797 -1
10 11 157 276
10 9 -1 -1
10 8 -1 -1
10 7 418 690
10 6 -1 -1
10 5 -1 -1
10 4 -1 -1
10 3 -1 788
10 2 -1 -1
10 1 -1 -1
9 30 -1 -1
9 29 -1 -1
9 28 199 416
9 27 -1 632
9 26 -1 -1
9 25 -1 -1
9 24 -1 786
9 23 271 512
9 22 237 596
9 21 -1 706
9 20 132 324
9 19 -1 872
9 18 -1 640
9 17 -1 676
9 16 -1 598
9 15 -1 -1
9 14 -1 -1
9 13 -1 -1
9 12 -1 -1
9 11 -1 -1
9 10 -1 -1
9 8 475 800
9 7 -1 -1
9 6 548 -1
9 5 -1 998
9 4 -1 520
9 3 -1 940
9 2 -1 706
9 1 -1 -1
8 30 -1 -1
8 29 -1 -1
8 28 -1 -1
8 27 -1 -1
8 26 -1 1042
8 25 -1 -1
8 24 49 106
8 23 -1 798
8 22 126 238
8 21 -1 438
8 20 -1 596
8 19 279 424
8 18 -1 378
8 17 -1 458
8 16 -1 416
8 15 -1 -1
8 14 -1 -1
8 13 -1 -1
8 12 -1 -1
8 11 -1 -1
8 10 -1 -1
8 9 442 948
8 7 -1 -1
8 6 -1 -1
8 5 -1 -1
8 4 -1 -1
8 3 -1 -1
8 2 -1 -1
8 1 -1 -1
7 30 325 588
7 29 -1 680
7 28 -1 -1
7 27 -1 -1
7 26 -1 796
7 25 -1 864
7 24 -1 -1
7 23 -1 -1
7 22 -1 -1
7 21 -1 -1
7 20 -1 -1
7 19 -1 -1
7 18 -1 -1
7 17 -1 -1
7 16 -1 -1
7 15 -1 -1
7 14 210 356
7 13 -1 -1
7 12 228 526
7 11 233 614
7 10 488 940
7 9 -1 -1
7 8 -1 -1
7 6 -1 -1
7 5 -1 994
7 4 -1 -1
7 3 -1 954
7 2 -1 -1
7 1 199 520
6 30 -1 -1
6 29 -1 -1
6 28 263 516
6 27 270 602
6 26 -1 -1
6 25 -1 -1
6 24 -1 -1
6 23 -1 -1
6 22 -1 -1
6 21 -1 -1
6 20 -1 -1
6 19 -1 -1
6 18 -1 -1
6 17 -1 -1
6 16 -1 -1
6 15 -1 1048
6 14 -1 -1
6 13 440 1002
6 12 -1 -1
6 11 -1 -1
6 10 -1 -1
6 9 429 990
6 8 -1 -1
6 7 -1 -1
6 5 -1 -1
6 4 234 450
6 3 -1 1058
6 2 -1 496
6 1 -1 -1
5 30 -1 394
5 29 57 110
5 28 -1 1012
5 27 -1 700
5 26 22 48
5 25 115 250
5 24 -1 934
5 23 157 264
5 22 -1 1008
5 21 -1 660
5 20 -1 710
5 19 -1 638
5 18 -1 674
5 17 -1 490
5 16 -1 550
5 15 -1 1020
5 14 -1 -1
5 13 -1 -1
5 12 -1 -1
5 11 -1 896
5 10 -1 -1
5 9 -1 930
5 8 -1 -1
5 7 -1 842
5 6 -1 -1
5 4 -1 918
5 3 -1 358
5 2 -1 832
5 1 -1 744
4 30 -1 -1
4 29 -1 -1
4 28 114 220
4 27 145 358
4 26 -1 880
4 25 -1 970
4 24 -1 -1
4 23 -1 722
4 22 -1 1004
4 21 -1 -1
4 20 -1 784
4 19 -1 -1
4 18 -1 -1
4 17 -1 1040
4 16 -1 -1
4 15 -1 976
4 14 -1 -1
4 13 -1 -1
4 12 -1 -1
4 11 -1 -1
4 10 -1 -1
4 9 -1 620
4 8 -1 -1
4 7 -1 -1
4 6 260 376
4 5 -1 934
4 3 -1 990
4 2 131 306
4 1 -1 -1
3 30 120 272
3 29 -1 346
3 28 -1 728
3 27 321 514
3 26 -1 418
3 25 77 138
3 24 -1 -1
3 23 254 440
3 22 -1 -1
3 21 -1 906
3 20 -1 1010
3 19 -1 984
3 18 -1 -1
3 17 -1 804
3 16 -1 818
3 15 314 490
3 14 -1 674
3 13 -1 710
3 12 -1 1038
3 11 -1 900
3 10 -1 922
3 9 -1 816
3 8 -1 -1
3 7 -1 1022
3 6 -1 1016
3 5 -1 326
3 4 -1 932
3 2 285 592
3 1 -1 996
2 30 -1 936
2 29 -1 846
2 28 168 386
2 27 49 72
2 26 -1 670
2 25 -1 600
2 24 -1 -1
2 23 310 510
2 22 -1 -1
2 21 -1 986
2 20 -1 772
2 19 -1 -1
2 18 -1 844
2 17 -1 -1
2 16 -1 -1
2 15 -1 738
2 14 -1 -1
2 13 -1 748
2 12 -1 -1
2 11 -1 -1
2 10 -1 -1
2 9 -1 780
2 8 -1 -1
2 7 -1 -1
2 6 -1 628
2 5 -1 936
2 4 141 246
2 3 276 476
2 1 -1 -1
1 30 431 684
1 29 373 778
1 28 -1 -1
1 27 -1 -1
1 26 305 696
1 25 -1 750
1 24 -1 -1
1 23 -1 -1
1 22 -1 -1
1 21 -1 1026
1 20 -1 -1
1 19 426 988
1 18 -1 -1
1 17 509 924
1 16 -1 938
1 15 -1 -1
1 14 -1 1008
1 13 -1 -1
1 12 177 328
1 11 -1 808
1 10 -1 -1
1 9 -1 -1
1 8 -1 -1
1 7 214 510
1 6 -1 -1
1 5 -1 666
1 4 -1 -1
1 3 -1 912
1 2 -1 -1
