nnodes narcs source target type
50 2450 15 29 drone_routing_pli_project2
nodename posx posy
50 787.853 232.487
49 495.837 166.31
48 31.2712 326.957
47 486.474 543.821
46 881.918 651.403
45 486.633 703.48
44 42.5706 264.401
43 504.788 452.112
42 501.872 493.281
41 170.811 455.757
40 135.784 413.903
39 53.8838 419.17
38 36.3018 301.909
37 95.1354 480.862
36 124.553 637.224
35 965.165 487.856
34 149.719 960.906
33 380.069 14.2555
32 864.217 155.977
31 770.459 694.387
30 27.6361 138.377
29 591.696 265.061
28 2.20799 197.019
27 557.628 997.166
26 433.149 368.76
25 163.674 273.388
24 777.064 939.94
23 699.359 499.908
22 966.475 955.418
21 118.319 373.219
20 41.187 122.557
19 390.299 541.058
18 197.212 714.46
17 481.455 665.364
16 7.69238 606.643
15 745.059 816.21
14 961.165 885.922
13 24.9005 484.107
12 390.627 121.135
11 120.76 513.731
10 79.3911 312.879
9 803.492 138.988
8 620.534 283.871
7 332.658 476
6 66.6987 232.196
5 380.276 229.809
4 673.776 855.438
3 530.047 649.67
2 50.1539 732.548
1 654.037 568.264
tail head car_cost drone_cost
50 49 -1 156
50 48 -1 -1
50 47 -1 236
50 46 -1 202
50 45 -1 -1
50 44 -1 -1
50 43 -1 178
50 42 -1 162
50 41 -1 274
50 40 -1 -1
50 39 -1 -1
50 38 -1 -1
50 37 -1 -1
50 36 -1 -1
50 35 365 188
50 34 -1 -1
50 33 -1 200
50 32 116 56
50 31 -1 228
50 30 -1 -1
50 29 190 106
50 28 -1 -1
50 27 -1 -1
50 26 -1 224
50 25 -1 296
50 24 -1 -1
50 23 319 120
50 22 -1 -1
50 21 -1 -1
50 20 -1 -1
50 19 -1 236
50 18 -1 -1
50 17 -1 230
50 16 -1 -1
50 15 -1 -1
50 14 -1 -1
50 13 -1 -1
50 12 -1 204
50 11 -1 -1
50 10 -1 -1
50 9 107 50
50 8 155 74
50 7 -1 212
50 6 -1 -1
50 5 -1 202
50 4 -1 -1
50 3 -1 260
50 2 -1 -1
50 1 -1 196
49 50 -1 170
49 48 -1 282
49 47 -1 156
49 46 -1 274
49 45 -1 290
49 44 -1 274
49 43 -1 132
49 42 -1 172
49 41 -1 248
49 40 -1 206
49 39 -1 278
49 38 -1 240
49 37 -1 268
49 36 -1 256
49 35 -1 294
49 34 -1 -1
49 33 213 78
49 32 -1 218
49 31 -1 -1
49 30 -1 230
49 29 133 76
49 28 -1 278
49 27 -1 -1
49 26 182 114
49 25 -1 190
49 24 -1 -1
49 23 -1 216
49 22 -1 -1
49 21 -1 196
49 20 -1 220
49 19 -1 206
49 18 -1 -1
49 17 -1 226
49 16 -1 -1
49 15 -1 -1
49 14 -1 -1
49 13 -1 266
49 12 98 58
49 11 -1 246
49 10 -1 188
49 9 274 140
49 8 -1 76
49 7 -1 162
49 6 -1 242
49 5 141 70
49 4 -1 -1
49 3 -1 284
49 2 -1 -1
49 1 -1 250
48 50 -1 -1
48 49 -1 270
48 47 -1 294
48 46 -1 -1
48 45 -1 252
48 44 -1 30
48 43 -1 230
48 42 -1 222
48 41 -1 84
48 40 -1 68
48 39 86 40
48 38 25 16
48 37 -1 80
48 36 -1 192
48 35 -1 -1
48 34 -1 -1
48 33 -1 234
48 32 -1 -1
48 31 -1 -1
48 30 -1 86
48 29 -1 -1
48 28 120 58
48 27 -1 -1
48 26 -1 164
48 25 -1 84
48 24 -1 -1
48 23 -1 -1
48 22 -1 -1
48 21 110 58
48 20 -1 102
48 19 -1 236
48 18 -1 186
48 17 -1 -1
48 16 -1 160
48 15 -1 -1
48 14 -1 -1
48 13 159 78
48 12 -1 206
48 11 -1 116
48 10 44 28
48 9 -1 -1
48 8 -1 -1
48 7 -1 154
48 6 -1 46
48 5 -1 192
48 4 -1 -1
48 3 -1 -1
48 2 -1 178
48 1 -1 -1
47 50 -1 210
47 49 -1 202
47 48 -1 206
47 46 -1 200
47 45 -1 76
47 44 -1 -1
47 43 -1 52
47 42 63 30
47 41 -1 136
47 40 -1 212
47 39 -1 230
47 38 -1 260
47 37 -1 206
47 36 -1 154
47 35 -1 208
47 34 -1 218
47 33 -1 292
47 32 -1 218
47 31 -1 148
47 30 -1 -1
47 29 -1 122
47 28 -1 -1
47 27 -1 244
47 26 -1 76
47 25 -1 252
47 24 -1 274
47 23 -1 92
47 22 -1 -1
47 21 -1 222
47 20 -1 -1
47 19 98 46
47 18 -1 180
47 17 99 70
47 16 -1 250
47 15 -1 158
47 14 -1 -1
47 13 -1 246
47 12 -1 252
47 11 -1 172
47 10 -1 266
47 9 -1 230
47 8 -1 136
47 7 -1 88
47 6 -1 -1
47 5 -1 164
47 4 -1 182
47 3 115 56
47 2 -1 276
47 1 159 74
46 50 -1 214
46 49 -1 -1
46 48 -1 -1
46 47 -1 236
46 45 -1 170
46 44 -1 -1
46 43 -1 210
46 42 -1 216
46 41 -1 -1
46 40 -1 -1
46 39 -1 -1
46 38 -1 -1
46 37 -1 -1
46 36 -1 -1
46 35 217 94
46 34 -1 -1
46 33 -1 -1
46 32 -1 250
46 31 99 50
46 30 -1 -1
46 29 -1 236
46 28 -1 -1
46 27 -1 268
46 26 -1 238
46 25 -1 -1
46 24 -1 176
46 23 236 128
46 22 -1 164
46 21 -1 -1
46 20 -1 -1
46 19 -1 202
46 18 -1 -1
46 17 -1 230
46 16 -1 -1
46 15 223 118
46 14 205 146
46 13 -1 -1
46 12 -1 -1
46 11 -1 -1
46 10 -1 -1
46 9 -1 276
46 8 -1 204
46 7 -1 238
46 6 -1 -1
46 5 -1 -1
46 4 -1 154
46 3 -1 180
46 2 -1 -1
46 1 -1 98
45 50 -1 -1
45 49 -1 248
45 48 -1 244
45 47 -1 74
45 46 -1 164
45 44 -1 -1
45 43 -1 134
45 42 -1 92
45 41 -1 214
45 40 -1 242
45 39 -1 -1
45 38 -1 -1
45 37 -1 234
45 36 -1 184
45 35 -1 244
45 34 402 220
45 33 -1 -1
45 32 -1 -1
45 31 -1 154
45 30 -1 -1
45 29 -1 200
45 28 -1 -1
45 27 360 140
45 26 -1 178
45 25 -1 290
45 24 -1 204
45 23 -1 170
45 22 -1 248
45 21 -1 206
45 20 -1 -1
45 19 -1 100
45 18 338 142
45 17 44 18
45 16 -1 228
45 15 -1 156
45 14 -1 252
45 13 -1 270
45 12 -1 276
45 11 -1 206
45 10 -1 246
45 9 -1 -1
45 8 -1 240
45 7 -1 118
45 6 -1 -1
45 5 -1 212
45 4 228 138
45 3 65 30
45 2 -1 234
45 1 -1 92
44 50 -1 -1
44 49 -1 220
44 48 -1 36
44 47 -1 284
44 46 -1 -1
44 45 -1 -1
44 43 -1 284
44 42 -1 228
44 41 -1 122
44 40 -1 84
44 39 -1 90
44 38 33 16
44 37 -1 134
44 36 -1 166
44 35 -1 -1
44 34 -1 292
44 33 -1 228
44 32 -1 -1
44 31 -1 -1
44 30 -1 68
44 29 -1 -1
44 28 76 38
44 27 -1 -1
44 26 -1 238
44 25 -1 66
44 24 -1 -1
44 23 -1 -1
44 22 -1 -1
44 21 -1 60
44 20 -1 60
44 19 -1 254
44 18 -1 230
44 17 -1 286
44 16 -1 162
44 15 -1 -1
44 14 -1 -1
44 13 -1 120
44 12 -1 216
44 11 -1 136
44 10 54 28
44 9 -1 -1
44 8 -1 264
44 7 -1 150
44 6 37 20
44 5 -1 192
44 4 -1 -1
44 3 -1 -1
44 2 -1 246
44 1 -1 -1
43 50 -1 202
43 49 -1 130
43 48 -1 208
43 47 -1 48
43 46 -1 228
43 45 -1 148
43 44 -1 278
43 42 41 18
43 41 -1 158
43 40 -1 152
43 39 -1 228
43 38 -1 266
43 37 -1 214
43 36 -1 230
43 35 -1 264
43 34 -1 -1
43 33 -1 240
43 32 -1 264
43 31 -1 160
43 30 -1 -1
43 29 220 96
43 28 -1 -1
43 27 -1 288
43 26 119 52
43 25 -1 156
43 24 -1 270
43 23 182 86
43 22 -1 280
43 21 -1 232
43 20 -1 266
43 19 137 62
43 18 -1 178
43 17 -1 90
43 16 -1 276
43 15 -1 230
43 14 -1 -1
43 13 -1 220
43 12 -1 174
43 11 -1 164
43 10 -1 256
43 9 -1 212
43 8 210 118
43 7 205 88
43 6 -1 226
43 5 -1 146
43 4 -1 242
43 3 -1 92
43 2 -1 292
43 1 -1 100
42 50 -1 168
42 49 -1 176
42 48 -1 294
42 47 57 28
42 46 -1 234
42 45 -1 106
42 44 -1 274
42 43 40 24
42 41 -1 170
42 40 -1 220
42 39 -1 270
42 38 -1 272
42 37 -1 206
42 36 -1 186
42 35 -1 268
42 34 -1 260
42 33 -1 236
42 32 -1 210
42 31 -1 192
42 30 -1 -1
42 29 -1 128
42 28 -1 286
42 27 -1 -1
42 26 -1 68
42 25 -1 194
42 24 -1 294
42 23 220 96
42 22 -1 -1
42 21 -1 214
42 20 -1 288
42 19 126 56
42 18 -1 220
42 17 -1 96
42 16 -1 234
42 15 -1 164
42 14 -1 258
42 13 -1 282
42 12 -1 234
42 11 -1 226
42 10 -1 200
42 9 -1 210
42 8 -1 120
42 7 -1 104
42 6 -1 -1
42 5 -1 174
42 4 -1 188
42 3 -1 68
42 2 -1 208
42 1 152 84
41 50 -1 -1
41 49 -1 176
41 48 -1 78
41 47 -1 142
41 46 -1 -1
41 45 -1 196
41 44 -1 126
41 43 -1 138
41 42 -1 156
41 40 54 32
41 39 -1 54
41 38 -1 120
41 37 76 38
41 36 -1 84
41 35 -1 -1
41 34 -1 226
41 33 -1 242
41 32 -1 -1
41 31 -1 282
41 30 -1 166
41 29 -1 276
41 28 -1 140
41 27 -1 -1
41 26 -1 158
41 25 160 110
41 24 -1 -1
41 23 -1 252
41 22 -1 -1
41 21 -1 58
41 20 -1 216
41 19 -1 106
41 18 -1 114
41 17 -1 214
41 16 -1 108
41 15 -1 284
41 14 -1 -1
41 13 -1 78
41 12 -1 184
41 11 67 46
41 10 -1 92
41 9 -1 -1
41 8 -1 246
41 7 192 68
41 6 -1 110
41 5 -1 174
41 4 -1 266
41 3 -1 180
41 2 -1 140
41 1 -1 282
40 50 -1 -1
40 49 -1 196
40 48 -1 80
40 47 -1 224
40 46 -1 -1
40 45 -1 248
40 44 -1 76
40 43 -1 192
40 42 -1 210
40 41 55 24
40 39 78 50
40 38 -1 88
40 37 92 46
40 36 -1 130
40 35 -1 -1
40 34 -1 -1
40 33 -1 206
40 32 -1 -1
40 31 -1 -1
40 30 -1 170
40 29 -1 272
40 28 -1 126
40 27 -1 -1
40 26 -1 152
40 25 133 86
40 24 -1 -1
40 23 -1 262
40 22 -1 -1
40 21 39 22
40 20 -1 146
40 19 -1 134
40 18 -1 172
40 17 -1 216
40 16 -1 110
40 15 -1 -1
40 14 -1 -1
40 13 -1 60
40 12 -1 158
40 11 -1 46
40 10 -1 68
40 9 -1 -1
40 8 -1 248
40 7 -1 120
40 6 -1 84
40 5 -1 180
40 4 -1 -1
40 3 -1 192
40 2 -1 140
40 1 -1 288
39 50 -1 -1
39 49 -1 -1
39 48 87 58
39 47 -1 266
39 46 -1 -1
39 45 -1 228
39 44 -1 68
39 43 -1 212
39 42 -1 234
39 41 -1 52
39 40 96 40
39 38 -1 64
39 37 86 42
39 36 -1 118
39 35 -1 -1
39 34 -1 -1
39 33 -1 212
39 32 -1 -1
39 31 -1 -1
39 30 -1 150
39 29 -1 -1
39 28 -1 114
39 27 -1 -1
39 26 -1 212
39 25 -1 108
39 24 -1 -1
39 23 -1 -1
39 22 -1 -1
39 21 84 36
39 20 -1 142
39 19 -1 148
39 18 -1 170
39 17 -1 254
39 16 -1 98
39 15 -1 -1
39 14 -1 -1
39 13 78 42
39 12 -1 232
39 11 -1 68
39 10 -1 66
39 9 -1 -1
39 8 -1 278
39 7 -1 146
39 6 -1 106
39 5 -1 188
39 4 -1 -1
39 3 -1 274
39 2 -1 134
39 1 -1 -1
38 50 -1 -1
38 49 -1 210
38 48 23 14
38 47 -1 -1
38 46 -1 -1
38 45 -1 290
38 44 40 22
38 43 -1 288
38 42 -1 226
38 41 -1 114
38 40 -1 88
38 39 -1 54
38 37 -1 78
38 36 -1 154
38 35 -1 -1
38 34 -1 -1
38 33 -1 192
38 32 -1 -1
38 31 -1 -1
38 30 -1 76
38 29 -1 288
38 28 131 62
38 27 -1 -1
38 26 -1 222
38 25 -1 78
38 24 -1 -1
38 23 -1 -1
38 22 -1 -1
38 21 -1 62
38 20 -1 100
38 19 -1 254
38 18 -1 184
38 17 -1 250
38 16 -1 158
38 15 -1 -1
38 14 -1 -1
38 13 -1 96
38 12 -1 222
38 11 -1 98
38 10 52 24
38 9 -1 -1
38 8 -1 -1
38 7 -1 200
38 6 -1 44
38 5 -1 162
38 4 -1 -1
38 3 -1 -1
38 2 -1 208
38 1 -1 -1
37 50 -1 -1
37 49 -1 280
37 48 -1 74
37 47 -1 194
37 46 -1 -1
37 45 -1 258
37 44 -1 116
37 43 -1 172
37 42 -1 196
37 41 88 40
37 40 65 32
37 39 81 46
37 38 -1 110
37 36 -1 80
37 35 -1 -1
37 34 -1 248
37 33 -1 -1
37 32 -1 -1
37 31 -1 -1
37 30 -1 200
37 29 -1 226
37 28 -1 170
37 27 -1 -1
37 26 -1 212
37 25 -1 124
37 24 -1 -1
37 23 -1 -1
37 22 -1 -1
37 21 -1 48
37 20 -1 160
37 19 -1 182
37 18 -1 134
37 17 -1 240
37 16 -1 68
37 15 -1 294
37 14 -1 -1
37 13 60 38
37 12 -1 232
37 11 43 20
37 10 -1 88
37 9 -1 -1
37 8 -1 230
37 7 -1 124
37 6 -1 106
37 5 -1 162
37 4 -1 -1
37 3 -1 246
37 2 -1 118
37 1 -1 278
36 50 -1 -1
36 49 -1 260
36 48 -1 184
36 47 -1 158
36 46 -1 -1
36 45 -1 204
36 44 -1 202
36 43 -1 216
36 42 -1 216
36 41 -1 108
36 40 -1 106
36 39 -1 114
36 38 -1 142
36 37 -1 80
36 35 -1 -1
36 34 -1 158
36 33 -1 -1
36 32 -1 -1
36 31 -1 270
36 30 -1 270
36 29 -1 -1
36 28 -1 246
36 27 -1 256
36 26 -1 230
36 25 -1 212
36 24 -1 -1
36 23 -1 -1
36 22 -1 -1
36 21 -1 128
36 20 -1 214
36 19 -1 158
36 18 87 44
36 17 -1 168
36 16 105 60
36 15 -1 282
36 14 -1 -1
36 13 -1 92
36 12 -1 -1
36 11 111 52
36 10 -1 154
36 9 -1 -1
36 8 -1 262
36 7 212 158
36 6 -1 176
36 5 -1 226
36 4 -1 -1
36 3 -1 184
36 2 107 72
36 1 -1 264
35 50 275 146
35 49 -1 258
35 48 -1 -1
35 47 -1 270
35 46 166 84
35 45 -1 214
35 44 -1 -1
35 43 -1 220
35 42 -1 276
35 41 -1 -1
35 40 -1 -1
35 39 -1 -1
35 38 -1 -1
35 37 -1 -1
35 36 -1 -1
35 34 -1 -1
35 33 -1 -1
35 32 280 168
35 31 -1 150
35 30 -1 -1
35 29 -1 180
35 28 -1 -1
35 27 -1 -1
35 26 -1 -1
35 25 -1 -1
35 24 -1 266
35 23 251 150
35 22 439 192
35 21 -1 -1
35 20 -1 -1
35 19 -1 -1
35 18 -1 -1
35 17 -1 246
35 16 -1 -1
35 15 -1 172
35 14 411 240
35 13 -1 -1
35 12 -1 -1
35 11 -1 -1
35 10 -1 -1
35 9 -1 172
35 8 -1 216
35 7 -1 -1
35 6 -1 -1
35 5 -1 -1
35 4 -1 230
35 3 -1 278
35 2 -1 -1
35 1 -1 178
34 50 -1 -1
34 49 -1 -1
34 48 -1 -1
34 47 -1 268
34 46 -1 -1
34 45 509 174
34 44 -1 -1
34 43 -1 280
34 42 -1 266
34 41 -1 208
34 40 -1 -1
34 39 -1 236
34 38 -1 -1
34 37 -1 200
34 36 -1 148
34 35 -1 -1
34 33 -1 -1
34 32 -1 -1
34 31 -1 -1
34 30 -1 -1
34 29 -1 -1
34 28 -1 -1
34 27 360 204
34 26 -1 -1
34 25 -1 -1
34 24 -1 -1
34 23 -1 -1
34 22 -1 -1
34 21 -1 -1
34 20 -1 -1
34 19 -1 212
34 18 202 116
34 17 -1 248
34 16 -1 188
34 15 -1 -1
34 14 -1 -1
34 13 -1 254
34 12 -1 -1
34 11 -1 190
34 10 -1 276
34 9 -1 -1
34 8 -1 -1
34 7 -1 208
34 6 -1 -1
34 5 -1 -1
34 4 -1 290
34 3 -1 226
34 2 238 122
34 1 -1 -1
33 50 -1 188
33 49 217 94
33 48 -1 218
33 47 -1 230
33 46 -1 -1
33 45 -1 -1
33 44 -1 206
33 43 -1 216
33 42 -1 276
33 41 -1 216
33 40 -1 266
33 39 -1 -1
33 38 -1 268
33 37 -1 264
33 36 -1 -1
33 35 -1 -1
33 34 -1 -1
33 32 602 208
33 31 -1 -1
33 30 -1 202
33 29 -1 178
33 28 -1 188
33 27 -1 -1
33 26 -1 152
33 25 -1 174
33 24 -1 -1
33 23 -1 256
33 22 -1 -1
33 21 -1 254
33 20 422 160
33 19 -1 238
33 18 -1 -1
33 17 -1 286
33 16 -1 -1
33 15 -1 -1
33 14 -1 -1
33 13 -1 -1
33 12 128 56
33 11 -1 268
33 10 -1 184
33 9 515 260
33 8 -1 196
33 7 -1 196
33 6 -1 174
33 5 -1 90
33 4 -1 -1
33 3 -1 -1
33 2 -1 -1
33 1 -1 -1
32 50 124 66
32 49 -1 210
32 48 -1 -1
32 47 -1 -1
32 46 -1 204
32 45 -1 -1
32 44 -1 -1
32 43 -1 272
32 42 -1 222
32 41 -1 -1
32 40 -1 -1
32 39 -1 -1
32 38 -1 -1
32 37 -1 -1
32 36 -1 -1
32 35 323 208
32 34 -1 -1
32 33 574 232
32 31 -1 222
32 30 -1 -1
32 29 -1 140
32 28 -1 -1
32 27 -1 -1
32 26 -1 264
32 25 -1 -1
32 24 -1 -1
32 23 -1 166
32 22 -1 -1
32 21 -1 -1
32 20 -1 -1
32 19 -1 -1
32 18 -1 -1
32 17 -1 -1
32 16 -1 -1
32 15 -1 -1
32 14 -1 -1
32 13 -1 -1
32 12 -1 240
32 11 -1 -1
32 10 -1 -1
32 9 57 36
32 8 -1 150
32 7 -1 -1
32 6 -1 -1
32 5 -1 228
32 4 -1 -1
32 3 -1 288
32 2 -1 -1
32 1 -1 262
31 50 -1 194
31 49 -1 248
31 48 -1 -1
31 47 -1 166
31 46 117 58
31 45 -1 150
31 44 -1 -1
31 43 -1 200
31 42 -1 188
31 41 -1 286
31 40 -1 -1
31 39 -1 -1
31 38 -1 -1
31 37 -1 -1
31 36 -1 -1
31 35 -1 146
31 34 -1 -1
31 33 -1 -1
31 32 -1 264
31 30 -1 -1
31 29 -1 258
31 28 -1 -1
31 27 -1 180
31 26 -1 214
31 25 -1 -1
31 24 -1 104
31 23 241 94
31 22 -1 180
31 21 -1 -1
31 20 -1 -1
31 19 -1 218
31 18 -1 -1
31 17 -1 136
31 16 -1 -1
31 15 120 66
31 14 -1 158
31 13 -1 -1
31 12 -1 -1
31 11 -1 -1
31 10 -1 -1
31 9 -1 274
31 8 -1 216
31 7 -1 198
31 6 -1 -1
31 5 -1 -1
31 4 188 88
31 3 243 146
31 2 -1 -1
31 1 157 72
30 50 -1 -1
30 49 -1 240
30 48 -1 80
30 47 -1 266
30 46 -1 -1
30 45 -1 -1
30 44 -1 66
30 43 -1 278
30 42 -1 254
30 41 -1 204
30 40 -1 122
30 39 -1 124
30 38 -1 74
30 37 -1 142
30 36 -1 212
30 35 -1 -1
30 34 -1 -1
30 33 -1 206
30 32 -1 -1
30 31 -1 -1
30 29 -1 242
30 28 61 32
30 27 -1 -1
30 26 -1 200
30 25 -1 112
30 24 -1 -1
30 23 -1 -1
30 22 -1 -1
30 21 -1 132
30 20 19 12
30 19 -1 -1
30 18 -1 288
30 17 -1 292
30 16 -1 254
30 15 -1 -1
30 14 -1 -1
30 13 -1 182
30 12 -1 216
30 11 -1 230
30 10 -1 88
30 9 -1 -1
30 8 -1 -1
30 7 -1 196
30 6 106 44
30 5 -1 210
30 4 -1 -1
30 3 -1 -1
30 2 -1 -1
30 1 -1 -1
29 50 167 82
29 49 138 64
29 48 -1 260
29 47 -1 138
29 46 -1 252
29 45 -1 262
29 44 -1 266
29 43 237 124
29 42 -1 108
29 41 -1 188
29 40 -1 254
29 39 -1 264
29 38 -1 -1
29 37 -1 230
29 36 -1 242
29 35 -1 176
29 34 -1 -1
29 33 -1 146
29 32 -1 164
29 31 -1 214
29 30 -1 272
29 28 -1 -1
29 27 -1 -1
29 26 180 102
29 25 -1 182
29 24 -1 -1
29 23 -1 142
29 22 -1 -1
29 21 -1 264
29 20 -1 -1
29 19 -1 194
29 18 -1 242
29 17 -1 224
29 16 -1 -1
29 15 -1 -1
29 14 -1 -1
29 13 -1 260
29 12 -1 140
29 11 -1 216
29 10 -1 238
29 9 205 128
29 8 36 18
29 7 -1 184
29 6 -1 266
29 5 -1 90
29 4 -1 248
29 3 -1 222
29 2 -1 -1
29 1 -1 180
28 50 -1 -1
28 49 -1 274
28 48 159 76
28 47 -1 280
28 46 -1 -1
28 45 -1 -1
28 44 73 44
28 43 -1 -1
28 42 -1 -1
28 41 -1 138
28 40 -1 114
28 39 -1 126
28 38 128 58
28 37 -1 128
28 36 -1 248
28 35 -1 -1
28 34 -1 -1
28 33 -1 172
28 32 -1 -1
28 31 -1 -1
28 30 53 30
28 29 -1 240
28 27 -1 -1
28 26 -1 208
28 25 -1 76
28 24 -1 -1
28 23 -1 -1
28 22 -1 -1
28 21 -1 86
28 20 -1 48
28 19 -1 274
28 18 -1 240
28 17 -1 -1
28 16 337 222
28 15 -1 -1
28 14 -1 -1
28 13 288 160
28 12 -1 190
28 11 -1 192
28 10 -1 68
28 9 -1 -1
28 8 -1 -1
28 7 -1 192
28 6 60 32
28 5 -1 170
28 4 -1 -1
28 3 -1 -1
28 2 -1 258
28 1 -1 -1
27 50 -1 -1
27 49 -1 -1
27 48 -1 -1
27 47 -1 242
27 46 -1 248
27 45 254 122
27 44 -1 -1
27 43 -1 226
27 42 -1 242
27 41 -1 278
27 40 -1 292
27 39 -1 -1
27 38 -1 -1
27 37 -1 -1
27 36 -1 -1
27 35 -1 -1
27 34 409 208
27 33 -1 -1
27 32 -1 -1
27 31 -1 150
27 30 -1 -1
27 29 -1 -1
27 28 -1 -1
27 26 -1 -1
27 25 -1 -1
27 24 188 104
27 23 -1 278
27 22 448 182
27 21 -1 -1
27 20 -1 -1
27 19 -1 272
27 18 -1 242
27 17 -1 142
27 16 -1 -1
27 15 -1 118
27 14 -1 236
27 13 -1 -1
27 12 -1 -1
27 11 -1 -1
27 10 -1 -1
27 9 -1 -1
27 8 -1 -1
27 7 -1 288
27 6 -1 -1
27 5 -1 -1
27 4 187 92
27 3 -1 190
27 2 -1 -1
27 1 -1 234
26 50 -1 156
26 49 222 114
26 48 -1 164
26 47 -1 90
26 46 -1 294
26 45 -1 166
26 44 -1 224
26 43 101 52
26 42 -1 76
26 41 -1 152
26 40 -1 128
26 39 -1 204
26 38 -1 174
26 37 -1 184
26 36 -1 182
26 35 -1 226
26 34 -1 -1
26 33 -1 164
26 32 -1 244
26 31 -1 230
26 30 -1 276
26 29 189 96
26 28 -1 270
26 27 -1 -1
26 25 -1 140
26 24 -1 -1
26 23 -1 124
26 22 -1 -1
26 21 -1 156
26 20 -1 226
26 19 -1 80
26 18 -1 222
26 17 -1 126
26 16 -1 222
26 15 -1 284
26 14 -1 -1
26 13 -1 254
26 12 -1 146
26 11 -1 178
26 10 -1 200
26 9 -1 228
26 8 -1 110
26 7 163 76
26 6 -1 192
26 5 161 82
26 4 -1 258
26 3 -1 128
26 2 -1 236
26 1 -1 164
25 50 -1 -1
25 49 -1 144
25 48 -1 68
25 47 -1 222
25 46 -1 -1
25 45 -1 254
25 44 -1 64
25 43 -1 186
25 42 -1 180
25 41 156 90
25 40 134 82
25 39 -1 106
25 38 -1 70
25 37 -1 104
25 36 -1 168
25 35 -1 -1
25 34 -1 -1
25 33 -1 160
25 32 -1 -1
25 31 -1 -1
25 30 -1 94
25 29 -1 216
25 28 -1 80
25 27 -1 -1
25 26 -1 124
25 24 -1 -1
25 23 -1 -1
25 22 -1 -1
25 21 130 66
25 20 228 82
25 19 -1 168
25 18 -1 200
25 17 -1 252
25 16 -1 192
25 15 -1 -1
25 14 -1 -1
25 13 -1 120
25 12 321 124
25 11 -1 112
25 10 94 50
25 9 -1 -1
25 8 -1 240
25 7 278 146
25 6 99 64
25 5 254 124
25 4 -1 -1
25 3 -1 254
25 2 -1 210
25 1 -1 278
24 50 -1 292
24 49 -1 -1
24 48 -1 -1
24 47 -1 216
24 46 -1 150
24 45 -1 154
24 44 -1 -1
24 43 -1 268
24 42 -1 274
24 41 -1 -1
24 40 -1 -1
24 39 -1 -1
24 38 -1 -1
24 37 -1 -1
24 36 -1 -1
24 35 -1 230
24 34 -1 266
24 33 -1 -1
24 32 -1 -1
24 31 -1 108
24 30 -1 -1
24 29 -1 -1
24 28 -1 -1
24 27 243 98
24 26 -1 292
24 25 -1 -1
24 23 -1 224
24 22 158 110
24 21 -1 -1
24 20 -1 -1
24 19 -1 232
24 18 -1 -1
24 17 -1 224
24 16 -1 -1
24 15 142 64
24 14 172 112
24 13 -1 -1
24 12 -1 -1
24 11 -1 -1
24 10 -1 -1
24 9 -1 -1
24 8 -1 274
24 7 -1 -1
24 6 -1 -1
24 5 -1 -1
24 4 148 76
24 3 -1 186
24 2 -1 -1
24 1 -1 222
23 50 337 156
23 49 -1 174
23 48 -1 -1
23 47 -1 124
23 46 242 108
23 45 -1 168
23 44 -1 -1
23 43 200 116
23 42 224 96
23 41 -1 -1
23 40 -1 244
23 39 -1 286
23 38 -1 -1
23 37 -1 -1
23 36 -1 -1
23 35 242 134
23 34 -1 -1
23 33 -1 264
23 32 -1 158
23 31 235 94
23 30 -1 -1
23 29 -1 118
23 28 -1 -1
23 27 -1 274
23 26 -1 146
23 25 -1 -1
23 24 -1 244
23 22 -1 -1
23 21 -1 274
23 20 -1 -1
23 19 -1 156
23 18 -1 -1
23 17 -1 152
23 16 -1 -1
23 15 -1 148
23 14 -1 216
23 13 -1 -1
23 12 -1 208
23 11 -1 296
23 10 -1 -1
23 9 -1 214
23 8 212 114
23 7 -1 168
23 6 -1 -1
23 5 -1 212
23 4 -1 174
23 3 -1 96
23 2 -1 -1
23 1 69 42
22 50 -1 -1
22 49 -1 -1
22 48 -1 -1
22 47 -1 -1
22 46 -1 158
22 45 -1 238
22 44 -1 -1
22 43 -1 -1
22 42 -1 -1
22 41 -1 -1
22 40 -1 -1
22 39 -1 -1
22 38 -1 -1
22 37 -1 -1
22 36 -1 -1
22 35 415 246
22 34 -1 -1
22 33 -1 -1
22 32 -1 -1
22 31 -1 192
22 30 -1 -1
22 29 -1 -1
22 28 -1 -1
22 27 351 198
22 26 -1 -1
22 25 -1 -1
22 24 186 94
22 23 -1 282
22 21 -1 -1
22 20 -1 -1
22 19 -1 -1
22 18 -1 -1
22 17 -1 234
22 16 -1 -1
22 15 -1 140
22 14 82 42
22 13 -1 -1
22 12 -1 -1
22 11 -1 -1
22 10 -1 -1
22 9 -1 -1
22 8 -1 -1
22 7 -1 -1
22 6 -1 -1
22 5 -1 -1
22 4 -1 144
22 3 -1 218
22 2 -1 -1
22 1 -1 254
21 50 -1 -1
21 49 -1 214
21 48 111 54
21 47 -1 182
21 46 -1 -1
21 45 -1 214
21 44 -1 56
21 43 -1 202
21 42 -1 220
21 41 -1 48
21 40 53 24
21 39 95 40
21 38 -1 54
21 37 -1 48
21 36 -1 154
21 35 -1 -1
21 34 -1 -1
21 33 -1 196
21 32 -1 -1
21 31 -1 -1
21 30 -1 130
21 29 -1 274
21 28 -1 86
21 27 -1 -1
21 26 -1 174
21 25 95 60
21 24 -1 -1
21 23 -1 266
21 22 -1 -1
21 20 -1 128
21 19 -1 154
21 18 -1 194
21 17 -1 210
21 16 -1 154
21 15 -1 -1
21 14 -1 -1
21 13 -1 74
21 12 -1 158
21 11 -1 82
21 10 73 34
21 9 -1 -1
21 8 -1 226
21 7 -1 132
21 6 -1 70
21 5 -1 152
21 4 -1 -1
21 3 -1 204
21 2 -1 166
21 1 -1 -1
20 50 -1 -1
20 49 -1 228
20 48 -1 116
20 47 -1 284
20 46 -1 -1
20 45 -1 -1
20 44 -1 60
20 43 -1 -1
20 42 -1 -1
20 41 -1 158
20 40 -1 168
20 39 -1 154
20 38 -1 96
20 37 -1 170
20 36 -1 292
20 35 -1 -1
20 34 -1 -1
20 33 419 182
20 32 -1 -1
20 31 -1 -1
20 30 20 14
20 29 -1 -1
20 28 -1 42
20 27 -1 -1
20 26 -1 276
20 25 231 94
20 24 -1 -1
20 23 -1 -1
20 22 -1 -1
20 21 -1 126
20 19 -1 224
20 18 -1 262
20 17 -1 -1
20 16 -1 220
20 15 -1 -1
20 14 -1 -1
20 13 -1 166
20 12 400 200
20 11 -1 232
20 10 -1 96
20 9 -1 -1
20 8 -1 294
20 7 -1 206
20 6 92 58
20 5 -1 176
20 4 -1 -1
20 3 -1 -1
20 2 -1 -1
20 1 -1 -1
19 50 -1 234
19 49 -1 162
19 48 -1 212
19 47 115 48
19 46 -1 208
19 45 -1 92
19 44 -1 196
19 43 118 72
19 42 113 60
19 41 -1 124
19 40 -1 152
19 39 -1 172
19 38 -1 254
19 37 -1 180
19 36 -1 124
19 35 -1 250
19 34 -1 278
19 33 -1 292
19 32 -1 252
19 31 -1 212
19 30 -1 254
19 29 -1 160
19 28 -1 260
19 27 -1 248
19 26 -1 74
19 25 -1 196
19 24 -1 242
19 23 -1 128
19 22 -1 -1
19 21 -1 136
19 20 -1 288
19 18 294 150
19 17 153 88
19 16 -1 162
19 15 -1 234
19 14 -1 270
19 13 -1 180
19 12 -1 194
19 11 -1 128
19 10 -1 204
19 9 -1 -1
19 8 -1 176
19 7 103 48
19 6 -1 264
19 5 -1 182
19 4 -1 232
19 3 -1 94
19 2 -1 196
19 1 -1 116
18 50 -1 -1
18 49 -1 268
18 48 -1 198
18 47 -1 170
18 46 -1 -1
18 45 289 168
18 44 -1 282
18 43 -1 170
18 42 -1 186
18 41 -1 150
18 40 -1 158
18 39 -1 180
18 38 -1 216
18 37 -1 130
18 36 107 48
18 35 -1 -1
18 34 256 140
18 33 -1 -1
18 32 -1 -1
18 31 -1 252
18 30 -1 292
18 29 -1 274
18 28 -1 250
18 27 -1 208
18 26 -1 248
18 25 -1 222
18 24 -1 -1
18 23 -1 242
18 22 -1 -1
18 21 -1 156
18 20 -1 -1
18 19 237 122
18 17 342 154
18 16 -1 114
18 15 -1 256
18 14 -1 -1
18 13 -1 166
18 12 -1 -1
18 11 -1 92
18 10 -1 204
18 9 -1 -1
18 8 -1 262
18 7 264 150
18 6 -1 268
18 5 -1 214
18 4 -1 294
18 3 -1 142
18 2 156 70
18 1 -1 248
17 50 -1 268
17 49 -1 294
17 48 -1 -1
17 47 146 64
17 46 -1 206
17 45 38 24
17 44 -1 248
17 43 -1 106
17 42 -1 90
17 41 -1 214
17 40 -1 232
17 39 -1 260
17 38 -1 266
17 37 -1 174
17 36 -1 160
17 35 -1 274
17 34 -1 224
17 33 -1 -1
17 32 -1 288
17 31 -1 126
17 30 -1 -1
17 29 -1 190
17 28 -1 -1
17 27 -1 158
17 26 -1 126
17 25 -1 286
17 24 -1 184
17 23 -1 112
17 22 -1 274
17 21 -1 192
17 20 -1 296
17 19 179 72
17 18 236 118
17 16 -1 280
17 15 -1 142
17 14 -1 268
17 13 -1 236
17 12 -1 284
17 11 -1 192
17 10 -1 238
17 9 -1 250
17 8 -1 216
17 7 -1 122
17 6 -1 256
17 5 -1 182
17 4 -1 122
17 3 53 32
17 2 -1 246
17 1 -1 90
16 50 -1 -1
16 49 -1 -1
16 48 -1 124
16 47 -1 264
16 46 -1 -1
16 45 -1 224
16 44 -1 156
16 43 -1 -1
16 42 -1 218
16 41 -1 112
16 40 -1 120
16 39 -1 82
16 38 -1 158
16 37 -1 76
16 36 98 56
16 35 -1 -1
16 34 -1 156
16 33 -1 -1
16 32 -1 -1
16 31 -1 -1
16 30 -1 228
16 29 -1 -1
16 28 481 180
16 27 -1 -1
16 26 -1 200
16 25 -1 164
16 24 -1 -1
16 23 -1 296
16 22 -1 -1
16 21 -1 142
16 20 -1 286
16 19 -1 220
16 18 -1 96
16 17 -1 248
16 15 -1 -1
16 14 -1 -1
16 13 143 52
16 12 -1 -1
16 11 158 84
16 10 -1 164
16 9 -1 -1
16 8 -1 -1
16 7 -1 164
16 6 -1 170
16 5 -1 292
16 4 -1 -1
16 3 -1 -1
16 2 108 74
16 1 -1 276
15 50 -1 -1
15 49 -1 288
15 48 -1 -1
15 47 -1 154
15 46 177 90
15 45 -1 148
15 44 -1 -1
15 43 -1 178
15 42 -1 190
15 41 -1 -1
15 40 -1 -1
15 39 -1 -1
15 38 -1 -1
15 37 -1 -1
15 36 -1 294
15 35 -1 178
15 34 -1 262
15 33 -1 -1
15 32 -1 -1
15 31 128 58
15 30 -1 -1
15 29 -1 264
15 28 -1 -1
15 27 -1 146
15 26 -1 -1
15 25 -1 -1
15 24 140 66
15 23 -1 164
15 22 -1 142
15 21 -1 -1
15 20 -1 -1
15 19 -1 182
15 18 -1 -1
15 17 -1 136
15 16 -1 -1
15 14 210 136
15 13 -1 -1
15 12 -1 -1
15 11 -1 -1
15 10 -1 -1
15 9 -1 -1
15 8 -1 250
15 7 -1 270
15 6 -1 -1
15 5 -1 -1
15 4 94 42
15 3 -1 128
15 2 -1 -1
15 1 -1 148
14 50 -1 -1
14 49 -1 -1
14 48 -1 -1
14 47 -1 256
14 46 245 142
14 45 -1 242
14 44 -1 -1
14 43 -1 284
14 42 -1 -1
14 41 -1 -1
14 40 -1 -1
14 39 -1 -1
14 38 -1 -1
14 37 -1 -1
14 36 -1 -1
14 35 353 184
14 34 -1 -1
14 33 -1 -1
14 32 -1 -1
14 31 -1 122
14 30 -1 -1
14 29 -1 -1
14 28 -1 -1
14 27 -1 188
14 26 -1 -1
14 25 -1 -1
14 24 214 78
14 23 -1 188
14 22 73 40
14 21 -1 -1
14 20 -1 -1
14 19 -1 -1
14 18 -1 -1
14 17 -1 244
14 16 -1 -1
14 15 195 126
14 13 -1 -1
14 12 -1 -1
14 11 -1 -1
14 10 -1 -1
14 9 -1 -1
14 8 -1 -1
14 7 -1 -1
14 6 -1 -1
14 5 -1 -1
14 4 -1 144
14 3 -1 270
14 2 -1 -1
14 1 -1 192
13 50 -1 -1
13 49 -1 284
13 48 184 80
13 47 -1 246
13 46 -1 -1
13 45 -1 288
13 44 -1 118
13 43 -1 200
13 42 -1 202
13 41 -1 66
13 40 -1 64
13 39 79 40
13 38 -1 88
13 37 68 30
13 36 -1 76
13 35 -1 -1
13 34 -1 216
13 33 -1 238
13 32 -1 -1
13 31 -1 -1
13 30 -1 204
13 29 -1 -1
13 28 254 124
13 27 -1 -1
13 26 -1 226
13 25 -1 110
13 24 -1 -1
13 23 -1 -1
13 22 -1 -1
13 21 -1 70
13 20 -1 206
13 19 -1 196
13 18 -1 118
13 17 -1 278
13 16 119 56
13 15 -1 -1
13 14 -1 -1
13 12 -1 280
13 11 103 50
13 10 -1 98
13 9 -1 -1
13 8 -1 274
13 7 -1 174
13 6 -1 122
13 5 -1 196
13 4 -1 -1
13 3 -1 -1
13 2 -1 134
13 1 -1 -1
12 50 -1 194
12 49 104 48
12 48 -1 172
12 47 -1 220
12 46 -1 -1
12 45 -1 -1
12 44 -1 182
12 43 -1 190
12 42 -1 192
12 41 -1 238
12 40 -1 216
12 39 -1 208
12 38 -1 218
12 37 -1 216
12 36 -1 234
12 35 -1 -1
12 34 -1 -1
12 33 104 60
12 32 -1 266
12 31 -1 -1
12 30 -1 182
12 29 -1 146
12 28 -1 238
12 27 -1 -1
12 26 -1 140
12 25 323 158
12 24 -1 -1
12 23 -1 204
12 22 -1 -1
12 21 -1 210
12 20 400 186
12 19 -1 170
12 18 -1 -1
12 17 -1 232
12 16 -1 294
12 15 -1 -1
12 14 -1 -1
12 13 -1 254
12 11 -1 230
12 10 -1 152
12 9 -1 214
12 8 -1 162
12 7 -1 176
12 6 -1 200
12 5 124 66
12 4 -1 -1
12 3 -1 -1
12 2 -1 -1
12 1 -1 220
11 50 -1 -1
11 49 -1 -1
11 48 -1 94
11 47 -1 192
11 46 -1 -1
11 45 -1 236
11 44 -1 154
11 43 -1 164
11 42 -1 178
11 41 87 42
11 40 -1 42
11 39 -1 48
11 38 -1 120
11 37 39 18
11 36 139 70
11 35 -1 -1
11 34 -1 218
11 33 -1 246
11 32 -1 -1
11 31 -1 -1
11 30 -1 218
11 29 -1 280
11 28 -1 170
11 27 -1 -1
11 26 -1 144
11 25 -1 108
11 24 -1 -1
11 23 -1 -1
11 22 -1 -1
11 21 -1 58
11 20 -1 170
11 19 -1 120
11 18 -1 108
11 17 -1 172
11 16 172 62
11 15 -1 -1
11 14 -1 -1
11 13 116 54
11 12 -1 196
11 10 -1 100
11 9 -1 -1
11 8 -1 -1
11 7 257 92
11 6 -1 150
11 5 -1 188
11 4 -1 -1
11 3 -1 232
11 2 -1 116
11 1 -1 248
10 50 -1 -1
10 49 -1 266
10 48 46 24
10 47 -1 216
10 46 -1 -1
10 45 -1 -1
10 44 51 32
10 43 -1 262
10 42 -1 190
10 41 -1 76
10 40 -1 50
10 39 -1 50
10 38 54 24
10 37 -1 90
10 36 -1 142
10 35 -1 -1
10 34 -1 -1
10 33 -1 244
10 32 -1 -1
10 31 -1 -1
10 30 -1 98
10 29 -1 278
10 28 -1 74
10 27 -1 -1
10 26 -1 212
10 25 85 54
10 24 -1 -1
10 23 -1 -1
10 22 -1 -1
10 21 86 40
10 20 -1 114
10 19 -1 156
10 18 -1 248
10 17 -1 284
10 16 -1 124
10 15 -1 -1
10 14 -1 -1
10 13 -1 106
10 12 -1 176
10 11 -1 112
10 9 -1 -1
10 8 -1 -1
10 7 -1 130
10 6 95 38
10 5 -1 170
10 4 -1 -1
10 3 -1 260
10 2 -1 194
10 1 -1 -1
9 50 101 58
9 49 301 138
9 48 -1 -1
9 47 -1 216
9 46 -1 218
9 45 -1 -1
9 44 -1 -1
9 43 -1 180
9 42 -1 266
9 41 -1 -1
9 40 -1 -1
9 39 -1 -1
9 38 -1 -1
9 37 -1 -1
9 36 -1 -1
9 35 -1 192
9 34 -1 -1
9 33 388 222
9 32 68 38
9 31 -1 252
9 30 -1 -1
9 29 202 138
9 28 -1 -1
9 27 -1 -1
9 26 -1 202
9 25 -1 294
9 24 -1 -1
9 23 -1 188
9 22 -1 -1
9 21 -1 -1
9 20 -1 -1
9 19 -1 244
9 18 -1 -1
9 17 -1 -1
9 16 -1 -1
9 15 -1 292
9 14 -1 -1
9 13 -1 -1
9 12 -1 186
9 11 -1 -1
9 10 -1 -1
9 8 -1 114
9 7 -1 -1
9 6 -1 -1
9 5 -1 224
9 4 -1 -1
9 3 -1 -1
9 2 -1 -1
9 1 -1 196
8 50 190 72
8 49 -1 94
8 48 -1 282
8 47 -1 120
8 46 -1 196
8 45 -1 234
8 44 -1 294
8 43 232 116
8 42 -1 112
8 41 -1 288
8 40 -1 264
8 39 -1 272
8 38 -1 -1
8 37 -1 272
8 36 -1 262
8 35 -1 184
8 34 -1 -1
8 33 -1 154
8 32 -1 122
8 31 -1 204
8 30 -1 282
8 29 39 18
8 28 -1 296
8 27 -1 -1
8 26 -1 110
8 25 -1 222
8 24 -1 282
8 23 223 124
8 22 -1 -1
8 21 -1 222
8 20 -1 -1
8 19 -1 170
8 18 -1 292
8 17 -1 184
8 16 -1 -1
8 15 -1 -1
8 14 -1 -1
8 13 -1 294
8 12 -1 126
8 11 -1 282
8 10 -1 260
8 9 -1 128
8 7 -1 200
8 6 -1 288
8 5 -1 142
8 4 -1 276
8 3 -1 186
8 2 -1 -1
8 1 -1 164
7 50 -1 228
7 49 -1 164
7 48 -1 144
7 47 -1 82
7 46 -1 240
7 45 -1 142
7 44 -1 202
7 43 179 84
7 42 -1 76
7 41 165 76
7 40 -1 86
7 39 -1 134
7 38 -1 186
7 37 -1 116
7 36 216 116
7 35 -1 -1
7 34 -1 282
7 33 -1 264
7 32 -1 278
7 31 -1 278
7 30 -1 246
7 29 -1 166
7 28 -1 196
7 27 -1 296
7 26 126 64
7 25 300 122
7 24 -1 -1
7 23 -1 198
7 22 -1 -1
7 21 -1 112
7 20 -1 260
7 19 78 36
7 18 255 160
7 17 -1 102
7 16 -1 180
7 15 -1 226
7 14 -1 -1
7 13 -1 128
7 12 -1 210
7 11 239 104
7 10 -1 158
7 9 -1 246
7 8 -1 202
7 6 -1 210
7 5 220 134
7 4 -1 222
7 3 -1 156
7 2 -1 186
7 1 -1 166
6 50 -1 -1
6 49 -1 260
6 48 -1 48
6 47 -1 250
6 46 -1 -1
6 45 -1 -1
6 44 46 22
6 43 -1 246
6 42 -1 260
6 41 -1 106
6 40 -1 84
6 39 -1 78
6 38 -1 34
6 37 -1 128
6 36 -1 238
6 35 -1 -1
6 34 -1 -1
6 33 -1 180
6 32 -1 -1
6 31 -1 -1
6 30 120 60
6 29 -1 220
6 28 86 42
6 27 -1 -1
6 26 -1 190
6 25 117 44
6 24 -1 -1
6 23 -1 -1
6 22 -1 -1
6 21 -1 70
6 20 128 64
6 19 -1 242
6 18 -1 256
6 17 -1 -1
6 16 -1 170
6 15 -1 -1
6 14 -1 -1
6 13 -1 136
6 12 -1 178
6 11 -1 158
6 10 98 36
6 9 -1 -1
6 8 -1 282
6 7 -1 150
6 5 -1 180
6 4 -1 -1
6 3 -1 254
6 2 -1 202
6 1 -1 -1
5 50 -1 242
5 49 158 74
5 48 -1 212
5 47 -1 186
5 46 -1 -1
5 45 -1 218
5 44 -1 152
5 43 -1 132
5 42 -1 124
5 41 -1 152
5 40 -1 174
5 39 -1 164
5 38 -1 148
5 37 -1 204
5 36 -1 242
5 35 -1 -1
5 34 -1 -1
5 33 -1 112
5 32 -1 284
5 31 -1 -1
5 30 -1 190
5 29 -1 112
5 28 -1 158
5 27 -1 -1
5 26 129 62
5 25 237 126
5 24 -1 -1
5 23 -1 246
5 22 -1 -1
5 21 -1 176
5 20 -1 172
5 19 -1 184
5 18 -1 276
5 17 -1 184
5 16 -1 -1
5 15 -1 -1
5 14 -1 -1
5 13 -1 218
5 12 121 54
5 11 -1 194
5 10 -1 138
5 9 -1 212
5 8 -1 142
5 7 207 114
5 6 -1 154
5 4 -1 -1
5 3 -1 198
5 2 -1 -1
5 1 -1 242
4 50 -1 -1
4 49 -1 -1
4 48 -1 -1
4 47 -1 194
4 46 -1 118
4 45 216 138
4 44 -1 -1
4 43 -1 198
4 42 -1 180
4 41 -1 -1
4 40 -1 -1
4 39 -1 -1
4 38 -1 -1
4 37 -1 -1
4 36 -1 296
4 35 -1 238
4 34 -1 272
4 33 -1 -1
4 32 -1 -1
4 31 165 80
4 30 -1 -1
4 29 -1 256
4 28 -1 -1
4 27 172 96
4 26 -1 268
4 25 -1 -1
4 24 141 74
4 23 -1 206
4 22 -1 128
4 21 -1 -1
4 20 -1 -1
4 19 -1 252
4 18 -1 296
4 17 -1 114
4 16 -1 -1
4 15 79 40
4 14 -1 168
4 13 -1 -1
4 12 -1 -1
4 11 -1 -1
4 10 -1 -1
4 9 -1 -1
4 8 -1 252
4 7 -1 276
4 6 -1 -1
4 5 -1 -1
4 3 298 144
4 2 -1 -1
4 1 -1 148
3 50 -1 294
3 49 -1 268
3 48 -1 -1
3 47 119 66
3 46 -1 200
3 45 56 40
3 44 -1 -1
3 43 -1 120
3 42 -1 68
3 41 -1 196
3 40 -1 202
3 39 -1 -1
3 38 -1 254
3 37 -1 202
3 36 -1 198
3 35 -1 238
3 34 -1 250
3 33 -1 -1
3 32 -1 -1
3 31 201 144
3 30 -1 -1
3 29 -1 216
3 28 -1 -1
3 27 -1 162
3 26 -1 148
3 25 -1 -1
3 24 -1 170
3 23 -1 126
3 22 -1 278
3 21 -1 242
3 20 -1 -1
3 19 -1 104
3 18 -1 200
3 17 61 24
3 16 -1 274
3 15 -1 144
3 14 -1 244
3 13 -1 276
3 12 -1 292
3 11 -1 210
3 10 -1 226
3 9 -1 -1
3 8 -1 166
3 7 -1 122
3 6 -1 -1
3 5 -1 268
3 4 218 104
3 2 -1 280
3 1 156 70
2 50 -1 -1
2 49 -1 -1
2 48 -1 172
2 47 -1 224
2 46 -1 -1
2 45 -1 214
2 44 -1 226
2 43 -1 292
2 42 -1 240
2 41 -1 164
2 40 -1 160
2 39 -1 128
2 38 -1 178
2 37 -1 132
2 36 126 66
2 35 -1 -1
2 34 285 140
2 33 -1 -1
2 32 -1 -1
2 31 -1 -1
2 30 -1 -1
2 29 -1 -1
2 28 -1 244
2 27 -1 260
2 26 -1 270
2 25 -1 194
2 24 -1 -1
2 23 -1 -1
2 22 -1 -1
2 21 -1 214
2 20 -1 -1
2 19 -1 162
2 18 152 68
2 17 -1 198
2 16 149 70
2 15 -1 -1
2 14 -1 -1
2 13 -1 102
2 12 -1 -1
2 11 -1 110
2 10 -1 198
2 9 -1 -1
2 8 -1 -1
2 7 -1 186
2 6 -1 206
2 5 -1 296
2 4 -1 -1
2 3 -1 208
2 1 -1 -1
1 50 -1 176
1 49 -1 244
1 48 -1 -1
1 47 144 100
1 46 -1 110
1 45 -1 94
1 44 -1 -1
1 43 -1 80
1 42 196 74
1 41 -1 256
1 40 -1 -1
1 39 -1 252
1 38 -1 -1
1 37 -1 292
1 36 -1 264
1 35 -1 182
1 34 -1 -1
1 33 -1 272
1 32 -1 246
1 31 149 90
1 30 -1 -1
1 29 -1 158
1 28 -1 -1
1 27 -1 184
1 26 -1 150
1 25 -1 276
1 24 -1 180
1 23 78 34
1 22 -1 254
1 21 -1 -1
1 20 -1 -1
1 19 -1 120
1 18 -1 238
1 17 -1 92
1 16 -1 -1
1 15 -1 120
1 14 -1 254
1 13 -1 288
1 12 -1 244
1 11 -1 258
1 10 -1 -1
1 9 -1 248
1 8 -1 154
1 7 -1 196
1 6 -1 -1
1 5 -1 182
1 4 -1 128
1 3 133 62
1 2 -1 -1
