nnodes narcs source target type
50 2450 15 29 drone_routing_pli_project2
nodename posx posy
50 787.853 232.487
49 495.837 166.31
48 31.2712 326.957
47 486.474 543.821
46 881.918 651.403
45 486.633 703.48
44 42.5706 264.401
43 504.788 452.112
42 501.872 493.281
41 170.811 455.757
40 135.784 413.903
39 53.8838 419.17
38 36.3018 301.909
37 95.1354 480.862
36 124.553 637.224
35 965.165 487.856
34 149.719 960.906
33 380.069 14.2555
32 864.217 155.977
31 770.459 694.387
30 27.6361 138.377
29 591.696 265.061
28 2.20799 197.019
27 557.628 997.166
26 433.149 368.76
25 163.674 273.388
24 777.064 939.94
23 699.359 499.908
22 966.475 955.418
21 118.319 373.219
20 41.187 122.557
19 390.299 541.058
18 197.212 714.46
17 481.455 665.364
16 7.69238 606.643
15 745.059 816.21
14 961.165 885.922
13 24.9005 484.107
12 390.627 121.135
11 120.76 513.731
10 79.3911 312.879
9 803.492 138.988
8 620.534 283.871
7 332.658 476
6 66.6987 232.196
5 380.276 229.809
4 673.776 855.438
3 530.047 649.67
2 50.1539 732.548
1 654.037 568.264
tail head car_cost drone_cost
50 49 -1 622
50 48 -1 -1
50 47 -1 938
50 46 -1 804
50 45 -1 -1
50 44 -1 -1
50 43 -1 706
50 42 -1 642
50 41 -1 1092
50 40 -1 -1
50 39 -1 -1
50 38 -1 -1
50 37 -1 -1
50 36 -1 -1
50 35 365 746
50 34 -1 -1
50 33 -1 798
50 32 116 218
50 31 -1 912
50 30 -1 -1
50 29 190 422
50 28 -1 -1
50 27 -1 -1
50 26 -1 894
50 25 -1 1178
50 24 -1 -1
50 23 319 474
50 22 -1 -1
50 21 -1 -1
50 20 -1 -1
50 19 -1 944
50 18 -1 -1
50 17 -1 914
50 16 -1 -1
50 15 -1 -1
50 14 -1 -1
50 13 -1 -1
50 12 -1 814
50 11 -1 -1
50 10 -1 -1
50 9 107 194
50 8 155 292
50 7 -1 844
50 6 -1 -1
50 5 -1 808
50 4 -1 -1
50 3 -1 1038
50 2 -1 -1
50 1 -1 778
49 50 -1 676
49 48 -1 1126
49 47 -1 622
49 46 -1 1090
49 45 -1 1160
49 44 -1 1092
49 43 -1 522
49 42 -1 686
49 41 -1 990
49 40 -1 818
49 39 -1 1106
49 38 -1 958
49 37 -1 1066
49 36 -1 1022
49 35 -1 1170
49 34 -1 -1
49 33 213 312
49 32 -1 872
49 31 -1 -1
49 30 -1 920
49 29 133 298
49 28 -1 1110
49 27 -1 -1
49 26 182 450
49 25 -1 758
49 24 -1 -1
49 23 -1 858
49 22 -1 -1
49 21 -1 778
49 20 -1 876
49 19 -1 818
49 18 -1 -1
49 17 -1 898
49 16 -1 -1
49 15 -1 -1
49 14 -1 -1
49 13 -1 1064
49 12 98 232
49 11 -1 982
49 10 -1 750
49 9 274 558
49 8 -1 302
49 7 -1 642
49 6 -1 962
49 5 141 276
49 4 -1 -1
49 3 -1 1130
49 2 -1 -1
49 1 -1 1000
48 50 -1 -1
48 49 -1 1074
48 47 -1 1170
48 46 -1 -1
48 45 -1 1008
48 44 -1 118
48 43 -1 920
48 42 -1 886
48 41 -1 336
48 40 -1 270
48 39 86 156
48 38 25 58
48 37 -1 320
48 36 -1 768
48 35 -1 -1
48 34 -1 -1
48 33 -1 932
48 32 -1 -1
48 31 -1 -1
48 30 -1 338
48 29 -1 -1
48 28 120 232
48 27 -1 -1
48 26 -1 654
48 25 -1 332
48 24 -1 -1
48 23 -1 -1
48 22 -1 -1
48 21 110 230
48 20 -1 406
48 19 -1 942
48 18 -1 738
48 17 -1 -1
48 16 -1 638
48 15 -1 -1
48 14 -1 -1
48 13 159 306
48 12 -1 820
48 11 -1 462
48 10 44 112
48 9 -1 -1
48 8 -1 -1
48 7 -1 614
48 6 -1 180
48 5 -1 764
48 4 -1 -1
48 3 -1 -1
48 2 -1 712
48 1 -1 -1
47 50 -1 838
47 49 -1 802
47 48 -1 820
47 46 -1 796
47 45 -1 300
47 44 -1 -1
47 43 -1 202
47 42 63 116
47 41 -1 542
47 40 -1 848
47 39 -1 918
47 38 -1 1036
47 37 -1 818
47 36 -1 612
47 35 -1 830
47 34 -1 870
47 33 -1 1168
47 32 -1 872
47 31 -1 590
47 30 -1 -1
47 29 -1 488
47 28 -1 -1
47 27 -1 970
47 26 -1 304
47 25 -1 1008
47 24 -1 1092
47 23 -1 368
47 22 -1 -1
47 21 -1 884
47 20 -1 -1
47 19 98 182
47 18 -1 718
47 17 99 276
47 16 -1 998
47 15 -1 630
47 14 -1 -1
47 13 -1 982
47 12 -1 1004
47 11 -1 686
47 10 -1 1064
47 9 -1 920
47 8 -1 542
47 7 -1 346
47 6 -1 -1
47 5 -1 654
47 4 -1 726
47 3 115 220
47 2 -1 1102
47 1 159 290
46 50 -1 854
46 49 -1 -1
46 48 -1 -1
46 47 -1 944
46 45 -1 678
46 44 -1 -1
46 43 -1 838
46 42 -1 862
46 41 -1 -1
46 40 -1 -1
46 39 -1 -1
46 38 -1 -1
46 37 -1 -1
46 36 -1 -1
46 35 217 376
46 34 -1 -1
46 33 -1 -1
46 32 -1 994
46 31 99 200
46 30 -1 -1
46 29 -1 944
46 28 -1 -1
46 27 -1 1066
46 26 -1 952
46 25 -1 -1
46 24 -1 700
46 23 236 512
46 22 -1 652
46 21 -1 -1
46 20 -1 -1
46 19 -1 808
46 18 -1 -1
46 17 -1 914
46 16 -1 -1
46 15 223 470
46 14 205 580
46 13 -1 -1
46 12 -1 -1
46 11 -1 -1
46 10 -1 -1
46 9 -1 1098
46 8 -1 814
46 7 -1 946
46 6 -1 -1
46 5 -1 -1
46 4 -1 610
46 3 -1 720
46 2 -1 -1
46 1 -1 392
45 50 -1 -1
45 49 -1 988
45 48 -1 976
45 47 -1 290
45 46 -1 656
45 44 -1 -1
45 43 -1 536
45 42 -1 366
45 41 -1 852
45 40 -1 966
45 39 -1 -1
45 38 -1 -1
45 37 -1 934
45 36 -1 732
45 35 -1 970
45 34 402 876
45 33 -1 -1
45 32 -1 -1
45 31 -1 612
45 30 -1 -1
45 29 -1 794
45 28 -1 -1
45 27 360 556
45 26 -1 706
45 25 -1 1156
45 24 -1 812
45 23 -1 678
45 22 -1 986
45 21 -1 824
45 20 -1 -1
45 19 -1 396
45 18 338 566
45 17 44 72
45 16 -1 908
45 15 -1 618
45 14 -1 1002
45 13 -1 1076
45 12 -1 1102
45 11 -1 818
45 10 -1 978
45 9 -1 -1
45 8 -1 958
45 7 -1 466
45 6 -1 -1
45 5 -1 844
45 4 228 548
45 3 65 114
45 2 -1 932
45 1 -1 362
44 50 -1 -1
44 49 -1 874
44 48 -1 142
44 47 -1 1136
44 46 -1 -1
44 45 -1 -1
44 43 -1 1134
44 42 -1 908
44 41 -1 486
44 40 -1 336
44 39 -1 356
44 38 33 64
44 37 -1 530
44 36 -1 660
44 35 -1 -1
44 34 -1 1166
44 33 -1 912
44 32 -1 -1
44 31 -1 -1
44 30 -1 266
44 29 -1 -1
44 28 76 152
44 27 -1 -1
44 26 -1 948
44 25 -1 258
44 24 -1 -1
44 23 -1 -1
44 22 -1 -1
44 21 -1 236
44 20 -1 234
44 19 -1 1010
44 18 -1 914
44 17 -1 1142
44 16 -1 646
44 15 -1 -1
44 14 -1 -1
44 13 -1 480
44 12 -1 864
44 11 -1 538
44 10 54 110
44 9 -1 -1
44 8 -1 1054
44 7 -1 598
44 6 37 74
44 5 -1 766
44 4 -1 -1
44 3 -1 -1
44 2 -1 984
44 1 -1 -1
43 50 -1 808
43 49 -1 518
43 48 -1 832
43 47 -1 186
43 46 -1 912
43 45 -1 588
43 44 -1 1112
43 42 41 68
43 41 -1 628
43 40 -1 604
43 39 -1 908
43 38 -1 1060
43 37 -1 856
43 36 -1 914
43 35 -1 1052
43 34 -1 -1
43 33 -1 958
43 32 -1 1052
43 31 -1 640
43 30 -1 -1
43 29 220 378
43 28 -1 -1
43 27 -1 1150
43 26 119 206
43 25 -1 624
43 24 -1 1080
43 23 182 342
43 22 -1 1114
43 21 -1 926
43 20 -1 1064
43 19 137 246
43 18 -1 710
43 17 -1 354
43 16 -1 1098
43 15 -1 914
43 14 -1 -1
43 13 -1 880
43 12 -1 694
43 11 -1 650
43 10 -1 1018
43 9 -1 846
43 8 210 468
43 7 205 352
43 6 -1 900
43 5 -1 580
43 4 -1 962
43 3 -1 366
43 2 -1 1168
43 1 -1 400
42 50 -1 666
42 49 -1 702
42 48 -1 1174
42 47 57 106
42 46 -1 936
42 45 -1 422
42 44 -1 1090
42 43 40 90
42 41 -1 678
42 40 -1 874
42 39 -1 1080
42 38 -1 1082
42 37 -1 822
42 36 -1 740
42 35 -1 1072
42 34 -1 1036
42 33 -1 940
42 32 -1 840
42 31 -1 762
42 30 -1 -1
42 29 -1 506
42 28 -1 1140
42 27 -1 -1
42 26 -1 272
42 25 -1 772
42 24 -1 1170
42 23 220 378
42 22 -1 -1
42 21 -1 854
42 20 -1 1148
42 19 126 224
42 18 -1 874
42 17 -1 380
42 16 -1 934
42 15 -1 650
42 14 -1 1026
42 13 -1 1128
42 12 -1 932
42 11 -1 900
42 10 -1 794
42 9 -1 836
42 8 -1 480
42 7 -1 410
42 6 -1 -1
42 5 -1 696
42 4 -1 746
42 3 -1 272
42 2 -1 826
42 1 152 330
41 50 -1 -1
41 49 -1 702
41 48 -1 306
41 47 -1 564
41 46 -1 -1
41 45 -1 780
41 44 -1 500
41 43 -1 552
41 42 -1 620
41 40 54 124
41 39 -1 210
41 38 -1 474
41 37 76 152
41 36 -1 334
41 35 -1 -1
41 34 -1 902
41 33 -1 966
41 32 -1 -1
41 31 -1 1126
41 30 -1 664
41 29 -1 1104
41 28 -1 556
41 27 -1 -1
41 26 -1 628
41 25 160 434
41 24 -1 -1
41 23 -1 1006
41 22 -1 -1
41 21 -1 228
41 20 -1 858
41 19 -1 420
41 18 -1 450
41 17 -1 854
41 16 -1 430
41 15 -1 1134
41 14 -1 -1
41 13 -1 310
41 12 -1 736
41 11 67 178
41 10 -1 366
41 9 -1 -1
41 8 -1 978
41 7 192 272
41 6 -1 440
41 5 -1 690
41 4 -1 1064
41 3 -1 720
41 2 -1 556
41 1 -1 1126
40 50 -1 -1
40 49 -1 782
40 48 -1 318
40 47 -1 892
40 46 -1 -1
40 45 -1 990
40 44 -1 302
40 43 -1 762
40 42 -1 840
40 41 55 92
40 39 78 194
40 38 -1 348
40 37 92 182
40 36 -1 514
40 35 -1 -1
40 34 -1 -1
40 33 -1 824
40 32 -1 -1
40 31 -1 -1
40 30 -1 680
40 29 -1 1082
40 28 -1 498
40 27 -1 -1
40 26 -1 602
40 25 133 340
40 24 -1 -1
40 23 -1 1044
40 22 -1 -1
40 21 39 88
40 20 -1 584
40 19 -1 532
40 18 -1 688
40 17 -1 858
40 16 -1 438
40 15 -1 -1
40 14 -1 -1
40 13 -1 240
40 12 -1 630
40 11 -1 180
40 10 -1 272
40 9 -1 -1
40 8 -1 992
40 7 -1 476
40 6 -1 332
40 5 -1 714
40 4 -1 -1
40 3 -1 768
40 2 -1 560
40 1 -1 1150
39 50 -1 -1
39 49 -1 -1
39 48 87 228
39 47 -1 1058
39 46 -1 -1
39 45 -1 912
39 44 -1 268
39 43 -1 848
39 42 -1 936
39 41 -1 206
39 40 96 158
39 38 -1 250
39 37 86 162
39 36 -1 466
39 35 -1 -1
39 34 -1 -1
39 33 -1 848
39 32 -1 -1
39 31 -1 -1
39 30 -1 600
39 29 -1 -1
39 28 -1 456
39 27 -1 -1
39 26 -1 842
39 25 -1 426
39 24 -1 -1
39 23 -1 -1
39 22 -1 -1
39 21 84 142
39 20 -1 564
39 19 -1 588
39 18 -1 678
39 17 -1 1010
39 16 -1 388
39 15 -1 -1
39 14 -1 -1
39 13 78 166
39 12 -1 924
39 11 -1 272
39 10 -1 258
39 9 -1 -1
39 8 -1 1108
39 7 -1 578
39 6 -1 420
39 5 -1 752
39 4 -1 -1
39 3 -1 1096
39 2 -1 536
39 1 -1 -1
38 50 -1 -1
38 49 -1 840
38 48 23 54
38 47 -1 -1
38 46 -1 -1
38 45 -1 1154
38 44 40 88
38 43 -1 1150
38 42 -1 900
38 41 -1 454
38 40 -1 348
38 39 -1 212
38 37 -1 310
38 36 -1 610
38 35 -1 -1
38 34 -1 -1
38 33 -1 768
38 32 -1 -1
38 31 -1 -1
38 30 -1 304
38 29 -1 1146
38 28 131 244
38 27 -1 -1
38 26 -1 882
38 25 -1 312
38 24 -1 -1
38 23 -1 -1
38 22 -1 -1
38 21 -1 248
38 20 -1 398
38 19 -1 1014
38 18 -1 736
38 17 -1 996
38 16 -1 630
38 15 -1 -1
38 14 -1 -1
38 13 -1 382
38 12 -1 882
38 11 -1 392
38 10 52 90
38 9 -1 -1
38 8 -1 -1
38 7 -1 800
38 6 -1 174
38 5 -1 646
38 4 -1 -1
38 3 -1 -1
38 2 -1 830
38 1 -1 -1
37 50 -1 -1
37 49 -1 1118
37 48 -1 292
37 47 -1 772
37 46 -1 -1
37 45 -1 1028
37 44 -1 464
37 43 -1 688
37 42 -1 782
37 41 88 156
37 40 65 128
37 39 81 178
37 38 -1 436
37 36 -1 314
37 35 -1 -1
37 34 -1 988
37 33 -1 -1
37 32 -1 -1
37 31 -1 -1
37 30 -1 798
37 29 -1 904
37 28 -1 676
37 27 -1 -1
37 26 -1 848
37 25 -1 496
37 24 -1 -1
37 23 -1 -1
37 22 -1 -1
37 21 -1 190
37 20 -1 636
37 19 -1 724
37 18 -1 534
37 17 -1 958
37 16 -1 272
37 15 -1 1174
37 14 -1 -1
37 13 60 146
37 12 -1 922
37 11 43 78
37 10 -1 348
37 9 -1 -1
37 8 -1 920
37 7 -1 490
37 6 -1 420
37 5 -1 644
37 4 -1 -1
37 3 -1 980
37 2 -1 466
37 1 -1 1112
36 50 -1 -1
36 49 -1 1034
36 48 -1 730
36 47 -1 628
36 46 -1 -1
36 45 -1 814
36 44 -1 808
36 43 -1 864
36 42 -1 860
36 41 -1 430
36 40 -1 420
36 39 -1 452
36 38 -1 564
36 37 -1 316
36 35 -1 -1
36 34 -1 628
36 33 -1 -1
36 32 -1 -1
36 31 -1 1080
36 30 -1 1076
36 29 -1 -1
36 28 -1 984
36 27 -1 1018
36 26 -1 916
36 25 -1 846
36 24 -1 -1
36 23 -1 -1
36 22 -1 -1
36 21 -1 512
36 20 -1 856
36 19 -1 626
36 18 87 170
36 17 -1 668
36 16 105 240
36 15 -1 1128
36 14 -1 -1
36 13 -1 368
36 12 -1 -1
36 11 111 204
36 10 -1 614
36 9 -1 -1
36 8 -1 1046
36 7 212 628
36 6 -1 704
36 5 -1 900
36 4 -1 -1
36 3 -1 732
36 2 107 286
36 1 -1 1052
35 50 275 584
35 49 -1 1026
35 48 -1 -1
35 47 -1 1074
35 46 166 332
35 45 -1 850
35 44 -1 -1
35 43 -1 876
35 42 -1 1102
35 41 -1 -1
35 40 -1 -1
35 39 -1 -1
35 38 -1 -1
35 37 -1 -1
35 36 -1 -1
35 34 -1 -1
35 33 -1 -1
35 32 280 666
35 31 -1 598
35 30 -1 -1
35 29 -1 716
35 28 -1 -1
35 27 -1 -1
35 26 -1 -1
35 25 -1 -1
35 24 -1 1062
35 23 251 596
35 22 439 766
35 21 -1 -1
35 20 -1 -1
35 19 -1 -1
35 18 -1 -1
35 17 -1 984
35 16 -1 -1
35 15 -1 684
35 14 411 954
35 13 -1 -1
35 12 -1 -1
35 11 -1 -1
35 10 -1 -1
35 9 -1 684
35 8 -1 864
35 7 -1 -1
35 6 -1 -1
35 5 -1 -1
35 4 -1 920
35 3 -1 1110
35 2 -1 -1
35 1 -1 710
34 50 -1 -1
34 49 -1 -1
34 48 -1 -1
34 47 -1 1068
34 46 -1 -1
34 45 509 690
34 44 -1 -1
34 43 -1 1116
34 42 -1 1060
34 41 -1 826
34 40 -1 -1
34 39 -1 944
34 38 -1 -1
34 37 -1 796
34 36 -1 586
34 35 -1 -1
34 33 -1 -1
34 32 -1 -1
34 31 -1 -1
34 30 -1 -1
34 29 -1 -1
34 28 -1 -1
34 27 360 816
34 26 -1 -1
34 25 -1 -1
34 24 -1 -1
34 23 -1 -1
34 22 -1 -1
34 21 -1 -1
34 20 -1 -1
34 19 -1 844
34 18 202 458
34 17 -1 992
34 16 -1 750
34 15 -1 -1
34 14 -1 -1
34 13 -1 1014
34 12 -1 -1
34 11 -1 760
34 10 -1 1104
34 9 -1 -1
34 8 -1 -1
34 7 -1 832
34 6 -1 -1
34 5 -1 -1
34 4 -1 1156
34 3 -1 900
34 2 238 484
34 1 -1 -1
33 50 -1 746
33 49 217 376
33 48 -1 870
33 47 -1 914
33 46 -1 -1
33 45 -1 -1
33 44 -1 822
33 43 -1 858
33 42 -1 1100
33 41 -1 864
33 40 -1 1060
33 39 -1 -1
33 38 -1 1072
33 37 -1 1050
33 36 -1 -1
33 35 -1 -1
33 34 -1 -1
33 32 602 830
33 31 -1 -1
33 30 -1 808
33 29 -1 710
33 28 -1 748
33 27 -1 -1
33 26 -1 606
33 25 -1 690
33 24 -1 -1
33 23 -1 1024
33 22 -1 -1
33 21 -1 1014
33 20 422 634
33 19 -1 952
33 18 -1 -1
33 17 -1 1138
33 16 -1 -1
33 15 -1 -1
33 14 -1 -1
33 13 -1 -1
33 12 128 218
33 11 -1 1068
33 10 -1 736
33 9 515 1038
33 8 -1 778
33 7 -1 780
33 6 -1 692
33 5 -1 356
33 4 -1 -1
33 3 -1 -1
33 2 -1 -1
33 1 -1 -1
32 50 124 258
32 49 -1 834
32 48 -1 -1
32 47 -1 -1
32 46 -1 814
32 45 -1 -1
32 44 -1 -1
32 43 -1 1084
32 42 -1 882
32 41 -1 -1
32 40 -1 -1
32 39 -1 -1
32 38 -1 -1
32 37 -1 -1
32 36 -1 -1
32 35 323 826
32 34 -1 -1
32 33 574 928
32 31 -1 884
32 30 -1 -1
32 29 -1 560
32 28 -1 -1
32 27 -1 -1
32 26 -1 1056
32 25 -1 -1
32 24 -1 -1
32 23 -1 664
32 22 -1 -1
32 21 -1 -1
32 20 -1 -1
32 19 -1 -1
32 18 -1 -1
32 17 -1 -1
32 16 -1 -1
32 15 -1 -1
32 14 -1 -1
32 13 -1 -1
32 12 -1 956
32 11 -1 -1
32 10 -1 -1
32 9 57 140
32 8 -1 598
32 7 -1 -1
32 6 -1 -1
32 5 -1 906
32 4 -1 -1
32 3 -1 1146
32 2 -1 -1
32 1 -1 1042
31 50 -1 774
31 49 -1 990
31 48 -1 -1
31 47 -1 658
31 46 117 230
31 45 -1 598
31 44 -1 -1
31 43 -1 800
31 42 -1 750
31 41 -1 1140
31 40 -1 -1
31 39 -1 -1
31 38 -1 -1
31 37 -1 -1
31 36 -1 -1
31 35 -1 582
31 34 -1 -1
31 33 -1 -1
31 32 -1 1052
31 30 -1 -1
31 29 -1 1032
31 28 -1 -1
31 27 -1 720
31 26 -1 852
31 25 -1 -1
31 24 -1 414
31 23 241 374
31 22 -1 720
31 21 -1 -1
31 20 -1 -1
31 19 -1 870
31 18 -1 -1
31 17 -1 540
31 16 -1 -1
31 15 120 262
31 14 -1 626
31 13 -1 -1
31 12 -1 -1
31 11 -1 -1
31 10 -1 -1
31 9 -1 1092
31 8 -1 860
31 7 -1 788
31 6 -1 -1
31 5 -1 -1
31 4 188 348
31 3 243 578
31 2 -1 -1
31 1 157 288
30 50 -1 -1
30 49 -1 958
30 48 -1 314
30 47 -1 1058
30 46 -1 -1
30 45 -1 -1
30 44 -1 264
30 43 -1 1108
30 42 -1 1010
30 41 -1 816
30 40 -1 482
30 39 -1 494
30 38 -1 292
30 37 -1 566
30 36 -1 844
30 35 -1 -1
30 34 -1 -1
30 33 -1 818
30 32 -1 -1
30 31 -1 -1
30 29 -1 962
30 28 61 124
30 27 -1 -1
30 26 -1 800
30 25 -1 448
30 24 -1 -1
30 23 -1 -1
30 22 -1 -1
30 21 -1 522
30 20 19 46
30 19 -1 -1
30 18 -1 1150
30 17 -1 1168
30 16 -1 1010
30 15 -1 -1
30 14 -1 -1
30 13 -1 728
30 12 -1 860
30 11 -1 914
30 10 -1 348
30 9 -1 -1
30 8 -1 -1
30 7 -1 778
30 6 106 170
30 5 -1 836
30 4 -1 -1
30 3 -1 -1
30 2 -1 -1
30 1 -1 -1
29 50 167 322
29 49 138 252
29 48 -1 1038
29 47 -1 550
29 46 -1 1008
29 45 -1 1042
29 44 -1 1060
29 43 237 490
29 42 -1 428
29 41 -1 746
29 40 -1 1014
29 39 -1 1054
29 38 -1 -1
29 37 -1 914
29 36 -1 964
29 35 -1 700
29 34 -1 -1
29 33 -1 584
29 32 -1 650
29 31 -1 854
29 30 -1 1086
29 28 -1 -1
29 27 -1 -1
29 26 180 408
29 25 -1 722
29 24 -1 -1
29 23 -1 566
29 22 -1 -1
29 21 -1 1050
29 20 -1 -1
29 19 -1 772
29 18 -1 966
29 17 -1 892
29 16 -1 -1
29 15 -1 -1
29 14 -1 -1
29 13 -1 1040
29 12 -1 560
29 11 -1 864
29 10 -1 948
29 9 205 508
29 8 36 66
29 7 -1 730
29 6 -1 1058
29 5 -1 360
29 4 -1 986
29 3 -1 882
29 2 -1 -1
29 1 -1 716
28 50 -1 -1
28 49 -1 1094
28 48 159 304
28 47 -1 1114
28 46 -1 -1
28 45 -1 -1
28 44 73 170
28 43 -1 -1
28 42 -1 -1
28 41 -1 552
28 40 -1 454
28 39 -1 504
28 38 128 228
28 37 -1 506
28 36 -1 986
28 35 -1 -1
28 34 -1 -1
28 33 -1 686
28 32 -1 -1
28 31 -1 -1
28 30 53 118
28 29 -1 954
28 27 -1 -1
28 26 -1 830
28 25 -1 298
28 24 -1 -1
28 23 -1 -1
28 22 -1 -1
28 21 -1 342
28 20 -1 188
28 19 -1 1090
28 18 -1 954
28 17 -1 -1
28 16 337 888
28 15 -1 -1
28 14 -1 -1
28 13 288 638
28 12 -1 754
28 11 -1 762
28 10 -1 268
28 9 -1 -1
28 8 -1 -1
28 7 -1 764
28 6 60 126
28 5 -1 680
28 4 -1 -1
28 3 -1 -1
28 2 -1 1028
28 1 -1 -1
27 50 -1 -1
27 49 -1 -1
27 48 -1 -1
27 47 -1 966
27 46 -1 986
27 45 254 486
27 44 -1 -1
27 43 -1 900
27 42 -1 968
27 41 -1 1112
27 40 -1 1168
27 39 -1 -1
27 38 -1 -1
27 37 -1 -1
27 36 -1 -1
27 35 -1 -1
27 34 409 830
27 33 -1 -1
27 32 -1 -1
27 31 -1 596
27 30 -1 -1
27 29 -1 -1
27 28 -1 -1
27 26 -1 -1
27 25 -1 -1
27 24 188 414
27 23 -1 1108
27 22 448 724
27 21 -1 -1
27 20 -1 -1
27 19 -1 1086
27 18 -1 962
27 17 -1 564
27 16 -1 -1
27 15 -1 468
27 14 -1 940
27 13 -1 -1
27 12 -1 -1
27 11 -1 -1
27 10 -1 -1
27 9 -1 -1
27 8 -1 -1
27 7 -1 1146
27 6 -1 -1
27 5 -1 -1
27 4 187 362
27 3 -1 754
27 2 -1 -1
27 1 -1 934
26 50 -1 620
26 49 222 454
26 48 -1 654
26 47 -1 360
26 46 -1 1172
26 45 -1 664
26 44 -1 890
26 43 101 206
26 42 -1 300
26 41 -1 602
26 40 -1 512
26 39 -1 812
26 38 -1 696
26 37 -1 734
26 36 -1 724
26 35 -1 902
26 34 -1 -1
26 33 -1 652
26 32 -1 970
26 31 -1 918
26 30 -1 1098
26 29 189 378
26 28 -1 1080
26 27 -1 -1
26 25 -1 554
26 24 -1 -1
26 23 -1 494
26 22 -1 -1
26 21 -1 622
26 20 -1 898
26 19 -1 320
26 18 -1 884
26 17 -1 502
26 16 -1 886
26 15 -1 1134
26 14 -1 -1
26 13 -1 1014
26 12 -1 582
26 11 -1 706
26 10 -1 800
26 9 -1 910
26 8 -1 440
26 7 163 298
26 6 -1 766
26 5 161 324
26 4 -1 1032
26 3 -1 508
26 2 -1 940
26 1 -1 652
25 50 -1 -1
25 49 -1 574
25 48 -1 270
25 47 -1 884
25 46 -1 -1
25 45 -1 1012
25 44 -1 256
25 43 -1 742
25 42 -1 718
25 41 156 358
25 40 134 324
25 39 -1 424
25 38 -1 276
25 37 -1 410
25 36 -1 670
25 35 -1 -1
25 34 -1 -1
25 33 -1 640
25 32 -1 -1
25 31 -1 -1
25 30 -1 372
25 29 -1 864
25 28 -1 318
25 27 -1 -1
25 26 -1 490
25 24 -1 -1
25 23 -1 -1
25 22 -1 -1
25 21 130 262
25 20 228 324
25 19 -1 666
25 18 -1 798
25 17 -1 1004
25 16 -1 762
25 15 -1 -1
25 14 -1 -1
25 13 -1 476
25 12 321 492
25 11 -1 442
25 10 94 198
25 9 -1 -1
25 8 -1 960
25 7 278 584
25 6 99 252
25 5 254 494
25 4 -1 -1
25 3 -1 1016
25 2 -1 838
25 1 -1 1110
24 50 -1 1166
24 49 -1 -1
24 48 -1 -1
24 47 -1 858
24 46 -1 598
24 45 -1 616
24 44 -1 -1
24 43 -1 1072
24 42 -1 1096
24 41 -1 -1
24 40 -1 -1
24 39 -1 -1
24 38 -1 -1
24 37 -1 -1
24 36 -1 -1
24 35 -1 920
24 34 -1 1058
24 33 -1 -1
24 32 -1 -1
24 31 -1 428
24 30 -1 -1
24 29 -1 -1
24 28 -1 -1
24 27 243 390
24 26 -1 1168
24 25 -1 -1
24 23 -1 896
24 22 158 434
24 21 -1 -1
24 20 -1 -1
24 19 -1 928
24 18 -1 -1
24 17 -1 894
24 16 -1 -1
24 15 142 250
24 14 172 442
24 13 -1 -1
24 12 -1 -1
24 11 -1 -1
24 10 -1 -1
24 9 -1 -1
24 8 -1 1094
24 7 -1 -1
24 6 -1 -1
24 5 -1 -1
24 4 148 300
24 3 -1 742
24 2 -1 -1
24 1 -1 882
23 50 337 620
23 49 -1 696
23 48 -1 -1
23 47 -1 496
23 46 242 428
23 45 -1 670
23 44 -1 -1
23 43 200 464
23 42 224 378
23 41 -1 -1
23 40 -1 972
23 39 -1 1142
23 38 -1 -1
23 37 -1 -1
23 36 -1 -1
23 35 242 530
23 34 -1 -1
23 33 -1 1056
23 32 -1 628
23 31 235 372
23 30 -1 -1
23 29 -1 468
23 28 -1 -1
23 27 -1 1094
23 26 -1 580
23 25 -1 -1
23 24 -1 972
23 22 -1 -1
23 21 -1 1094
23 20 -1 -1
23 19 -1 622
23 18 -1 -1
23 17 -1 608
23 16 -1 -1
23 15 -1 586
23 14 -1 862
23 13 -1 -1
23 12 -1 828
23 11 -1 -1
23 10 -1 -1
23 9 -1 856
23 8 212 452
23 7 -1 666
23 6 -1 -1
23 5 -1 844
23 4 -1 694
23 3 -1 382
23 2 -1 -1
23 1 69 162
22 50 -1 -1
22 49 -1 -1
22 48 -1 -1
22 47 -1 -1
22 46 -1 628
22 45 -1 948
22 44 -1 -1
22 43 -1 -1
22 42 -1 -1
22 41 -1 -1
22 40 -1 -1
22 39 -1 -1
22 38 -1 -1
22 37 -1 -1
22 36 -1 -1
22 35 415 978
22 34 -1 -1
22 33 -1 -1
22 32 -1 -1
22 31 -1 768
22 30 -1 -1
22 29 -1 -1
22 28 -1 -1
22 27 351 786
22 26 -1 -1
22 25 -1 -1
22 24 186 376
22 23 -1 1124
22 21 -1 -1
22 20 -1 -1
22 19 -1 -1
22 18 -1 -1
22 17 -1 936
22 16 -1 -1
22 15 -1 556
22 14 82 168
22 13 -1 -1
22 12 -1 -1
22 11 -1 -1
22 10 -1 -1
22 9 -1 -1
22 8 -1 -1
22 7 -1 -1
22 6 -1 -1
22 5 -1 -1
22 4 -1 576
22 3 -1 868
22 2 -1 -1
22 1 -1 1012
21 50 -1 -1
21 49 -1 850
21 48 111 210
21 47 -1 728
21 46 -1 -1
21 45 -1 856
21 44 -1 218
21 43 -1 808
21 42 -1 876
21 41 -1 190
21 40 53 92
21 39 95 158
21 38 -1 210
21 37 -1 192
21 36 -1 616
21 35 -1 -1
21 34 -1 -1
21 33 -1 780
21 32 -1 -1
21 31 -1 -1
21 30 -1 518
21 29 -1 1092
21 28 -1 342
21 27 -1 -1
21 26 -1 692
21 25 95 240
21 24 -1 -1
21 23 -1 1060
21 22 -1 -1
21 20 -1 510
21 19 -1 614
21 18 -1 770
21 17 -1 840
21 16 -1 616
21 15 -1 -1
21 14 -1 -1
21 13 -1 294
21 12 -1 628
21 11 -1 328
21 10 73 130
21 9 -1 -1
21 8 -1 898
21 7 -1 524
21 6 -1 278
21 5 -1 602
21 4 -1 -1
21 3 -1 812
21 2 -1 664
21 1 -1 -1
20 50 -1 -1
20 49 -1 912
20 48 -1 462
20 47 -1 1136
20 46 -1 -1
20 45 -1 -1
20 44 -1 240
20 43 -1 -1
20 42 -1 -1
20 41 -1 630
20 40 -1 668
20 39 -1 612
20 38 -1 380
20 37 -1 680
20 36 -1 1162
20 35 -1 -1
20 34 -1 -1
20 33 419 728
20 32 -1 -1
20 31 -1 -1
20 30 20 50
20 29 -1 -1
20 28 -1 164
20 27 -1 -1
20 26 -1 1100
20 25 231 374
20 24 -1 -1
20 23 -1 -1
20 22 -1 -1
20 21 -1 504
20 19 -1 890
20 18 -1 1044
20 17 -1 -1
20 16 -1 874
20 15 -1 -1
20 14 -1 -1
20 13 -1 660
20 12 400 794
20 11 -1 928
20 10 -1 378
20 9 -1 -1
20 8 -1 1172
20 7 -1 818
20 6 92 226
20 5 -1 700
20 4 -1 -1
20 3 -1 -1
20 2 -1 -1
20 1 -1 -1
19 50 -1 932
19 49 -1 642
19 48 -1 844
19 47 115 188
19 46 -1 832
19 45 -1 366
19 44 -1 782
19 43 118 282
19 42 113 236
19 41 -1 494
19 40 -1 604
19 39 -1 688
19 38 -1 1010
19 37 -1 720
19 36 -1 496
19 35 -1 998
19 34 -1 1112
19 33 -1 1166
19 32 -1 1004
19 31 -1 842
19 30 -1 1014
19 29 -1 638
19 28 -1 1036
19 27 -1 990
19 26 -1 290
19 25 -1 780
19 24 -1 964
19 23 -1 506
19 22 -1 -1
19 21 -1 542
19 20 -1 1150
19 18 294 594
19 17 153 350
19 16 -1 642
19 15 -1 934
19 14 -1 1080
19 13 -1 720
19 12 -1 776
19 11 -1 512
19 10 -1 812
19 9 -1 -1
19 8 -1 698
19 7 103 192
19 6 -1 1056
19 5 -1 728
19 4 -1 928
19 3 -1 370
19 2 -1 778
19 1 -1 458
18 50 -1 -1
18 49 -1 1068
18 48 -1 790
18 47 -1 674
18 46 -1 -1
18 45 289 670
18 44 -1 1126
18 43 -1 674
18 42 -1 738
18 41 -1 596
18 40 -1 630
18 39 -1 718
18 38 -1 864
18 37 -1 518
18 36 107 188
18 35 -1 -1
18 34 256 558
18 33 -1 -1
18 32 -1 -1
18 31 -1 1004
18 30 -1 1162
18 29 -1 1092
18 28 -1 994
18 27 -1 828
18 26 -1 988
18 25 -1 884
18 24 -1 -1
18 23 -1 968
18 22 -1 -1
18 21 -1 618
18 20 -1 -1
18 19 237 486
18 17 342 612
18 16 -1 450
18 15 -1 1024
18 14 -1 -1
18 13 -1 658
18 12 -1 -1
18 11 -1 368
18 10 -1 812
18 9 -1 -1
18 8 -1 1042
18 7 264 596
18 6 -1 1072
18 5 -1 852
18 4 -1 1174
18 3 -1 568
18 2 156 276
18 1 -1 990
17 50 -1 1072
17 49 -1 1170
17 48 -1 -1
17 47 146 254
17 46 -1 822
17 45 38 90
17 44 -1 986
17 43 -1 422
17 42 -1 356
17 41 -1 854
17 40 -1 924
17 39 -1 1038
17 38 -1 1060
17 37 -1 690
17 36 -1 638
17 35 -1 1090
17 34 -1 890
17 33 -1 -1
17 32 -1 1150
17 31 -1 502
17 30 -1 -1
17 29 -1 758
17 28 -1 -1
17 27 -1 626
17 26 -1 504
17 25 -1 1138
17 24 -1 736
17 23 -1 448
17 22 -1 1092
17 21 -1 768
17 20 -1 1178
17 19 179 286
17 18 236 472
17 16 -1 1116
17 15 -1 564
17 14 -1 1070
17 13 -1 944
17 12 -1 1134
17 11 -1 768
17 10 -1 950
17 9 -1 998
17 8 -1 864
17 7 -1 486
17 6 -1 1018
17 5 -1 728
17 4 -1 486
17 3 53 122
17 2 -1 982
17 1 -1 358
16 50 -1 -1
16 49 -1 -1
16 48 -1 494
16 47 -1 1052
16 46 -1 -1
16 45 -1 892
16 44 -1 620
16 43 -1 -1
16 42 -1 872
16 41 -1 446
16 40 -1 478
16 39 -1 322
16 38 -1 632
16 37 -1 304
16 36 98 222
16 35 -1 -1
16 34 -1 624
16 33 -1 -1
16 32 -1 -1
16 31 -1 -1
16 30 -1 906
16 29 -1 -1
16 28 481 716
16 27 -1 -1
16 26 -1 796
16 25 -1 656
16 24 -1 -1
16 23 -1 -1
16 22 -1 -1
16 21 -1 562
16 20 -1 1140
16 19 -1 874
16 18 -1 382
16 17 -1 988
16 15 -1 -1
16 14 -1 -1
16 13 143 202
16 12 -1 -1
16 11 158 332
16 10 -1 652
16 9 -1 -1
16 8 -1 -1
16 7 -1 652
16 6 -1 674
16 5 -1 1164
16 4 -1 -1
16 3 -1 -1
16 2 108 290
16 1 -1 1100
15 50 -1 -1
15 49 -1 1148
15 48 -1 -1
15 47 -1 614
15 46 177 358
15 45 -1 590
15 44 -1 -1
15 43 -1 706
15 42 -1 756
15 41 -1 -1
15 40 -1 -1
15 39 -1 -1
15 38 -1 -1
15 37 -1 -1
15 36 -1 1176
15 35 -1 708
15 34 -1 1044
15 33 -1 -1
15 32 -1 -1
15 31 128 232
15 30 -1 -1
15 29 -1 1054
15 28 -1 -1
15 27 -1 580
15 26 -1 -1
15 25 -1 -1
15 24 140 264
15 23 -1 656
15 22 -1 562
15 21 -1 -1
15 20 -1 -1
15 19 -1 722
15 18 -1 -1
15 17 -1 540
15 16 -1 -1
15 14 210 538
15 13 -1 -1
15 12 -1 -1
15 11 -1 -1
15 10 -1 -1
15 9 -1 -1
15 8 -1 998
15 7 -1 1080
15 6 -1 -1
15 5 -1 -1
15 4 94 164
15 3 -1 508
15 2 -1 -1
15 1 -1 592
14 50 -1 -1
14 49 -1 -1
14 48 -1 -1
14 47 -1 1020
14 46 245 562
14 45 -1 962
14 44 -1 -1
14 43 -1 1130
14 42 -1 -1
14 41 -1 -1
14 40 -1 -1
14 39 -1 -1
14 38 -1 -1
14 37 -1 -1
14 36 -1 -1
14 35 353 730
14 34 -1 -1
14 33 -1 -1
14 32 -1 -1
14 31 -1 486
14 30 -1 -1
14 29 -1 -1
14 28 -1 -1
14 27 -1 750
14 26 -1 -1
14 25 -1 -1
14 24 214 312
14 23 -1 748
14 22 73 158
14 21 -1 -1
14 20 -1 -1
14 19 -1 -1
14 18 -1 -1
14 17 -1 972
14 16 -1 -1
14 15 195 500
14 13 -1 -1
14 12 -1 -1
14 11 -1 -1
14 10 -1 -1
14 9 -1 -1
14 8 -1 -1
14 7 -1 -1
14 6 -1 -1
14 5 -1 -1
14 4 -1 574
14 3 -1 1074
14 2 -1 -1
14 1 -1 766
13 50 -1 -1
13 49 -1 1132
13 48 184 318
13 47 -1 982
13 46 -1 -1
13 45 -1 1148
13 44 -1 466
13 43 -1 796
13 42 -1 806
13 41 -1 264
13 40 -1 252
13 39 79 160
13 38 -1 350
13 37 68 116
13 36 -1 300
13 35 -1 -1
13 34 -1 860
13 33 -1 948
13 32 -1 -1
13 31 -1 -1
13 30 -1 812
13 29 -1 -1
13 28 254 496
13 27 -1 -1
13 26 -1 898
13 25 -1 440
13 24 -1 -1
13 23 -1 -1
13 22 -1 -1
13 21 -1 278
13 20 -1 820
13 19 -1 778
13 18 -1 468
13 17 -1 1112
13 16 119 218
13 15 -1 -1
13 14 -1 -1
13 12 -1 1120
13 11 103 200
13 10 -1 392
13 9 -1 -1
13 8 -1 1096
13 7 -1 690
13 6 -1 484
13 5 -1 778
13 4 -1 -1
13 3 -1 -1
13 2 -1 534
13 1 -1 -1
12 50 -1 770
12 49 104 186
12 48 -1 684
12 47 -1 878
12 46 -1 -1
12 45 -1 -1
12 44 -1 724
12 43 -1 754
12 42 -1 768
12 41 -1 952
12 40 -1 864
12 39 -1 826
12 38 -1 868
12 37 -1 858
12 36 -1 934
12 35 -1 -1
12 34 -1 -1
12 33 104 234
12 32 -1 1064
12 31 -1 -1
12 30 -1 722
12 29 -1 582
12 28 -1 946
12 27 -1 -1
12 26 -1 560
12 25 323 632
12 24 -1 -1
12 23 -1 816
12 22 -1 -1
12 21 -1 840
12 20 400 742
12 19 -1 674
12 18 -1 -1
12 17 -1 922
12 16 -1 1172
12 15 -1 -1
12 14 -1 -1
12 13 -1 1014
12 11 -1 914
12 10 -1 604
12 9 -1 850
12 8 -1 644
12 7 -1 700
12 6 -1 800
12 5 124 260
12 4 -1 -1
12 3 -1 -1
12 2 -1 -1
12 1 -1 878
11 50 -1 -1
11 49 -1 -1
11 48 -1 372
11 47 -1 766
11 46 -1 -1
11 45 -1 942
11 44 -1 612
11 43 -1 654
11 42 -1 706
11 41 87 166
11 40 -1 162
11 39 -1 188
11 38 -1 474
11 37 39 72
11 36 139 276
11 35 -1 -1
11 34 -1 872
11 33 -1 980
11 32 -1 -1
11 31 -1 -1
11 30 -1 868
11 29 -1 1118
11 28 -1 678
11 27 -1 -1
11 26 -1 576
11 25 -1 432
11 24 -1 -1
11 23 -1 -1
11 22 -1 -1
11 21 -1 228
11 20 -1 678
11 19 -1 480
11 18 -1 432
11 17 -1 684
11 16 172 244
11 15 -1 -1
11 14 -1 -1
11 13 116 216
11 12 -1 780
11 10 -1 398
11 9 -1 -1
11 8 -1 -1
11 7 257 362
11 6 -1 594
11 5 -1 748
11 4 -1 -1
11 3 -1 924
11 2 -1 462
11 1 -1 992
10 50 -1 -1
10 49 -1 1060
10 48 46 94
10 47 -1 858
10 46 -1 -1
10 45 -1 -1
10 44 51 124
10 43 -1 1044
10 42 -1 756
10 41 -1 300
10 40 -1 194
10 39 -1 196
10 38 54 94
10 37 -1 358
10 36 -1 562
10 35 -1 -1
10 34 -1 -1
10 33 -1 972
10 32 -1 -1
10 31 -1 -1
10 30 -1 388
10 29 -1 1110
10 28 -1 294
10 27 -1 -1
10 26 -1 846
10 25 85 212
10 24 -1 -1
10 23 -1 -1
10 22 -1 -1
10 21 86 156
10 20 -1 452
10 19 -1 620
10 18 -1 990
10 17 -1 1136
10 16 -1 492
10 15 -1 -1
10 14 -1 -1
10 13 -1 422
10 12 -1 702
10 11 -1 446
10 9 -1 -1
10 8 -1 -1
10 7 -1 514
10 6 95 150
10 5 -1 676
10 4 -1 -1
10 3 -1 1034
10 2 -1 770
10 1 -1 -1
9 50 101 226
9 49 301 546
9 48 -1 -1
9 47 -1 864
9 46 -1 866
9 45 -1 -1
9 44 -1 -1
9 43 -1 718
9 42 -1 1062
9 41 -1 -1
9 40 -1 -1
9 39 -1 -1
9 38 -1 -1
9 37 -1 -1
9 36 -1 -1
9 35 -1 764
9 34 -1 -1
9 33 388 882
9 32 68 146
9 31 -1 1008
9 30 -1 -1
9 29 202 552
9 28 -1 -1
9 27 -1 -1
9 26 -1 808
9 25 -1 1176
9 24 -1 -1
9 23 -1 748
9 22 -1 -1
9 21 -1 -1
9 20 -1 -1
9 19 -1 976
9 18 -1 -1
9 17 -1 -1
9 16 -1 -1
9 15 -1 1162
9 14 -1 -1
9 13 -1 -1
9 12 -1 740
9 11 -1 -1
9 10 -1 -1
9 8 -1 452
9 7 -1 -1
9 6 -1 -1
9 5 -1 892
9 4 -1 -1
9 3 -1 -1
9 2 -1 -1
9 1 -1 782
8 50 190 288
8 49 -1 370
8 48 -1 1122
8 47 -1 478
8 46 -1 784
8 45 -1 936
8 44 -1 1172
8 43 232 458
8 42 -1 448
8 41 -1 1148
8 40 -1 1056
8 39 -1 1086
8 38 -1 -1
8 37 -1 1086
8 36 -1 1046
8 35 -1 734
8 34 -1 -1
8 33 -1 616
8 32 -1 488
8 31 -1 812
8 30 -1 1126
8 29 39 70
8 28 -1 1178
8 27 -1 -1
8 26 -1 434
8 25 -1 886
8 24 -1 1124
8 23 223 492
8 22 -1 -1
8 21 -1 888
8 20 -1 -1
8 19 -1 674
8 18 -1 1166
8 17 -1 736
8 16 -1 -1
8 15 -1 -1
8 14 -1 -1
8 13 -1 1172
8 12 -1 500
8 11 -1 1124
8 10 -1 1036
8 9 -1 512
8 7 -1 794
8 6 -1 1148
8 5 -1 564
8 4 -1 1102
8 3 -1 744
8 2 -1 -1
8 1 -1 652
7 50 -1 912
7 49 -1 654
7 48 -1 576
7 47 -1 324
7 46 -1 954
7 45 -1 568
7 44 -1 804
7 43 179 332
7 42 -1 300
7 41 165 304
7 40 -1 344
7 39 -1 532
7 38 -1 742
7 37 -1 462
7 36 216 458
7 35 -1 -1
7 34 -1 1128
7 33 -1 1054
7 32 -1 1110
7 31 -1 1108
7 30 -1 982
7 29 -1 664
7 28 -1 778
7 27 -1 1178
7 26 126 254
7 25 300 484
7 24 -1 -1
7 23 -1 792
7 22 -1 -1
7 21 -1 446
7 20 -1 1034
7 19 78 140
7 18 255 638
7 17 -1 402
7 16 -1 716
7 15 -1 902
7 14 -1 -1
7 13 -1 510
7 12 -1 834
7 11 239 412
7 10 -1 628
7 9 -1 978
7 8 -1 802
7 6 -1 834
7 5 220 536
7 4 -1 886
7 3 -1 618
7 2 -1 744
7 1 -1 660
6 50 -1 -1
6 49 -1 1040
6 48 -1 186
6 47 -1 998
6 46 -1 -1
6 45 -1 -1
6 44 46 82
6 43 -1 982
6 42 -1 1036
6 41 -1 420
6 40 -1 330
6 39 -1 310
6 38 -1 134
6 37 -1 508
6 36 -1 948
6 35 -1 -1
6 34 -1 -1
6 33 -1 716
6 32 -1 -1
6 31 -1 -1
6 30 120 236
6 29 -1 874
6 28 86 164
6 27 -1 -1
6 26 -1 758
6 25 117 170
6 24 -1 -1
6 23 -1 -1
6 22 -1 -1
6 21 -1 276
6 20 128 252
6 19 -1 968
6 18 -1 1024
6 17 -1 -1
6 16 -1 676
6 15 -1 -1
6 14 -1 -1
6 13 -1 538
6 12 -1 708
6 11 -1 630
6 10 98 140
6 9 -1 -1
6 8 -1 1122
6 7 -1 600
6 5 -1 716
6 4 -1 -1
6 3 -1 1012
6 2 -1 806
6 1 -1 -1
5 50 -1 968
5 49 158 290
5 48 -1 848
5 47 -1 742
5 46 -1 -1
5 45 -1 870
5 44 -1 604
5 43 -1 524
5 42 -1 496
5 41 -1 604
5 40 -1 690
5 39 -1 652
5 38 -1 592
5 37 -1 816
5 36 -1 966
5 35 -1 -1
5 34 -1 -1
5 33 -1 446
5 32 -1 1136
5 31 -1 -1
5 30 -1 754
5 29 -1 448
5 28 -1 632
5 27 -1 -1
5 26 129 246
5 25 237 502
5 24 -1 -1
5 23 -1 978
5 22 -1 -1
5 21 -1 698
5 20 -1 686
5 19 -1 736
5 18 -1 1102
5 17 -1 734
5 16 -1 -1
5 15 -1 -1
5 14 -1 -1
5 13 -1 866
5 12 121 210
5 11 -1 774
5 10 -1 550
5 9 -1 846
5 8 -1 568
5 7 207 454
5 6 -1 612
5 4 -1 -1
5 3 -1 786
5 2 -1 -1
5 1 -1 962
4 50 -1 -1
4 49 -1 -1
4 48 -1 -1
4 47 -1 776
4 46 -1 468
4 45 216 550
4 44 -1 -1
4 43 -1 788
4 42 -1 720
4 41 -1 -1
4 40 -1 -1
4 39 -1 -1
4 38 -1 -1
4 37 -1 -1
4 36 -1 1180
4 35 -1 948
4 34 -1 1086
4 33 -1 -1
4 32 -1 -1
4 31 165 314
4 30 -1 -1
4 29 -1 1020
4 28 -1 -1
4 27 172 382
4 26 -1 1068
4 25 -1 -1
4 24 141 292
4 23 -1 822
4 22 -1 510
4 21 -1 -1
4 20 -1 -1
4 19 -1 1008
4 18 -1 1178
4 17 -1 452
4 16 -1 -1
4 15 79 156
4 14 -1 668
4 13 -1 -1
4 12 -1 -1
4 11 -1 -1
4 10 -1 -1
4 9 -1 -1
4 8 -1 1008
4 7 -1 1100
4 6 -1 -1
4 5 -1 -1
4 3 298 574
4 2 -1 -1
4 1 -1 592
3 50 -1 1174
3 49 -1 1066
3 48 -1 -1
3 47 119 262
3 46 -1 794
3 45 56 158
3 44 -1 -1
3 43 -1 474
3 42 -1 270
3 41 -1 780
3 40 -1 808
3 39 -1 -1
3 38 -1 1010
3 37 -1 808
3 36 -1 792
3 35 -1 952
3 34 -1 1000
3 33 -1 -1
3 32 -1 -1
3 31 201 574
3 30 -1 -1
3 29 -1 858
3 28 -1 -1
3 27 -1 642
3 26 -1 586
3 25 -1 -1
3 24 -1 680
3 23 -1 498
3 22 -1 1110
3 21 -1 966
3 20 -1 -1
3 19 -1 416
3 18 -1 800
3 17 61 92
3 16 -1 1090
3 15 -1 576
3 14 -1 972
3 13 -1 1098
3 12 -1 1168
3 11 -1 838
3 10 -1 902
3 9 -1 -1
3 8 -1 660
3 7 -1 488
3 6 -1 -1
3 5 -1 1070
3 4 218 414
3 2 -1 1120
3 1 156 276
2 50 -1 -1
2 49 -1 -1
2 48 -1 686
2 47 -1 896
2 46 -1 -1
2 45 -1 850
2 44 -1 898
2 43 -1 1162
2 42 -1 960
2 41 -1 656
2 40 -1 638
2 39 -1 508
2 38 -1 708
2 37 -1 528
2 36 126 258
2 35 -1 -1
2 34 285 558
2 33 -1 -1
2 32 -1 -1
2 31 -1 -1
2 30 -1 -1
2 29 -1 -1
2 28 -1 974
2 27 -1 1034
2 26 -1 1078
2 25 -1 772
2 24 -1 -1
2 23 -1 -1
2 22 -1 -1
2 21 -1 852
2 20 -1 -1
2 19 -1 642
2 18 152 272
2 17 -1 790
2 16 149 280
2 15 -1 -1
2 14 -1 -1
2 13 -1 404
2 12 -1 -1
2 11 -1 438
2 10 -1 786
2 9 -1 -1
2 8 -1 -1
2 7 -1 742
2 6 -1 822
2 5 -1 -1
2 4 -1 -1
2 3 -1 826
2 1 -1 -1
1 50 -1 700
1 49 -1 976
1 48 -1 -1
1 47 144 396
1 46 -1 434
1 45 -1 374
1 44 -1 -1
1 43 -1 318
1 42 196 294
1 41 -1 1020
1 40 -1 -1
1 39 -1 1006
1 38 -1 -1
1 37 -1 1162
1 36 -1 1054
1 35 -1 726
1 34 -1 -1
1 33 -1 1088
1 32 -1 984
1 31 149 356
1 30 -1 -1
1 29 -1 630
1 28 -1 -1
1 27 -1 736
1 26 -1 594
1 25 -1 1098
1 24 -1 720
1 23 78 134
1 22 -1 1012
1 21 -1 -1
1 20 -1 -1
1 19 -1 480
1 18 -1 946
1 17 -1 366
1 16 -1 -1
1 15 -1 476
1 14 -1 1010
1 13 -1 1152
1 12 -1 972
1 11 -1 1032
1 10 -1 -1
1 9 -1 988
1 8 -1 614
1 7 -1 778
1 6 -1 -1
1 5 -1 724
1 4 -1 508
1 3 133 246
1 2 -1 -1
