nnodes narcs source target type
50 2450 32 17 drone_routing_pli_project2
nodename posx posy
50 986.934 388.857
49 934.031 593.341
48 827.234 313.347
47 913.949 329.182
46 242.004 489.496
45 903.235 368.426
44 945.25 643.744
43 338.136 584.941
42 229.342 801.76
41 267.4 953.097
40 81.8416 569.725
39 195.334 593.232
38 658.511 937.884
37 512.247 552.193
36 607.099 375.62
35 759.929 670.62
34 280.868 704.665
33 203.298 88.5762
32 569.775 509.565
31 540.184 647.78
30 939.328 259.061
29 474.992 272.491
28 377.366 564.835
27 876.027 696.759
26 679.633 150.975
25 319.815 982.327
24 774.809 813.267
23 660.036 702.546
22 314.577 436.784
21 426.58 500.941
20 296.934 646.692
19 116.756 750.923
18 110.957 884.096
17 962.459 12.0538
16 694.994 228.603
15 392.896 899.323
14 891.081 593.873
13 932.664 340.327
12 6.57788 573.299
11 622.059 210.893
10 806.502 140.473
9 584.649 216.588
8 950.854 153.56
7 132.554 64.1665
6 351.209 573.345
5 750.497 366.274
4 187.59 990.434
3 565.489 1.76691
2 834.817 335.986
1 41.6303 454.492
tail head car_cost drone_cost
50 49 224 114
50 48 -1 76
50 47 -1 42
50 46 -1 -1
50 45 82 38
50 44 227 138
50 43 -1 -1
50 42 -1 -1
50 41 -1 -1
50 40 -1 -1
50 39 -1 -1
50 38 -1 -1
50 37 -1 204
50 36 -1 164
50 35 -1 176
50 34 -1 -1
50 33 -1 -1
50 32 -1 186
50 31 -1 230
50 30 142 82
50 29 -1 -1
50 28 -1 -1
50 27 -1 156
50 26 -1 198
50 25 -1 -1
50 24 -1 262
50 23 -1 248
50 22 -1 -1
50 21 -1 -1
50 20 -1 -1
50 19 -1 -1
50 18 -1 -1
50 17 385 220
50 16 -1 136
50 15 -1 -1
50 14 -1 100
50 13 87 30
50 12 -1 -1
50 11 -1 204
50 10 -1 132
50 9 -1 224
50 8 282 102
50 7 -1 -1
50 6 -1 -1
50 5 -1 142
50 4 -1 -1
50 3 -1 -1
50 2 -1 96
50 1 -1 -1
49 50 254 88
49 48 -1 128
49 47 -1 124
49 46 -1 -1
49 45 256 112
49 44 55 30
49 43 -1 -1
49 42 -1 -1
49 41 -1 -1
49 40 -1 -1
49 39 -1 -1
49 38 -1 202
49 37 -1 254
49 36 -1 190
49 35 -1 102
49 34 -1 -1
49 33 -1 -1
49 32 -1 180
49 31 -1 238
49 30 -1 172
49 29 -1 262
49 28 -1 -1
49 27 -1 60
49 26 -1 262
49 25 -1 -1
49 24 -1 118
49 23 -1 128
49 22 -1 260
49 21 -1 -1
49 20 -1 -1
49 19 -1 -1
49 18 -1 -1
49 17 -1 -1
49 16 -1 244
49 15 -1 -1
49 14 46 18
49 13 -1 152
49 12 -1 -1
49 11 -1 240
49 10 -1 196
49 9 -1 208
49 8 -1 194
49 7 -1 -1
49 6 -1 -1
49 5 -1 126
49 4 -1 -1
49 3 -1 -1
49 2 -1 154
49 1 -1 -1
48 50 -1 84
48 49 -1 124
48 47 74 40
48 46 -1 -1
48 45 -1 50
48 44 -1 164
48 43 -1 236
48 42 -1 -1
48 41 -1 -1
48 40 -1 -1
48 39 -1 -1
48 38 -1 -1
48 37 -1 228
48 36 -1 122
48 35 -1 152
48 34 -1 -1
48 33 -1 -1
48 32 -1 182
48 31 -1 230
48 30 109 54
48 29 -1 186
48 28 -1 -1
48 27 -1 224
48 26 -1 128
48 25 -1 -1
48 24 -1 230
48 23 -1 222
48 22 -1 236
48 21 -1 214
48 20 -1 256
48 19 -1 -1
48 18 -1 -1
48 17 -1 182
48 16 189 82
48 15 -1 -1
48 14 -1 136
48 13 -1 50
48 12 -1 -1
48 11 -1 114
48 10 148 100
48 9 -1 118
48 8 -1 112
48 7 -1 -1
48 6 -1 248
48 5 107 56
48 4 -1 -1
48 3 -1 222
48 2 22 12
48 1 -1 -1
47 50 -1 48
47 49 -1 118
47 48 81 48
47 46 -1 -1
47 45 47 24
47 44 -1 130
47 43 -1 260
47 42 -1 -1
47 41 -1 -1
47 40 -1 -1
47 39 -1 -1
47 38 -1 -1
47 37 -1 198
47 36 -1 168
47 35 -1 182
47 34 -1 -1
47 33 -1 -1
47 32 -1 194
47 31 -1 220
47 30 79 42
47 29 -1 220
47 28 -1 -1
47 27 -1 206
47 26 -1 160
47 25 -1 -1
47 24 -1 208
47 23 -1 226
47 22 -1 -1
47 21 -1 -1
47 20 -1 -1
47 19 -1 -1
47 18 -1 -1
47 17 -1 140
47 16 -1 146
47 15 -1 -1
47 14 -1 136
47 13 18 14
47 12 -1 -1
47 11 -1 128
47 10 -1 106
47 9 -1 208
47 8 -1 82
47 7 -1 -1
47 6 -1 -1
47 5 -1 84
47 4 -1 -1
47 3 -1 226
47 2 86 34
47 1 -1 -1
46 50 -1 -1
46 49 -1 -1
46 48 -1 -1
46 47 -1 -1
46 45 -1 -1
46 44 -1 -1
46 43 117 76
46 42 -1 162
46 41 -1 204
46 40 195 100
46 39 103 50
46 38 -1 -1
46 37 -1 154
46 36 -1 192
46 35 -1 268
46 34 -1 124
46 33 -1 190
46 32 -1 186
46 31 -1 164
46 30 -1 -1
46 29 -1 138
46 28 -1 68
46 27 -1 -1
46 26 -1 -1
46 25 -1 230
46 24 -1 254
46 23 -1 262
46 22 108 40
46 21 -1 86
46 20 -1 72
46 19 -1 154
46 18 -1 238
46 17 -1 -1
46 16 -1 220
46 15 -1 250
46 14 -1 -1
46 13 -1 -1
46 12 -1 106
46 11 -1 266
46 10 -1 -1
46 9 -1 210
46 8 -1 -1
46 7 -1 260
46 6 130 60
46 5 -1 214
46 4 -1 204
46 3 -1 238
46 2 -1 -1
46 1 237 110
45 50 84 38
45 49 263 124
45 48 -1 42
45 47 40 22
45 46 -1 -1
45 44 -1 124
45 43 -1 -1
45 42 -1 -1
45 41 -1 -1
45 40 -1 -1
45 39 -1 -1
45 38 -1 -1
45 37 -1 214
45 36 -1 160
45 35 -1 170
45 34 -1 -1
45 33 -1 -1
45 32 -1 198
45 31 -1 224
45 30 -1 48
45 29 -1 214
45 28 -1 236
45 27 -1 182
45 26 -1 176
45 25 -1 -1
45 24 -1 -1
45 23 -1 224
45 22 -1 -1
45 21 -1 254
45 20 -1 -1
45 19 -1 -1
45 18 -1 -1
45 17 -1 204
45 16 -1 102
45 15 -1 -1
45 14 233 120
45 13 37 18
45 12 -1 -1
45 11 -1 172
45 10 -1 106
45 9 -1 146
45 8 -1 124
45 7 -1 -1
45 6 -1 -1
45 5 156 82
45 4 -1 -1
45 3 -1 210
45 2 91 44
45 1 -1 -1
44 50 280 148
44 49 52 28
44 48 -1 158
44 47 -1 188
44 46 -1 -1
44 45 -1 142
44 43 -1 252
44 42 -1 -1
44 41 -1 -1
44 40 -1 -1
44 39 -1 -1
44 38 454 166
44 37 -1 242
44 36 -1 260
44 35 -1 92
44 34 -1 -1
44 33 -1 -1
44 32 -1 192
44 31 -1 222
44 30 -1 186
44 29 -1 -1
44 28 -1 242
44 27 79 44
44 26 -1 -1
44 25 -1 -1
44 24 193 142
44 23 -1 152
44 22 -1 -1
44 21 -1 -1
44 20 -1 -1
44 19 -1 -1
44 18 -1 -1
44 17 -1 -1
44 16 -1 214
44 15 -1 266
44 14 74 36
44 13 -1 180
44 12 -1 -1
44 11 -1 -1
44 10 -1 248
44 9 -1 -1
44 8 -1 248
44 7 -1 -1
44 6 -1 -1
44 5 -1 192
44 4 -1 -1
44 3 -1 -1
44 2 -1 144
44 1 -1 -1
43 50 -1 -1
43 49 -1 242
43 48 -1 236
43 47 -1 268
43 46 131 62
43 45 -1 -1
43 44 -1 -1
43 42 -1 110
43 41 -1 150
43 40 -1 128
43 39 155 78
43 38 -1 202
43 37 -1 76
43 36 -1 186
43 35 -1 238
43 34 -1 78
43 33 -1 -1
43 32 -1 136
43 31 -1 120
43 30 -1 -1
43 29 -1 168
43 28 45 20
43 27 -1 256
43 26 -1 240
43 25 -1 164
43 24 -1 238
43 23 -1 140
43 22 -1 90
43 21 -1 64
43 20 63 32
43 19 -1 164
43 18 -1 210
43 17 -1 -1
43 16 -1 -1
43 15 -1 134
43 14 -1 234
43 13 -1 -1
43 12 -1 144
43 11 -1 220
43 10 -1 268
43 9 -1 208
43 8 -1 -1
43 7 -1 -1
43 6 21 10
43 5 -1 222
43 4 -1 248
43 3 -1 -1
43 2 -1 -1
43 1 -1 172
42 50 -1 -1
42 49 -1 -1
42 48 -1 -1
42 47 -1 -1
42 46 -1 178
42 45 -1 -1
42 44 -1 -1
42 43 -1 114
42 41 153 90
42 40 -1 132
42 39 -1 126
42 38 -1 236
42 37 -1 182
42 36 -1 -1
42 35 -1 248
42 34 107 62
42 33 -1 -1
42 32 -1 262
42 31 -1 164
42 30 -1 -1
42 29 -1 -1
42 28 -1 136
42 27 -1 -1
42 26 -1 -1
42 25 -1 92
42 24 -1 238
42 23 -1 196
42 22 -1 192
42 21 -1 184
42 20 -1 98
42 19 114 72
42 18 157 72
42 17 -1 -1
42 16 -1 -1
42 15 170 106
42 14 -1 -1
42 13 -1 -1
42 12 -1 180
42 11 -1 -1
42 10 -1 -1
42 9 -1 -1
42 8 -1 -1
42 7 -1 -1
42 6 -1 110
42 5 -1 -1
42 4 -1 94
42 3 -1 -1
42 2 -1 -1
42 1 -1 232
41 50 -1 -1
41 49 -1 -1
41 48 -1 -1
41 47 -1 -1
41 46 -1 254
41 45 -1 -1
41 44 -1 -1
41 43 -1 162
41 42 145 88
41 40 -1 206
41 39 -1 216
41 38 -1 198
41 37 -1 206
41 36 -1 -1
41 35 -1 -1
41 34 -1 128
41 33 -1 -1
41 32 -1 256
41 31 -1 180
41 30 -1 -1
41 29 -1 -1
41 28 -1 242
41 27 -1 -1
41 26 -1 -1
41 25 55 30
41 24 -1 -1
41 23 -1 226
41 22 -1 232
41 21 -1 -1
41 20 -1 134
41 19 -1 152
41 18 143 86
41 17 -1 -1
41 16 -1 -1
41 15 147 76
41 14 -1 -1
41 13 -1 -1
41 12 -1 258
41 11 -1 -1
41 10 -1 -1
41 9 -1 -1
41 8 -1 -1
41 7 -1 -1
41 6 -1 218
41 5 -1 -1
41 4 93 48
41 3 -1 -1
41 2 -1 -1
41 1 -1 230
40 50 -1 -1
40 49 -1 -1
40 48 -1 -1
40 47 -1 -1
40 46 169 92
40 45 -1 -1
40 44 -1 -1
40 43 -1 124
40 42 -1 114
40 41 -1 238
40 39 104 62
40 38 -1 -1
40 37 -1 206
40 36 -1 -1
40 35 -1 -1
40 34 -1 134
40 33 -1 -1
40 32 -1 244
40 31 -1 242
40 30 -1 -1
40 29 -1 202
40 28 -1 176
40 27 -1 -1
40 26 -1 -1
40 25 -1 -1
40 24 -1 -1
40 23 -1 -1
40 22 -1 154
40 21 -1 148
40 20 -1 106
40 19 217 94
40 18 -1 132
40 17 -1 -1
40 16 -1 -1
40 15 -1 222
40 14 -1 -1
40 13 -1 -1
40 12 69 42
40 11 -1 -1
40 10 -1 -1
40 9 -1 250
40 8 -1 -1
40 7 -1 252
40 6 -1 142
40 5 -1 -1
40 4 -1 188
40 3 -1 -1
40 2 -1 -1
40 1 125 60
39 50 -1 -1
39 49 -1 -1
39 48 -1 -1
39 47 -1 -1
39 46 99 48
39 45 -1 -1
39 44 -1 -1
39 43 122 64
39 42 -1 118
39 41 -1 180
39 40 118 64
39 38 -1 262
39 37 -1 170
39 36 -1 198
39 35 -1 -1
39 34 147 78
39 33 -1 230
39 32 -1 226
39 31 -1 196
39 30 -1 -1
39 29 -1 188
39 28 -1 88
39 27 -1 -1
39 26 -1 -1
39 25 -1 188
39 24 -1 -1
39 23 -1 -1
39 22 -1 102
39 21 -1 108
39 20 122 64
39 19 184 100
39 18 -1 168
39 17 -1 -1
39 16 -1 -1
39 15 -1 218
39 14 -1 -1
39 13 -1 -1
39 12 -1 76
39 11 -1 -1
39 10 -1 -1
39 9 -1 222
39 8 -1 -1
39 7 -1 214
39 6 -1 90
39 5 -1 -1
39 4 -1 204
39 3 -1 -1
39 2 -1 -1
39 1 -1 122
38 50 -1 -1
38 49 -1 248
38 48 -1 -1
38 47 -1 -1
38 46 -1 -1
38 45 -1 -1
38 44 377 212
38 43 -1 242
38 42 -1 268
38 41 -1 204
38 40 -1 -1
38 39 -1 -1
38 37 -1 222
38 36 -1 260
38 35 -1 146
38 34 -1 200
38 33 -1 -1
38 32 -1 250
38 31 -1 134
38 30 -1 -1
38 29 -1 -1
38 28 -1 230
38 27 -1 164
38 26 -1 -1
38 25 383 180
38 24 163 72
38 23 264 106
38 22 -1 -1
38 21 -1 -1
38 20 -1 204
38 19 -1 -1
38 18 -1 248
38 17 -1 -1
38 16 -1 -1
38 15 253 144
38 14 -1 234
38 13 -1 -1
38 12 -1 -1
38 11 -1 -1
38 10 -1 -1
38 9 -1 -1
38 8 -1 -1
38 7 -1 -1
38 6 -1 -1
38 5 -1 260
38 4 -1 252
38 3 -1 -1
38 2 -1 -1
38 1 -1 -1
37 50 -1 -1
37 49 -1 186
37 48 -1 176
37 47 -1 206
37 46 -1 120
37 45 -1 242
37 44 -1 194
37 43 -1 104
37 42 -1 174
37 41 -1 242
37 40 -1 188
37 39 -1 136
37 38 -1 228
37 36 -1 120
37 35 -1 154
37 34 -1 148
37 33 -1 -1
37 32 71 38
37 31 110 42
37 30 -1 -1
37 29 -1 154
37 28 124 66
37 27 -1 228
37 26 -1 198
37 25 -1 234
37 24 -1 192
37 23 -1 88
37 22 -1 118
37 21 109 48
37 20 -1 118
37 19 -1 196
37 18 -1 -1
37 17 -1 -1
37 16 -1 206
37 15 -1 178
37 14 -1 170
37 13 -1 200
37 12 -1 242
37 11 -1 190
37 10 -1 -1
37 9 -1 170
37 8 -1 -1
37 7 -1 258
37 6 -1 68
37 5 -1 140
37 4 -1 -1
37 3 -1 228
37 2 -1 194
37 1 -1 -1
36 50 -1 222
36 49 -1 176
36 48 -1 102
36 47 -1 172
36 46 -1 156
36 45 -1 164
36 44 -1 192
36 43 -1 198
36 42 -1 -1
36 41 -1 -1
36 40 -1 -1
36 39 -1 188
36 38 -1 -1
36 37 -1 102
36 35 -1 156
36 34 -1 252
36 33 -1 216
36 32 117 76
36 31 -1 140
36 30 -1 208
36 29 201 72
36 28 -1 144
36 27 -1 184
36 26 -1 98
36 25 -1 -1
36 24 -1 198
36 23 -1 180
36 22 -1 148
36 21 182 118
36 20 -1 198
36 19 -1 -1
36 18 -1 -1
36 17 -1 268
36 16 163 80
36 15 -1 254
36 14 -1 212
36 13 -1 186
36 12 -1 -1
36 11 182 94
36 10 -1 154
36 9 167 86
36 8 -1 224
36 7 -1 256
36 6 -1 176
36 5 136 66
36 4 -1 -1
36 3 -1 162
36 2 -1 118
36 1 -1 -1
35 50 -1 208
35 49 -1 90
35 48 -1 152
35 47 -1 196
35 46 -1 -1
35 45 -1 198
35 44 -1 110
35 43 -1 240
35 42 -1 -1
35 41 -1 -1
35 40 -1 -1
35 39 -1 256
35 38 -1 172
35 37 -1 152
35 36 -1 150
35 34 -1 204
35 33 -1 -1
35 32 279 118
35 31 -1 98
35 30 -1 190
35 29 -1 -1
35 28 -1 164
35 27 109 70
35 26 -1 222
35 25 -1 -1
35 24 164 72
35 23 101 56
35 22 -1 -1
35 21 -1 190
35 20 -1 216
35 19 -1 -1
35 18 -1 -1
35 17 -1 -1
35 16 -1 242
35 15 -1 214
35 14 182 86
35 13 -1 202
35 12 -1 -1
35 11 -1 200
35 10 -1 248
35 9 -1 -1
35 8 -1 252
35 7 -1 -1
35 6 -1 214
35 5 286 152
35 4 -1 -1
35 3 -1 -1
35 2 -1 178
35 1 -1 -1
34 50 -1 -1
34 49 -1 -1
34 48 -1 -1
34 47 -1 -1
34 46 -1 102
34 45 -1 -1
34 44 -1 -1
34 43 -1 72
34 42 113 60
34 41 -1 102
34 40 -1 118
34 39 139 84
34 38 -1 228
34 37 -1 142
34 36 -1 198
34 35 -1 200
34 33 -1 -1
34 32 -1 198
34 31 269 146
34 30 -1 -1
34 29 -1 260
34 28 -1 96
34 27 -1 254
34 26 -1 -1
34 25 -1 144
34 24 -1 246
34 23 -1 172
34 22 -1 136
34 21 -1 106
34 20 61 36
34 19 199 82
34 18 -1 106
34 17 -1 -1
34 16 -1 -1
34 15 200 130
34 14 -1 -1
34 13 -1 -1
34 12 -1 136
34 11 -1 -1
34 10 -1 -1
34 9 -1 -1
34 8 -1 -1
34 7 -1 -1
34 6 -1 88
34 5 -1 -1
34 4 -1 154
34 3 -1 -1
34 2 -1 -1
34 1 -1 164
33 50 -1 -1
33 49 -1 -1
33 48 -1 -1
33 47 -1 -1
33 46 -1 242
33 45 -1 -1
33 44 -1 -1
33 43 -1 242
33 42 -1 -1
33 41 -1 -1
33 40 -1 242
33 39 -1 250
33 38 -1 -1
33 37 -1 230
33 36 -1 -1
33 35 -1 -1
33 34 -1 -1
33 32 -1 258
33 31 -1 -1
33 30 -1 -1
33 29 365 198
33 28 -1 240
33 27 -1 -1
33 26 -1 222
33 25 -1 -1
33 24 -1 -1
33 23 -1 -1
33 22 345 150
33 21 -1 220
33 20 -1 -1
33 19 -1 -1
33 18 -1 -1
33 17 -1 -1
33 16 -1 216
33 15 -1 -1
33 14 -1 -1
33 13 -1 -1
33 12 -1 238
33 11 -1 208
33 10 -1 -1
33 9 -1 238
33 8 -1 -1
33 7 68 32
33 6 -1 238
33 5 -1 -1
33 4 -1 -1
33 3 334 180
33 2 -1 -1
33 1 374 178
32 50 -1 254
32 49 -1 182
32 48 -1 156
32 47 -1 198
32 46 -1 138
32 45 -1 156
32 44 -1 204
32 43 -1 116
32 42 -1 206
32 41 -1 -1
32 40 -1 264
32 39 -1 206
32 38 -1 206
32 37 59 44
32 36 153 80
32 35 278 136
32 34 -1 200
32 33 -1 -1
32 31 122 60
32 30 -1 188
32 29 -1 134
32 28 -1 102
32 27 -1 160
32 26 -1 194
32 25 -1 -1
32 24 -1 208
32 23 229 118
32 22 -1 126
32 21 141 82
32 20 -1 184
32 19 -1 252
32 18 -1 -1
32 17 -1 -1
32 16 -1 180
32 15 -1 256
32 14 -1 146
32 13 -1 220
32 12 -1 258
32 11 -1 170
32 10 -1 190
32 9 -1 150
32 8 -1 -1
32 7 -1 -1
32 6 -1 94
32 5 240 98
32 4 -1 -1
32 3 -1 -1
32 2 -1 168
32 1 -1 238
31 50 -1 210
31 49 -1 174
31 48 -1 246
31 47 -1 218
31 46 -1 198
31 45 -1 260
31 44 -1 232
31 43 -1 118
31 42 -1 150
31 41 -1 180
31 40 -1 -1
31 39 -1 190
31 38 -1 172
31 37 102 54
31 36 -1 144
31 35 -1 124
31 34 313 146
31 33 -1 -1
31 32 121 64
31 30 -1 -1
31 29 -1 204
31 28 182 80
31 27 -1 156
31 26 -1 228
31 25 -1 210
31 24 -1 130
31 23 122 58
31 22 -1 152
31 21 -1 82
31 20 286 142
31 19 -1 244
31 18 -1 198
31 17 -1 -1
31 16 -1 208
31 15 320 158
31 14 -1 186
31 13 -1 208
31 12 -1 250
31 11 -1 250
31 10 -1 250
31 9 -1 234
31 8 -1 -1
31 7 -1 -1
31 6 -1 88
31 5 -1 210
31 4 -1 -1
31 3 -1 -1
31 2 -1 234
31 1 -1 -1
30 50 142 72
30 49 -1 182
30 48 140 56
30 47 88 36
30 46 -1 -1
30 45 -1 60
30 44 -1 204
30 43 -1 -1
30 42 -1 -1
30 41 -1 -1
30 40 -1 -1
30 39 -1 -1
30 38 -1 -1
30 37 -1 216
30 36 -1 144
30 35 -1 196
30 34 -1 -1
30 33 -1 -1
30 32 -1 194
30 31 -1 260
30 29 -1 238
30 28 -1 -1
30 27 -1 194
30 26 -1 134
30 25 -1 -1
30 24 -1 -1
30 23 -1 -1
30 22 -1 -1
30 21 -1 -1
30 20 -1 -1
30 19 -1 -1
30 18 -1 -1
30 17 -1 116
30 16 -1 142
30 15 -1 -1
30 14 -1 176
30 13 84 40
30 12 -1 -1
30 11 -1 186
30 10 174 88
30 9 -1 204
30 8 119 50
30 7 -1 -1
30 6 -1 -1
30 5 -1 128
30 4 -1 -1
30 3 -1 -1
30 2 -1 76
30 1 -1 -1
29 50 -1 268
29 49 -1 -1
29 48 -1 170
29 47 -1 182
29 46 -1 158
29 45 -1 206
29 44 -1 -1
29 43 -1 198
29 42 -1 248
29 41 -1 -1
29 40 -1 248
29 39 -1 234
29 38 -1 -1
29 37 -1 138
29 36 198 96
29 35 -1 198
29 34 -1 256
29 33 301 158
29 32 -1 132
29 31 -1 176
29 30 -1 218
29 28 -1 126
29 27 -1 -1
29 26 -1 136
29 25 -1 -1
29 24 -1 -1
29 23 -1 260
29 22 245 118
29 21 271 118
29 20 -1 218
29 19 -1 -1
29 18 -1 -1
29 17 -1 -1
29 16 -1 96
29 15 -1 -1
29 14 -1 244
29 13 -1 234
29 12 -1 -1
29 11 -1 78
29 10 -1 214
29 9 117 58
29 8 -1 256
29 7 -1 164
29 6 -1 182
29 5 -1 164
29 4 -1 -1
29 3 303 164
29 2 -1 212
29 1 -1 228
28 50 -1 -1
28 49 -1 -1
28 48 -1 -1
28 47 -1 -1
28 46 -1 76
28 45 -1 -1
28 44 -1 -1
28 43 37 20
28 42 -1 122
28 41 -1 170
28 40 -1 132
28 39 -1 92
28 38 -1 198
28 37 137 72
28 36 -1 154
28 35 -1 168
28 34 -1 98
28 33 -1 240
28 32 -1 86
28 31 188 110
28 30 -1 -1
28 29 -1 142
28 27 -1 232
28 26 -1 256
28 25 -1 182
28 24 -1 226
28 23 -1 164
28 22 117 80
28 21 66 42
28 20 96 58
28 19 -1 190
28 18 -1 232
28 17 -1 -1
28 16 -1 240
28 15 -1 144
28 14 -1 256
28 13 -1 -1
28 12 -1 174
28 11 -1 244
28 10 -1 -1
28 9 -1 224
28 8 -1 -1
28 7 -1 264
28 6 32 16
28 5 -1 198
28 4 -1 256
28 3 -1 -1
28 2 -1 206
28 1 -1 156
27 50 -1 170
27 49 -1 62
27 48 -1 178
27 47 -1 186
27 46 -1 -1
27 45 -1 198
27 44 100 48
27 43 -1 -1
27 42 -1 -1
27 41 -1 -1
27 40 -1 -1
27 39 -1 -1
27 38 -1 186
27 37 -1 224
27 36 -1 212
27 35 117 72
27 34 -1 -1
27 33 -1 -1
27 32 -1 180
27 31 -1 164
27 30 -1 258
27 29 -1 -1
27 28 -1 232
27 26 -1 262
27 25 -1 -1
27 24 160 74
27 23 -1 104
27 22 -1 -1
27 21 -1 244
27 20 -1 258
27 19 -1 -1
27 18 -1 -1
27 17 -1 -1
27 16 -1 254
27 15 -1 -1
27 14 102 50
27 13 -1 170
27 12 -1 -1
27 11 -1 228
27 10 -1 260
27 9 -1 -1
27 8 -1 -1
27 7 -1 -1
27 6 -1 -1
27 5 -1 212
27 4 -1 -1
27 3 -1 -1
27 2 -1 198
27 1 -1 -1
26 50 -1 168
26 49 -1 -1
26 48 -1 122
26 47 -1 152
26 46 -1 -1
26 45 -1 174
26 44 -1 -1
26 43 -1 262
26 42 -1 -1
26 41 -1 -1
26 40 -1 -1
26 39 -1 -1
26 38 -1 -1
26 37 -1 248
26 36 -1 96
26 35 -1 252
26 34 -1 -1
26 33 -1 254
26 32 -1 188
26 31 -1 254
26 30 -1 132
26 29 -1 100
26 28 -1 214
26 27 -1 242
26 25 -1 -1
26 24 -1 -1
26 23 -1 -1
26 22 -1 188
26 21 -1 254
26 20 -1 -1
26 19 -1 -1
26 18 -1 -1
26 17 -1 188
26 16 85 44
26 15 -1 -1
26 14 -1 226
26 13 -1 178
26 12 -1 -1
26 11 87 50
26 10 105 54
26 9 111 66
26 8 -1 144
26 7 -1 -1
26 6 -1 -1
26 5 -1 118
26 4 -1 -1
26 3 180 90
26 2 -1 140
26 1 -1 -1
25 50 -1 -1
25 49 -1 -1
25 48 -1 -1
25 47 -1 -1
25 46 -1 248
25 45 -1 -1
25 44 -1 -1
25 43 -1 216
25 42 -1 102
25 41 68 34
25 40 -1 -1
25 39 -1 204
25 38 312 194
25 37 -1 202
25 36 -1 -1
25 35 -1 242
25 34 -1 168
25 33 -1 -1
25 32 -1 228
25 31 -1 224
25 30 -1 -1
25 29 -1 -1
25 28 -1 216
25 27 -1 254
25 26 -1 -1
25 24 -1 -1
25 23 -1 242
25 22 -1 248
25 21 -1 -1
25 20 -1 178
25 19 -1 150
25 18 -1 124
25 17 -1 -1
25 16 -1 -1
25 15 89 58
25 14 -1 -1
25 13 -1 -1
25 12 -1 246
25 11 -1 -1
25 10 -1 -1
25 9 -1 -1
25 8 -1 -1
25 7 -1 -1
25 6 -1 178
25 5 -1 -1
25 4 107 60
25 3 -1 -1
25 2 -1 -1
25 1 -1 -1
24 50 -1 -1
24 49 -1 138
24 48 -1 226
24 47 -1 234
24 46 -1 -1
24 45 -1 192
24 44 286 104
24 43 -1 202
24 42 -1 -1
24 41 -1 -1
24 40 -1 -1
24 39 -1 -1
24 38 193 82
24 37 -1 186
24 36 -1 268
24 35 132 68
24 34 -1 208
24 33 -1 -1
24 32 -1 178
24 31 -1 140
24 30 -1 -1
24 29 -1 -1
24 28 -1 240
24 27 135 84
24 26 -1 -1
24 25 -1 232
24 23 150 96
24 22 -1 -1
24 21 -1 -1
24 20 -1 -1
24 19 -1 -1
24 18 -1 -1
24 17 -1 -1
24 16 -1 -1
24 15 -1 222
24 14 -1 134
24 13 -1 226
24 12 -1 -1
24 11 -1 -1
24 10 -1 -1
24 9 -1 -1
24 8 -1 -1
24 7 -1 -1
24 6 -1 236
24 5 -1 196
24 4 -1 -1
24 3 -1 -1
24 2 -1 258
24 1 -1 -1
23 50 -1 184
23 49 -1 164
23 48 -1 202
23 47 -1 268
23 46 -1 228
23 45 -1 224
23 44 -1 122
23 43 -1 174
23 42 -1 182
23 41 -1 262
23 40 -1 -1
23 39 -1 194
23 38 239 134
23 37 -1 112
23 36 -1 166
23 35 103 60
23 34 -1 186
23 33 -1 -1
23 32 187 100
23 31 157 76
23 30 -1 246
23 29 -1 -1
23 28 -1 142
23 27 -1 88
23 26 -1 268
23 25 -1 234
23 24 152 80
23 22 -1 236
23 21 -1 170
23 20 -1 190
23 19 -1 -1
23 18 -1 268
23 17 -1 -1
23 16 -1 234
23 15 334 152
23 14 -1 134
23 13 -1 196
23 12 -1 -1
23 11 -1 228
23 10 -1 -1
23 9 -1 -1
23 8 -1 -1
23 7 -1 -1
23 6 -1 198
23 5 -1 200
23 4 -1 252
23 3 -1 -1
23 2 -1 172
23 1 -1 -1
22 50 -1 -1
22 49 -1 -1
22 48 -1 218
22 47 -1 -1
22 46 108 54
22 45 -1 -1
22 44 -1 -1
22 43 -1 62
22 42 -1 180
22 41 -1 224
22 40 -1 122
22 39 -1 100
22 38 -1 -1
22 37 -1 136
22 36 -1 160
22 35 -1 262
22 34 -1 110
22 33 422 180
22 32 -1 160
22 31 -1 138
22 30 -1 -1
22 29 234 128
22 28 134 64
22 27 -1 -1
22 26 -1 222
22 25 -1 -1
22 24 -1 240
22 23 -1 188
22 21 151 62
22 20 -1 88
22 19 -1 182
22 18 -1 258
22 17 -1 -1
22 16 -1 256
22 15 -1 256
22 14 -1 -1
22 13 -1 -1
22 12 -1 192
22 11 -1 228
22 10 -1 -1
22 9 -1 204
22 8 -1 -1
22 7 -1 194
22 6 159 80
22 5 -1 216
22 4 -1 -1
22 3 -1 206
22 2 -1 -1
22 1 317 114
21 50 -1 236
21 49 -1 -1
21 48 -1 206
21 47 -1 -1
21 46 -1 88
21 45 -1 222
21 44 -1 222
21 43 -1 50
21 42 -1 214
21 41 -1 214
21 40 -1 194
21 39 -1 110
21 38 -1 240
21 37 105 44
21 36 181 128
21 35 -1 216
21 34 -1 144
21 33 -1 230
21 32 146 74
21 31 -1 108
21 30 -1 246
21 29 276 100
21 28 96 44
21 27 -1 212
21 26 -1 174
21 25 -1 202
21 24 -1 248
21 23 -1 174
21 22 140 66
21 20 -1 116
21 19 -1 202
21 18 -1 -1
21 17 -1 -1
21 16 -1 218
21 15 -1 224
21 14 -1 214
21 13 -1 234
21 12 -1 226
21 11 -1 162
21 10 -1 -1
21 9 -1 194
21 8 -1 -1
21 7 -1 240
21 6 -1 52
21 5 -1 166
21 4 -1 -1
21 3 -1 252
21 2 -1 230
21 1 -1 172
20 50 -1 -1
20 49 -1 -1
20 48 -1 -1
20 47 -1 -1
20 46 -1 70
20 45 -1 -1
20 44 -1 -1
20 43 77 40
20 42 -1 96
20 41 -1 158
20 40 -1 98
20 39 99 60
20 38 -1 240
20 37 -1 140
20 36 -1 166
20 35 -1 268
20 34 70 36
20 33 -1 232
20 32 -1 160
20 31 230 122
20 30 -1 -1
20 29 -1 242
20 28 114 56
20 27 -1 -1
20 26 -1 -1
20 25 -1 168
20 24 -1 228
20 23 -1 204
20 22 -1 110
20 21 -1 110
20 19 -1 96
20 18 -1 154
20 17 -1 -1
20 16 -1 246
20 15 -1 154
20 14 -1 -1
20 13 -1 -1
20 12 -1 166
20 11 -1 -1
20 10 -1 -1
20 9 -1 -1
20 8 -1 -1
20 7 -1 -1
20 6 -1 56
20 5 -1 252
20 4 -1 186
20 3 -1 -1
20 2 -1 -1
20 1 -1 176
19 50 -1 -1
19 49 -1 -1
19 48 -1 -1
19 47 -1 -1
19 46 -1 146
19 45 -1 -1
19 44 -1 -1
19 43 -1 134
19 42 100 72
19 41 -1 134
19 40 173 108
19 39 187 88
19 38 -1 -1
19 37 -1 210
19 36 -1 -1
19 35 -1 -1
19 34 137 86
19 33 -1 -1
19 32 -1 208
19 31 -1 206
19 30 -1 -1
19 29 -1 -1
19 28 -1 180
19 27 -1 -1
19 26 -1 -1
19 25 -1 128
19 24 -1 -1
19 23 -1 -1
19 22 -1 200
19 21 -1 184
19 20 -1 112
19 18 137 66
19 17 -1 -1
19 16 -1 -1
19 15 -1 184
19 14 -1 -1
19 13 -1 -1
19 12 223 110
19 11 -1 -1
19 10 -1 -1
19 9 -1 -1
19 8 -1 -1
19 7 -1 -1
19 6 -1 140
19 5 -1 -1
19 4 -1 114
19 3 -1 -1
19 2 -1 -1
19 1 -1 166
18 50 -1 -1
18 49 -1 -1
18 48 -1 -1
18 47 -1 -1
18 46 -1 222
18 45 -1 -1
18 44 -1 -1
18 43 -1 192
18 42 121 86
18 41 166 74
18 40 -1 142
18 39 -1 140
18 38 -1 -1
18 37 -1 258
18 36 -1 -1
18 35 -1 -1
18 34 -1 144
18 33 -1 -1
18 32 -1 -1
18 31 -1 -1
18 30 -1 -1
18 29 -1 -1
18 28 -1 246
18 27 -1 -1
18 26 -1 -1
18 25 -1 118
18 24 -1 -1
18 23 -1 -1
18 22 -1 -1
18 21 -1 202
18 20 -1 146
18 19 130 66
18 17 -1 -1
18 16 -1 -1
18 15 -1 168
18 14 -1 -1
18 13 -1 -1
18 12 358 176
18 11 -1 -1
18 10 -1 -1
18 9 -1 -1
18 8 -1 -1
18 7 -1 -1
18 6 -1 162
18 5 -1 -1
18 4 144 74
18 3 -1 -1
18 2 -1 -1
18 1 -1 210
17 50 327 194
17 49 -1 -1
17 48 -1 186
17 47 -1 142
17 46 -1 -1
17 45 -1 180
17 44 -1 -1
17 43 -1 -1
17 42 -1 -1
17 41 -1 -1
17 40 -1 -1
17 39 -1 -1
17 38 -1 -1
17 37 -1 -1
17 36 -1 -1
17 35 -1 -1
17 34 -1 -1
17 33 -1 -1
17 32 -1 -1
17 31 -1 -1
17 30 -1 122
17 29 -1 268
17 28 -1 -1
17 27 -1 -1
17 26 -1 188
17 25 -1 -1
17 24 -1 -1
17 23 -1 -1
17 22 -1 -1
17 21 -1 -1
17 20 -1 -1
17 19 -1 -1
17 18 -1 -1
17 16 -1 158
17 15 -1 -1
17 14 -1 -1
17 13 -1 196
17 12 -1 -1
17 11 -1 168
17 10 194 116
17 9 -1 224
17 8 130 62
17 7 -1 -1
17 6 -1 -1
17 5 -1 208
17 4 -1 -1
17 3 319 198
17 2 -1 184
17 1 -1 -1
16 50 -1 154
16 49 -1 240
16 48 131 76
16 47 -1 132
16 46 -1 244
16 45 -1 150
16 44 -1 218
16 43 -1 256
16 42 -1 -1
16 41 -1 -1
16 40 -1 -1
16 39 -1 -1
16 38 -1 -1
16 37 -1 214
16 36 200 70
16 35 -1 196
16 34 -1 -1
16 33 -1 -1
16 32 -1 144
16 31 -1 200
16 30 -1 128
16 29 -1 124
16 28 -1 268
16 27 -1 228
16 26 65 38
16 25 -1 -1
16 24 -1 -1
16 23 -1 238
16 22 -1 174
16 21 -1 202
16 20 -1 254
16 19 -1 -1
16 18 -1 -1
16 17 -1 146
16 15 -1 -1
16 14 -1 212
16 13 -1 114
16 12 -1 -1
16 11 75 38
16 10 153 72
16 9 -1 62
16 8 -1 152
16 7 -1 -1
16 6 -1 230
16 5 134 68
16 4 -1 -1
16 3 -1 122
16 2 -1 80
16 1 -1 -1
15 50 -1 -1
15 49 -1 -1
15 48 -1 -1
15 47 -1 -1
15 46 -1 188
15 45 -1 -1
15 44 -1 -1
15 43 -1 138
15 42 190 92
15 41 157 60
15 40 -1 260
15 39 -1 186
15 38 262 134
15 37 -1 180
15 36 -1 -1
15 35 -1 246
15 34 204 92
15 33 -1 -1
15 32 -1 214
15 31 326 142
15 30 -1 -1
15 29 -1 268
15 28 -1 198
15 27 -1 -1
15 26 -1 -1
15 25 121 52
15 24 -1 226
15 23 374 178
15 22 -1 204
15 21 -1 186
15 20 -1 142
15 19 -1 178
15 18 -1 130
15 17 -1 -1
15 16 -1 -1
15 14 -1 264
15 13 -1 -1
15 12 -1 252
15 11 -1 -1
15 10 -1 -1
15 9 -1 -1
15 8 -1 -1
15 7 -1 -1
15 6 -1 148
15 5 -1 -1
15 4 -1 106
15 3 -1 -1
15 2 -1 -1
15 1 -1 -1
14 50 -1 120
14 49 42 20
14 48 -1 140
14 47 -1 160
14 46 -1 -1
14 45 202 112
14 44 63 32
14 43 -1 -1
14 42 -1 -1
14 41 -1 -1
14 40 -1 -1
14 39 -1 -1
14 38 -1 232
14 37 -1 180
14 36 -1 162
14 35 155 82
14 34 -1 -1
14 33 -1 -1
14 32 -1 140
14 31 -1 202
14 30 -1 154
14 29 -1 248
14 28 -1 -1
14 27 99 62
14 26 -1 216
14 25 -1 -1
14 24 -1 124
14 23 -1 136
14 22 -1 -1
14 21 -1 204
14 20 -1 250
14 19 -1 -1
14 18 -1 -1
14 17 -1 246
14 16 -1 236
14 15 -1 -1
14 13 -1 152
14 12 -1 -1
14 11 -1 196
14 10 -1 190
14 9 -1 208
14 8 -1 186
14 7 -1 -1
14 6 -1 -1
14 5 237 140
14 4 -1 -1
14 3 -1 -1
14 2 -1 116
14 1 -1 -1
13 50 74 40
13 49 -1 114
13 48 -1 56
13 47 18 10
13 46 -1 -1
13 45 48 20
13 44 -1 180
13 43 -1 -1
13 42 -1 -1
13 41 -1 -1
13 40 -1 -1
13 39 -1 -1
13 38 -1 -1
13 37 -1 264
13 36 -1 140
13 35 -1 152
13 34 -1 -1
13 33 -1 -1
13 32 -1 184
13 31 -1 246
13 30 72 44
13 29 -1 202
13 28 -1 256
13 27 -1 208
13 26 -1 134
13 25 -1 -1
13 24 -1 218
13 23 -1 256
13 22 -1 -1
13 21 -1 258
13 20 -1 -1
13 19 -1 -1
13 18 -1 -1
13 17 -1 146
13 16 -1 120
13 15 -1 -1
13 14 -1 136
13 12 -1 -1
13 11 -1 136
13 10 -1 134
13 9 -1 206
13 8 -1 110
13 7 -1 -1
13 6 -1 -1
13 5 -1 88
13 4 -1 -1
13 3 -1 212
13 2 -1 58
13 1 -1 -1
12 50 -1 -1
12 49 -1 -1
12 48 -1 -1
12 47 -1 -1
12 46 -1 148
12 45 -1 -1
12 44 -1 -1
12 43 -1 158
12 42 -1 178
12 41 -1 266
12 40 69 44
12 39 -1 114
12 38 -1 -1
12 37 -1 254
12 36 -1 -1
12 35 -1 -1
12 34 -1 168
12 33 -1 248
12 32 -1 -1
12 31 -1 252
12 30 -1 -1
12 29 -1 232
12 28 -1 222
12 27 -1 -1
12 26 -1 -1
12 25 -1 212
12 24 -1 -1
12 23 -1 -1
12 22 -1 138
12 21 -1 220
12 20 -1 160
12 19 218 108
12 18 352 182
12 17 -1 -1
12 16 -1 -1
12 15 -1 220
12 14 -1 -1
12 13 -1 -1
12 11 -1 -1
12 10 -1 -1
12 9 -1 -1
12 8 -1 -1
12 7 526 -1
12 6 -1 164
12 5 -1 -1
12 4 -1 188
12 3 -1 -1
12 2 -1 -1
12 1 108 64
11 50 -1 238
11 49 -1 232
11 48 -1 118
11 47 -1 158
11 46 -1 212
11 45 -1 146
11 44 -1 246
11 43 -1 234
11 42 -1 -1
11 41 -1 -1
11 40 -1 -1
11 39 -1 -1
11 38 -1 -1
11 37 -1 168
11 36 156 78
11 35 -1 236
11 34 -1 -1
11 33 -1 222
11 32 -1 172
11 31 -1 260
11 30 -1 166
11 29 -1 68
11 28 -1 202
11 27 -1 -1
11 26 76 50
11 25 -1 -1
11 24 -1 -1
11 23 -1 202
11 22 -1 200
11 21 -1 170
11 20 -1 230
11 19 -1 -1
11 18 -1 -1
11 17 -1 166
11 16 80 38
11 15 -1 -1
11 14 -1 230
11 13 -1 146
11 12 -1 -1
11 10 -1 82
11 9 38 20
11 8 -1 136
11 7 -1 -1
11 6 -1 206
11 5 -1 116
11 4 -1 -1
11 3 -1 114
11 2 -1 144
11 1 -1 258
10 50 -1 150
10 49 -1 212
10 48 145 90
10 47 -1 126
10 46 -1 -1
10 45 -1 148
10 44 -1 -1
10 43 -1 -1
10 42 -1 -1
10 41 -1 -1
10 40 -1 -1
10 39 -1 -1
10 38 -1 -1
10 37 -1 258
10 36 -1 130
10 35 -1 238
10 34 -1 -1
10 33 -1 -1
10 32 -1 232
10 31 -1 260
10 30 207 102
10 29 -1 146
10 28 -1 -1
10 27 -1 252
10 26 146 70
10 25 -1 -1
10 24 -1 -1
10 23 -1 -1
10 22 -1 -1
10 21 -1 232
10 20 -1 -1
10 19 -1 -1
10 18 -1 -1
10 17 211 94
10 16 156 82
10 15 -1 -1
10 14 -1 204
10 13 -1 112
10 12 -1 -1
10 11 -1 90
10 9 -1 104
10 8 133 66
10 7 -1 -1
10 6 -1 -1
10 5 -1 138
10 4 -1 -1
10 3 247 130
10 2 -1 88
10 1 -1 -1
9 50 -1 214
9 49 -1 222
9 48 -1 144
9 47 -1 188
9 46 -1 242
9 45 -1 200
9 44 -1 -1
9 43 -1 226
9 42 -1 -1
9 41 -1 -1
9 40 -1 -1
9 39 -1 -1
9 38 -1 -1
9 37 -1 166
9 36 169 86
9 35 -1 208
9 34 -1 -1
9 33 -1 240
9 32 -1 128
9 31 -1 192
9 30 -1 178
9 29 105 68
9 28 -1 200
9 27 -1 234
9 26 125 62
9 25 -1 -1
9 24 -1 -1
9 23 -1 204
9 22 -1 140
9 21 -1 156
9 20 -1 -1
9 19 -1 -1
9 18 -1 -1
9 17 -1 224
9 16 -1 66
9 15 -1 -1
9 14 -1 224
9 13 -1 158
9 12 -1 -1
9 11 41 22
9 10 -1 128
9 8 -1 202
9 7 -1 260
9 6 -1 224
9 5 -1 106
9 4 -1 -1
9 3 195 92
9 2 -1 156
9 1 -1 -1
8 50 204 126
8 49 -1 186
8 48 -1 92
8 47 -1 86
8 46 -1 -1
8 45 -1 102
8 44 -1 -1
8 43 -1 -1
8 42 -1 -1
8 41 -1 -1
8 40 -1 -1
8 39 -1 -1
8 38 -1 -1
8 37 -1 -1
8 36 -1 230
8 35 -1 250
8 34 -1 -1
8 33 -1 -1
8 32 -1 -1
8 31 -1 -1
8 30 121 54
8 29 -1 198
8 28 -1 -1
8 27 -1 -1
8 26 -1 142
8 25 -1 -1
8 24 -1 -1
8 23 -1 -1
8 22 -1 -1
8 21 -1 -1
8 20 -1 -1
8 19 -1 -1
8 18 -1 -1
8 17 159 66
8 16 -1 142
8 15 -1 -1
8 14 -1 264
8 13 -1 98
8 12 -1 -1
8 11 -1 136
8 10 149 60
8 9 -1 222
8 7 -1 -1
8 6 -1 -1
8 5 -1 120
8 4 -1 -1
8 3 -1 248
8 2 -1 118
8 1 -1 -1
7 50 -1 -1
7 49 -1 -1
7 48 -1 -1
7 47 -1 -1
7 46 -1 244
7 45 -1 -1
7 44 -1 -1
7 43 -1 266
7 42 -1 -1
7 41 -1 -1
7 40 -1 232
7 39 -1 224
7 38 -1 -1
7 37 -1 -1
7 36 -1 -1
7 35 -1 -1
7 34 -1 -1
7 33 80 44
7 32 -1 -1
7 31 -1 -1
7 30 -1 -1
7 29 -1 188
7 28 -1 -1
7 27 -1 -1
7 26 -1 -1
7 25 -1 -1
7 24 -1 -1
7 23 -1 -1
7 22 -1 202
7 21 -1 260
7 20 -1 -1
7 19 -1 -1
7 18 -1 -1
7 17 -1 -1
7 16 -1 -1
7 15 -1 -1
7 14 -1 -1
7 13 -1 -1
7 12 531 266
7 11 -1 -1
7 10 -1 -1
7 9 -1 212
7 8 -1 -1
7 6 -1 244
7 5 -1 -1
7 4 -1 -1
7 3 403 260
7 2 -1 -1
7 1 391 206
6 50 -1 -1
6 49 -1 -1
6 48 -1 -1
6 47 -1 250
6 46 138 70
6 45 -1 268
6 44 -1 -1
6 43 20 10
6 42 -1 124
6 41 -1 222
6 40 -1 114
6 39 -1 76
6 38 -1 214
6 37 -1 78
6 36 -1 186
6 35 -1 246
6 34 -1 86
6 33 -1 -1
6 32 -1 118
6 31 -1 118
6 30 -1 -1
6 29 -1 132
6 28 26 14
6 27 -1 -1
6 26 -1 -1
6 25 -1 246
6 24 -1 236
6 23 -1 196
6 22 144 62
6 21 -1 46
6 20 -1 46
6 19 -1 140
6 18 -1 224
6 17 -1 -1
6 16 -1 226
6 15 -1 188
6 14 -1 240
6 13 -1 -1
6 12 -1 148
6 11 -1 256
6 10 -1 266
6 9 -1 182
6 8 -1 -1
6 7 -1 -1
6 5 -1 208
6 4 -1 236
6 3 -1 -1
6 2 -1 264
6 1 -1 162
5 50 -1 140
5 49 -1 138
5 48 98 50
5 47 -1 82
5 46 -1 -1
5 45 130 76
5 44 -1 174
5 43 -1 202
5 42 -1 -1
5 41 -1 -1
5 40 -1 -1
5 39 -1 -1
5 38 -1 -1
5 37 -1 134
5 36 133 82
5 35 345 142
5 34 -1 -1
5 33 -1 -1
5 32 186 100
5 31 -1 202
5 30 -1 96
5 29 -1 158
5 28 -1 228
5 27 -1 182
5 26 -1 128
5 25 -1 -1
5 24 -1 196
5 23 -1 178
5 22 -1 232
5 21 -1 154
5 20 -1 224
5 19 -1 -1
5 18 -1 -1
5 17 -1 202
5 16 120 64
5 15 -1 -1
5 14 316 134
5 13 -1 78
5 12 -1 -1
5 11 -1 84
5 10 -1 108
5 9 -1 126
5 8 -1 164
5 7 -1 -1
5 6 -1 244
5 4 -1 -1
5 3 -1 208
5 2 82 46
5 1 -1 -1
4 50 -1 -1
4 49 -1 -1
4 48 -1 -1
4 47 -1 -1
4 46 -1 -1
4 45 -1 -1
4 44 -1 -1
4 43 -1 214
4 42 -1 84
4 41 85 42
4 40 -1 212
4 39 -1 236
4 38 -1 204
4 37 -1 -1
4 36 -1 -1
4 35 -1 -1
4 34 -1 128
4 33 -1 -1
4 32 -1 -1
4 31 -1 210
4 30 -1 -1
4 29 -1 -1
4 28 -1 252
4 27 -1 -1
4 26 -1 -1
4 25 148 78
4 24 -1 252
4 23 -1 -1
4 22 -1 232
4 21 -1 -1
4 20 -1 150
4 19 -1 112
4 18 144 70
4 17 -1 -1
4 16 -1 -1
4 15 -1 130
4 14 -1 -1
4 13 -1 -1
4 12 -1 232
4 11 -1 -1
4 10 -1 -1
4 9 -1 -1
4 8 -1 -1
4 7 -1 -1
4 6 -1 206
4 5 -1 -1
4 3 -1 -1
4 2 -1 -1
4 1 -1 -1
3 50 -1 -1
3 49 -1 -1
3 48 -1 242
3 47 -1 204
3 46 -1 -1
3 45 -1 262
3 44 -1 -1
3 43 -1 -1
3 42 -1 -1
3 41 -1 -1
3 40 -1 -1
3 39 -1 -1
3 38 -1 -1
3 37 -1 -1
3 36 -1 206
3 35 -1 -1
3 34 -1 -1
3 33 420 158
3 32 -1 -1
3 31 -1 -1
3 30 -1 -1
3 29 311 122
3 28 -1 -1
3 27 -1 -1
3 26 204 110
3 25 -1 -1
3 24 -1 -1
3 23 -1 -1
3 22 -1 212
3 21 -1 -1
3 20 -1 -1
3 19 -1 -1
3 18 -1 -1
3 17 335 226
3 16 -1 138
3 15 -1 -1
3 14 -1 -1
3 13 -1 -1
3 12 -1 -1
3 11 -1 106
3 10 330 160
3 9 256 100
3 8 -1 224
3 7 415 222
3 6 -1 -1
3 5 -1 238
3 4 -1 -1
3 2 -1 206
3 1 -1 -1
2 50 -1 82
2 49 -1 120
2 48 28 16
2 47 73 36
2 46 -1 -1
2 45 73 46
2 44 -1 180
2 43 -1 250
2 42 -1 -1
2 41 -1 -1
2 40 -1 -1
2 39 -1 -1
2 38 -1 258
2 37 -1 160
2 36 -1 98
2 35 -1 170
2 34 -1 -1
2 33 -1 -1
2 32 -1 158
2 31 -1 232
2 30 -1 64
2 29 -1 184
2 28 -1 -1
2 27 -1 186
2 26 -1 118
2 25 -1 -1
2 24 -1 198
2 23 -1 192
2 22 -1 -1
2 21 -1 248
2 20 -1 -1
2 19 -1 -1
2 18 -1 -1
2 17 -1 182
2 16 -1 76
2 15 -1 -1
2 14 -1 130
2 13 -1 58
2 12 -1 -1
2 11 -1 108
2 10 -1 120
2 9 -1 158
2 8 -1 130
2 7 -1 -1
2 6 -1 -1
2 5 107 54
2 4 -1 -1
2 3 -1 238
2 1 -1 -1
1 50 -1 -1
1 49 -1 -1
1 48 -1 -1
1 47 -1 -1
1 46 233 110
1 45 -1 -1
1 44 -1 -1
1 43 -1 192
1 42 -1 188
1 41 -1 224
1 40 103 68
1 39 -1 90
1 38 -1 -1
1 37 -1 226
1 36 -1 -1
1 35 -1 -1
1 34 -1 190
1 33 440 238
1 32 -1 260
1 31 -1 240
1 30 -1 -1
1 29 -1 224
1 28 -1 162
1 27 -1 -1
1 26 -1 -1
1 25 -1 -1
1 24 -1 -1
1 23 -1 -1
1 22 291 138
1 21 -1 184
1 20 -1 186
1 19 -1 128
1 18 -1 222
1 17 -1 -1
1 16 -1 -1
1 15 -1 254
1 14 -1 -1
1 13 -1 -1
1 12 103 70
1 11 -1 -1
1 10 -1 -1
1 9 -1 262
1 8 -1 -1
1 7 335 168
1 6 -1 190
1 5 -1 -1
1 4 -1 -1
1 3 -1 -1
1 2 -1 -1
