nnodes narcs source target type
30 870 10 3 drone_routing_pli_project2
nodename posx posy
30 302.097 885.499
29 513.893 936.681
28 252.313 442.23
27 103.227 463.561
26 597.471 890.237
25 934.435 746.014
24 442.228 855.491
23 6.47672 635
22 198.543 609.662
21 323.826 125.034
20 211.685 138.647
19 207.937 347.634
18 139.709 827.551
17 135.458 896.491
16 465.894 21.2827
15 510.284 538.285
14 914.442 24.5556
13 296.743 721.587
12 467.928 755.911
11 788.292 311.839
10 897.465 197.942
9 324.264 857.388
8 507.414 530.33
7 532.589 868.111
6 256.372 792.962
5 627.09 987.452
4 682.985 612.102
3 553.675 217.735
2 573.263 801.507
1 912.433 159.083
tail head car_cost drone_cost
30 29 229 516
30 28 -1 724
30 27 -1 974
30 26 -1 604
30 25 -1 -1
30 24 153 300
30 23 -1 816
30 22 -1 634
30 21 -1 -1
30 20 -1 -1
30 19 -1 1026
30 18 -1 324
30 17 152 306
30 16 -1 -1
30 15 -1 870
30 14 -1 -1
30 13 -1 282
30 12 -1 506
30 11 -1 -1
30 10 -1 -1
30 9 29 84
30 8 -1 894
30 7 -1 390
30 6 85 246
30 5 -1 742
30 4 -1 966
30 3 -1 -1
30 2 -1 468
30 1 -1 -1
29 30 185 410
29 28 -1 1082
29 27 -1 -1
29 26 86 182
29 25 -1 836
29 24 128 194
29 23 -1 -1
29 22 -1 866
29 21 -1 -1
29 20 -1 -1
29 19 -1 -1
29 18 -1 870
29 17 330 726
29 16 -1 -1
29 15 -1 874
29 14 -1 -1
29 13 -1 684
29 12 -1 382
29 11 -1 -1
29 10 -1 -1
29 9 -1 398
29 8 -1 766
29 7 70 160
29 6 -1 676
29 5 136 258
29 4 -1 856
29 3 -1 -1
29 2 -1 250
29 1 -1 -1
28 30 -1 922
28 29 -1 -1
28 27 165 262
28 26 -1 -1
28 25 -1 -1
28 24 -1 842
28 23 -1 592
28 22 178 340
28 21 -1 776
28 20 -1 520
28 19 103 184
28 18 -1 824
28 17 -1 772
28 16 -1 838
28 15 -1 596
28 14 -1 -1
28 13 -1 518
28 12 -1 640
28 11 -1 -1
28 10 -1 -1
28 9 -1 838
28 8 221 448
28 7 -1 1052
28 6 -1 708
28 5 -1 -1
28 4 -1 928
28 3 421 824
28 2 -1 1030
28 1 -1 -1
27 30 -1 944
27 29 -1 -1
27 28 127 348
27 26 -1 -1
27 25 -1 -1
27 24 -1 -1
27 23 203 378
27 22 153 326
27 21 -1 858
27 20 341 754
27 19 159 330
27 18 -1 766
27 17 -1 734
27 16 -1 -1
27 15 -1 708
27 14 -1 -1
27 13 -1 700
27 12 -1 1024
27 11 -1 -1
27 10 -1 -1
27 9 -1 896
27 8 -1 964
27 7 -1 1038
27 6 -1 868
27 5 -1 -1
27 4 -1 1018
27 3 -1 1076
27 2 -1 -1
27 1 -1 -1
26 30 -1 638
26 29 78 174
26 28 -1 -1
26 27 -1 -1
26 25 311 726
26 24 -1 312
26 23 -1 -1
26 22 -1 1004
26 21 -1 -1
26 20 -1 -1
26 19 -1 -1
26 18 -1 1100
26 17 -1 836
26 16 -1 -1
26 15 -1 606
26 14 -1 -1
26 13 -1 698
26 12 -1 386
26 11 -1 1010
26 10 -1 -1
26 9 -1 572
26 8 -1 708
26 7 61 118
26 6 -1 828
26 5 108 222
26 4 -1 582
26 3 -1 -1
26 2 89 206
26 1 -1 -1
25 30 -1 -1
25 29 -1 806
25 28 -1 -1
25 27 -1 -1
25 26 325 668
25 24 -1 -1
25 23 -1 -1
25 22 -1 -1
25 21 -1 -1
25 20 -1 -1
25 19 -1 -1
25 18 -1 -1
25 17 -1 -1
25 16 -1 -1
25 15 -1 868
25 14 823 -1
25 13 -1 -1
25 12 -1 864
25 11 516 856
25 10 540 972
25 9 -1 -1
25 8 -1 1076
25 7 -1 682
25 6 -1 -1
25 5 362 666
25 4 240 580
25 3 -1 1056
25 2 303 822
25 1 572 1088
24 30 168 282
24 29 97 198
24 28 -1 960
24 27 -1 918
24 26 -1 260
24 25 -1 1044
24 23 -1 858
24 22 -1 794
24 21 -1 -1
24 20 -1 -1
24 19 -1 -1
24 18 -1 496
24 17 -1 706
24 16 -1 -1
24 15 -1 620
24 14 -1 -1
24 13 -1 400
24 12 88 168
24 11 -1 -1
24 10 -1 -1
24 9 100 284
24 8 -1 684
24 7 109 204
24 6 -1 468
24 5 -1 478
24 4 -1 590
24 3 -1 -1
24 2 -1 272
24 1 -1 -1
23 30 -1 860
23 29 -1 1034
23 28 -1 602
23 27 176 428
23 26 -1 1032
23 25 -1 -1
23 24 -1 1000
23 22 203 334
23 21 -1 -1
23 20 431 1034
23 19 -1 756
23 18 252 392
23 17 347 676
23 16 -1 -1
23 15 -1 946
23 14 -1 -1
23 13 -1 616
23 12 -1 898
23 11 -1 -1
23 10 -1 -1
23 9 -1 680
23 8 -1 1016
23 7 -1 -1
23 6 -1 566
23 5 -1 -1
23 4 -1 -1
23 3 -1 -1
23 2 -1 -1
23 1 -1 -1
22 30 -1 678
22 29 -1 1016
22 28 210 358
22 27 173 284
22 26 -1 958
22 25 -1 -1
22 24 -1 756
22 23 193 340
22 21 -1 828
22 20 -1 1108
22 19 -1 600
22 18 194 426
22 17 -1 510
22 16 -1 -1
22 15 -1 684
22 14 -1 -1
22 13 146 338
22 12 -1 586
22 11 -1 -1
22 10 -1 -1
22 9 -1 624
22 8 332 636
22 7 -1 900
22 6 216 446
22 5 -1 -1
22 4 -1 1034
22 3 -1 -1
22 2 -1 742
22 1 -1 -1
21 30 -1 -1
21 29 -1 -1
21 28 -1 678
21 27 -1 654
21 26 -1 -1
21 25 -1 -1
21 24 -1 -1
21 23 -1 1064
21 22 -1 1032
21 20 131 252
21 19 281 410
21 18 -1 -1
21 17 -1 -1
21 16 184 388
21 15 -1 766
21 14 -1 -1
21 13 -1 1014
21 12 -1 -1
21 11 -1 866
21 10 -1 -1
21 9 -1 -1
21 8 -1 876
21 7 -1 -1
21 6 -1 -1
21 5 -1 -1
21 4 -1 1086
21 3 203 474
21 2 -1 -1
21 1 -1 -1
20 30 -1 -1
20 29 -1 -1
20 28 -1 600
20 27 305 738
20 26 -1 -1
20 25 -1 -1
20 24 -1 -1
20 23 547 926
20 22 -1 990
20 21 136 188
20 19 189 456
20 18 -1 -1
20 17 -1 -1
20 16 312 470
20 15 -1 888
20 14 -1 -1
20 13 -1 -1
20 12 -1 -1
20 11 -1 -1
20 10 -1 -1
20 9 -1 -1
20 8 -1 996
20 7 -1 -1
20 6 -1 -1
20 5 -1 -1
20 4 -1 -1
20 3 -1 800
20 2 -1 -1
20 1 -1 -1
19 30 -1 -1
19 29 -1 -1
19 28 117 236
19 27 187 282
19 26 -1 -1
19 25 -1 -1
19 24 -1 -1
19 23 -1 604
19 22 -1 606
19 21 266 470
19 20 216 444
19 18 -1 1072
19 17 -1 -1
19 16 -1 686
19 15 -1 810
19 14 -1 -1
19 13 -1 918
19 12 -1 968
19 11 -1 -1
19 10 -1 -1
19 9 -1 1096
19 8 -1 800
19 7 -1 1060
19 6 -1 972
19 5 -1 -1
19 4 -1 -1
19 3 390 628
19 2 -1 -1
19 1 -1 -1
18 30 -1 328
18 29 -1 842
18 28 -1 838
18 27 -1 864
18 26 -1 834
18 25 -1 -1
18 24 -1 616
18 23 220 502
18 22 268 414
18 21 -1 -1
18 20 -1 -1
18 19 -1 1008
18 17 81 134
18 16 -1 -1
18 15 -1 764
18 14 -1 -1
18 13 -1 402
18 12 -1 736
18 11 -1 -1
18 10 -1 -1
18 9 -1 418
18 8 -1 806
18 7 -1 700
18 6 130 214
18 5 -1 838
18 4 -1 -1
18 3 -1 -1
18 2 -1 824
18 1 -1 -1
17 30 183 280
17 29 450 854
17 28 -1 856
17 27 -1 844
17 26 -1 1106
17 25 -1 -1
17 24 -1 712
17 23 240 604
17 22 -1 700
17 21 -1 -1
17 20 -1 -1
17 19 -1 894
17 18 65 116
17 16 -1 -1
17 15 -1 -1
17 14 -1 -1
17 13 -1 524
17 12 -1 824
17 11 -1 -1
17 10 -1 -1
17 9 -1 382
17 8 -1 1074
17 7 -1 800
17 6 149 346
17 5 415 946
17 4 -1 -1
17 3 -1 -1
17 2 -1 1074
17 1 -1 -1
16 30 -1 -1
16 29 -1 -1
16 28 -1 1018
16 27 -1 928
16 26 -1 -1
16 25 -1 -1
16 24 -1 -1
16 23 -1 -1
16 22 -1 -1
16 21 145 392
16 20 296 454
16 19 -1 832
16 18 -1 -1
16 17 -1 -1
16 15 -1 1040
16 14 519 994
16 13 -1 -1
16 12 -1 -1
16 11 -1 702
16 10 -1 1068
16 9 -1 -1
16 8 -1 -1
16 7 -1 -1
16 6 -1 -1
16 5 -1 -1
16 4 -1 -1
16 3 251 348
16 2 -1 -1
16 1 -1 920
15 30 -1 752
15 29 -1 776
15 28 -1 574
15 27 -1 916
15 26 -1 624
15 25 -1 760
15 24 -1 650
15 23 -1 910
15 22 -1 600
15 21 -1 954
15 20 -1 -1
15 19 -1 836
15 18 -1 816
15 17 -1 984
15 16 -1 854
15 14 -1 -1
15 13 239 578
15 12 226 360
15 11 -1 626
15 10 -1 986
15 9 -1 664
15 8 9 18
15 7 -1 652
15 6 -1 790
15 5 -1 868
15 4 190 358
15 3 -1 736
15 2 -1 512
15 1 -1 1072
14 30 -1 -1
14 29 -1 -1
14 28 -1 -1
14 27 -1 -1
14 26 -1 -1
14 25 620 -1
14 24 -1 -1
14 23 -1 -1
14 22 -1 -1
14 21 -1 970
14 20 -1 -1
14 19 -1 -1
14 18 -1 -1
14 17 -1 -1
14 16 429 838
14 15 -1 -1
14 13 -1 -1
14 12 -1 -1
14 11 -1 710
14 10 -1 310
14 9 -1 -1
14 8 -1 1072
14 7 -1 -1
14 6 -1 -1
14 5 -1 -1
14 4 -1 -1
14 3 375 670
14 2 -1 -1
14 1 140 226
13 30 -1 298
13 29 -1 712
13 28 -1 492
13 27 -1 732
13 26 -1 614
13 25 -1 1030
13 24 -1 418
13 23 -1 570
13 22 174 312
13 21 -1 -1
13 20 -1 -1
13 19 -1 892
13 18 -1 320
13 17 -1 566
13 16 -1 -1
13 15 241 638
13 14 -1 -1
13 12 153 408
13 11 -1 -1
13 10 -1 -1
13 9 155 222
13 8 297 474
13 7 -1 468
13 6 83 182
13 5 -1 1010
13 4 -1 768
13 3 -1 -1
13 2 -1 668
13 1 -1 -1
12 30 -1 378
12 29 -1 348
12 28 -1 826
12 27 -1 888
12 26 -1 448
12 25 -1 1022
12 24 105 182
12 23 -1 -1
12 22 -1 526
12 21 -1 -1
12 20 -1 -1
12 19 -1 976
12 18 -1 718
12 17 -1 670
12 16 -1 -1
12 15 235 370
12 14 -1 -1
12 13 141 302
12 11 -1 -1
12 10 -1 -1
12 9 175 386
12 8 -1 430
12 7 139 230
12 6 -1 482
12 5 -1 636
12 4 293 450
12 3 -1 -1
12 2 118 252
12 1 -1 -1
11 30 -1 -1
11 29 -1 -1
11 28 -1 996
11 27 -1 -1
11 26 -1 1100
11 25 396 812
11 24 -1 1072
11 23 -1 -1
11 22 -1 -1
11 21 -1 920
11 20 -1 -1
11 19 -1 -1
11 18 -1 -1
11 17 -1 -1
11 16 -1 878
11 15 -1 818
11 14 -1 522
11 13 -1 1074
11 12 -1 -1
11 10 146 326
11 9 -1 -1
11 8 425 832
11 7 -1 -1
11 6 -1 -1
11 5 -1 -1
11 4 302 722
11 3 291 538
11 2 -1 -1
11 1 -1 472
10 30 -1 -1
10 29 -1 -1
10 28 -1 -1
10 27 -1 -1
10 26 -1 -1
10 25 582 922
10 24 -1 -1
10 23 -1 -1
10 22 -1 -1
10 21 -1 986
10 20 -1 -1
10 19 -1 -1
10 18 -1 -1
10 17 -1 -1
10 16 -1 962
10 15 -1 -1
10 14 -1 340
10 13 -1 -1
10 12 -1 -1
10 11 180 354
10 9 -1 -1
10 8 -1 976
10 7 -1 -1
10 6 -1 -1
10 5 -1 -1
10 4 -1 1094
10 3 327 586
10 2 -1 -1
10 1 37 70
9 30 31 70
9 29 -1 424
9 28 -1 838
9 27 -1 1066
9 26 -1 550
9 25 -1 -1
9 24 100 234
9 23 -1 686
9 22 -1 636
9 21 -1 -1
9 20 -1 -1
9 19 -1 1016
9 18 -1 414
9 17 -1 316
9 16 -1 -1
9 15 -1 606
9 14 -1 -1
9 13 130 330
9 12 206 360
9 11 -1 -1
9 10 -1 -1
9 8 -1 752
9 7 -1 358
9 6 113 154
9 5 -1 666
9 4 -1 914
9 3 -1 -1
9 2 -1 422
9 1 -1 -1
8 30 -1 814
8 29 -1 964
8 28 271 576
8 27 -1 822
8 26 -1 600
8 25 -1 916
8 24 -1 740
8 23 -1 944
8 22 330 762
8 21 -1 960
8 20 -1 862
8 19 -1 580
8 18 -1 988
8 17 -1 974
8 16 -1 -1
8 15 10 18
8 14 -1 -1
8 13 300 650
8 12 -1 440
8 11 312 758
8 10 -1 1008
8 9 -1 696
8 7 -1 772
8 6 -1 622
8 5 -1 952
8 4 196 336
8 3 292 506
8 2 -1 528
8 1 -1 900
7 30 -1 496
7 29 74 126
7 28 -1 -1
7 27 -1 1010
7 26 76 126
7 25 -1 778
7 24 97 166
7 23 -1 -1
7 22 -1 922
7 21 -1 -1
7 20 -1 -1
7 19 -1 1016
7 18 -1 910
7 17 -1 922
7 16 -1 -1
7 15 -1 760
7 14 -1 -1
7 13 -1 518
7 12 110 288
7 11 -1 -1
7 10 -1 -1
7 9 -1 414
7 8 -1 624
7 6 -1 468
7 5 -1 248
7 4 -1 560
7 3 -1 1102
7 2 75 126
7 1 -1 -1
6 30 94 246
6 29 -1 658
6 28 -1 706
6 27 -1 802
6 26 -1 602
6 25 -1 -1
6 24 -1 446
6 23 -1 486
6 22 230 346
6 21 -1 -1
6 20 -1 -1
6 19 -1 970
6 18 119 210
6 17 150 270
6 16 -1 -1
6 15 -1 788
6 14 -1 -1
6 13 89 150
6 12 -1 452
6 11 -1 -1
6 10 -1 -1
6 9 83 156
6 8 -1 674
6 7 -1 556
6 5 -1 962
6 4 -1 840
6 3 -1 -1
6 2 -1 750
6 1 -1 -1
5 30 -1 570
5 29 146 206
5 28 -1 -1
5 27 -1 -1
5 26 118 180
5 25 370 886
5 24 -1 426
5 23 -1 -1
5 22 -1 -1
5 21 -1 -1
5 20 -1 -1
5 19 -1 -1
5 18 -1 1074
5 17 459 992
5 16 -1 -1
5 15 -1 974
5 14 -1 -1
5 13 -1 956
5 12 -1 458
5 11 -1 -1
5 10 -1 -1
5 9 -1 590
5 8 -1 884
5 7 -1 278
5 6 -1 896
5 4 -1 876
5 3 -1 -1
5 2 -1 416
5 1 -1 -1
4 30 -1 1058
4 29 -1 614
4 28 -1 1004
4 27 -1 -1
4 26 -1 500
4 25 265 474
4 24 -1 736
4 23 -1 -1
4 22 -1 890
4 21 -1 -1
4 20 -1 -1
4 19 -1 -1
4 18 -1 1062
4 17 -1 1088
4 16 -1 -1
4 15 177 374
4 14 -1 -1
4 13 -1 690
4 12 286 574
4 11 273 706
4 10 -1 958
4 9 -1 1012
4 8 183 378
4 7 -1 710
4 6 -1 756
4 5 -1 690
4 3 -1 702
4 2 203 520
4 1 -1 906
3 30 -1 -1
3 29 -1 -1
3 28 437 664
3 27 -1 978
3 26 -1 -1
3 25 -1 -1
3 24 -1 -1
3 23 -1 -1
3 22 -1 -1
3 21 233 428
3 20 -1 618
3 19 333 744
3 18 -1 -1
3 17 -1 -1
3 16 239 406
3 15 -1 772
3 14 463 746
3 13 -1 1000
3 12 -1 938
3 11 212 526
3 10 320 822
3 9 -1 -1
3 8 365 530
3 7 -1 -1
3 6 -1 -1
3 5 -1 -1
3 4 -1 798
3 2 -1 1018
3 1 412 718
2 30 -1 674
2 29 -1 336
2 28 -1 940
2 27 -1 -1
2 26 77 220
2 25 420 830
2 24 -1 282
2 23 -1 990
2 22 -1 952
2 21 -1 -1
2 20 -1 -1
2 19 -1 -1
2 18 -1 956
2 17 -1 828
2 16 -1 -1
2 15 -1 546
2 14 -1 -1
2 13 -1 480
2 12 115 236
2 11 -1 860
2 10 -1 -1
2 9 -1 590
2 8 -1 454
2 7 74 142
2 6 -1 578
2 5 -1 386
2 4 241 440
2 3 -1 1082
2 1 -1 -1
1 30 -1 -1
1 29 -1 -1
1 28 -1 -1
1 27 -1 -1
1 26 -1 -1
1 25 540 1014
1 24 -1 -1
1 23 -1 -1
1 22 -1 -1
1 21 -1 -1
1 20 -1 -1
1 19 -1 -1
1 18 -1 -1
1 17 -1 -1
1 16 -1 848
1 15 -1 910
1 14 147 246
1 13 -1 -1
1 12 -1 -1
1 11 -1 420
1 10 37 86
1 9 -1 -1
1 8 -1 -1
1 7 -1 -1
1 6 -1 -1
1 5 -1 -1
1 4 -1 894
1 3 406 664
1 2 -1 -1
