nnodes narcs source target type
50 2450 37 33 drone_routing_pli_project2
nodename posx posy
50 920.574 3.40011
49 121.3 117.664
48 228.58 984.55
47 104.79 67.3954
46 455.309 210.132
45 431.035 813.444
44 311.024 850.63
43 393.687 207.332
42 653.518 32.2673
41 568.537 120.65
40 99.8224 184.451
39 481.517 535.211
38 451.108 725.892
37 39.8762 528.416
36 112.917 796.155
35 161.674 943.032
34 237.152 456.745
33 262.222 730.469
32 1.2558 58.3692
31 616.942 663.315
30 302.097 885.499
29 513.893 936.681
28 252.313 442.23
27 103.227 463.561
26 597.471 890.237
25 934.435 746.014
24 442.228 855.491
23 6.47672 635
22 198.543 609.662
21 323.826 125.034
20 211.685 138.647
19 207.937 347.634
18 139.709 827.551
17 135.458 896.491
16 465.894 21.2827
15 510.284 538.285
14 914.442 24.5556
13 296.743 721.587
12 467.928 755.911
11 788.292 311.839
10 897.465 197.942
9 324.264 857.388
8 507.414 530.33
7 532.589 868.111
6 256.372 792.962
5 627.09 987.452
4 682.985 612.102
3 553.675 217.735
2 573.263 801.507
1 912.433 159.083
tail head car_cost drone_cost
50 49 -1 -1
50 48 -1 -1
50 47 -1 -1
50 46 -1 252
50 45 -1 -1
50 44 -1 -1
50 43 -1 256
50 42 263 140
50 41 -1 172
50 40 -1 -1
50 39 -1 -1
50 38 -1 -1
50 37 -1 -1
50 36 -1 -1
50 35 -1 -1
50 34 -1 -1
50 33 -1 -1
50 32 -1 -1
50 31 -1 -1
50 30 -1 -1
50 29 -1 -1
50 28 -1 -1
50 27 -1 -1
50 26 -1 -1
50 25 799 -1
50 24 -1 -1
50 23 -1 -1
50 22 -1 -1
50 21 -1 -1
50 20 -1 -1
50 19 -1 -1
50 18 -1 -1
50 17 -1 -1
50 16 406 208
50 15 -1 -1
50 14 24 10
50 13 -1 -1
50 12 -1 -1
50 11 -1 160
50 10 -1 110
50 9 -1 -1
50 8 -1 272
50 7 -1 -1
50 6 -1 -1
50 5 -1 -1
50 4 -1 -1
50 3 -1 238
50 2 -1 -1
50 1 186 82
49 50 -1 -1
49 48 -1 -1
49 47 60 22
49 46 -1 194
49 45 -1 -1
49 44 -1 -1
49 43 -1 156
49 42 -1 216
49 41 -1 196
49 40 84 36
49 39 -1 278
49 38 -1 -1
49 37 -1 208
49 36 -1 -1
49 35 -1 -1
49 34 -1 150
49 33 -1 -1
49 32 115 62
49 31 -1 -1
49 30 -1 -1
49 29 -1 -1
49 28 -1 166
49 27 -1 186
49 26 -1 -1
49 25 -1 -1
49 24 -1 -1
49 23 -1 -1
49 22 -1 240
49 21 -1 98
49 20 97 42
49 19 -1 134
49 18 -1 -1
49 17 -1 -1
49 16 -1 206
49 15 -1 -1
49 14 -1 -1
49 13 -1 256
49 12 -1 -1
49 11 -1 -1
49 10 -1 -1
49 9 -1 -1
49 8 -1 -1
49 7 -1 -1
49 6 -1 -1
49 5 -1 -1
49 4 -1 -1
49 3 -1 194
49 2 -1 -1
49 1 -1 -1
48 50 -1 -1
48 49 -1 -1
48 47 -1 -1
48 46 -1 -1
48 45 -1 150
48 44 -1 80
48 43 -1 -1
48 42 -1 -1
48 41 -1 -1
48 40 -1 -1
48 39 -1 -1
48 38 -1 152
48 37 -1 252
48 36 -1 124
48 35 65 38
48 34 -1 276
48 33 -1 104
48 32 -1 -1
48 31 -1 246
48 30 129 64
48 29 288 128
48 28 -1 -1
48 27 -1 232
48 26 -1 212
48 25 -1 -1
48 24 -1 150
48 23 -1 240
48 22 -1 208
48 21 -1 -1
48 20 -1 -1
48 19 -1 272
48 18 -1 82
48 17 -1 56
48 16 -1 -1
48 15 -1 260
48 14 -1 -1
48 13 -1 162
48 12 -1 190
48 11 -1 -1
48 10 -1 -1
48 9 -1 76
48 8 -1 216
48 7 -1 166
48 6 -1 108
48 5 394 168
48 4 -1 -1
48 3 -1 -1
48 2 -1 234
48 1 -1 -1
47 50 -1 -1
47 49 48 24
47 48 -1 -1
47 46 -1 172
47 45 -1 -1
47 44 -1 -1
47 43 -1 158
47 42 -1 232
47 41 -1 208
47 40 -1 56
47 39 -1 -1
47 38 -1 -1
47 37 -1 234
47 36 -1 -1
47 35 -1 -1
47 34 -1 210
47 33 -1 -1
47 32 125 50
47 31 -1 -1
47 30 -1 -1
47 29 -1 -1
47 28 -1 168
47 27 -1 224
47 26 -1 -1
47 25 -1 -1
47 24 -1 -1
47 23 -1 260
47 22 -1 -1
47 21 253 110
47 20 144 66
47 19 -1 130
47 18 -1 -1
47 17 -1 -1
47 16 421 194
47 15 -1 -1
47 14 -1 -1
47 13 -1 -1
47 12 -1 -1
47 11 -1 -1
47 10 -1 -1
47 9 -1 -1
47 8 -1 -1
47 7 -1 -1
47 6 -1 -1
47 5 -1 -1
47 4 -1 -1
47 3 -1 206
47 2 -1 -1
47 1 -1 -1
46 50 -1 270
46 49 -1 148
46 48 -1 -1
46 47 -1 192
46 45 -1 -1
46 44 -1 -1
46 43 74 38
46 42 -1 120
46 41 153 84
46 40 -1 182
46 39 336 176
46 38 -1 236
46 37 -1 214
46 36 -1 -1
46 35 -1 -1
46 34 -1 146
46 33 -1 270
46 32 -1 -1
46 31 -1 196
46 30 -1 -1
46 29 -1 -1
46 28 -1 170
46 27 -1 182
46 26 -1 -1
46 25 -1 -1
46 24 -1 276
46 23 -1 274
46 22 -1 208
46 21 -1 64
46 20 -1 144
46 19 -1 152
46 18 -1 -1
46 17 -1 -1
46 16 201 80
46 15 -1 188
46 14 -1 226
46 13 -1 260
46 12 -1 -1
46 11 -1 206
46 10 -1 254
46 9 -1 -1
46 8 288 194
46 7 -1 -1
46 6 -1 -1
46 5 -1 -1
46 4 -1 192
46 3 101 58
46 2 -1 262
46 1 -1 266
45 50 -1 -1
45 49 -1 -1
45 48 -1 152
45 47 -1 -1
45 46 -1 -1
45 44 149 66
45 43 -1 -1
45 42 -1 -1
45 41 -1 -1
45 40 -1 -1
45 39 -1 138
45 38 107 54
45 37 -1 278
45 36 -1 180
45 35 -1 156
45 34 -1 220
45 33 -1 78
45 32 -1 -1
45 31 -1 116
45 30 -1 68
45 29 -1 72
45 28 -1 202
45 27 -1 268
45 26 -1 76
45 25 -1 254
45 24 51 24
45 23 -1 208
45 22 -1 150
45 21 -1 -1
45 20 -1 -1
45 19 -1 220
45 18 -1 166
45 17 -1 126
45 16 -1 -1
45 15 -1 126
45 14 -1 -1
45 13 135 84
45 12 73 38
45 11 -1 -1
45 10 -1 -1
45 9 109 48
45 8 -1 152
45 7 129 58
45 6 -1 82
45 5 -1 128
45 4 -1 168
45 3 -1 -1
45 2 -1 62
45 1 -1 -1
44 50 -1 -1
44 49 -1 -1
44 48 -1 74
44 47 -1 -1
44 46 -1 -1
44 45 117 74
44 43 -1 -1
44 42 -1 -1
44 41 -1 -1
44 40 -1 -1
44 39 -1 184
44 38 -1 76
44 37 -1 184
44 36 -1 100
44 35 -1 80
44 34 -1 198
44 33 -1 64
44 32 -1 -1
44 31 -1 168
44 30 34 18
44 29 -1 126
44 28 -1 196
44 27 -1 214
44 26 -1 154
44 25 -1 272
44 24 -1 72
44 23 -1 180
44 22 -1 112
44 21 -1 -1
44 20 -1 -1
44 19 -1 246
44 18 -1 98
44 17 -1 74
44 16 -1 -1
44 15 -1 186
44 14 -1 -1
44 13 107 78
44 12 -1 86
44 11 -1 -1
44 10 -1 -1
44 9 17 8
44 8 -1 194
44 7 -1 126
44 6 92 36
44 5 -1 180
44 4 -1 184
44 3 -1 -1
44 2 -1 138
44 1 -1 -1
43 50 -1 -1
43 49 -1 118
43 48 -1 -1
43 47 -1 136
43 46 72 28
43 45 -1 -1
43 44 -1 -1
43 42 -1 140
43 41 -1 80
43 40 -1 156
43 39 278 160
43 38 -1 272
43 37 -1 228
43 36 -1 -1
43 35 -1 -1
43 34 -1 124
43 33 -1 -1
43 32 -1 174
43 31 -1 -1
43 30 -1 -1
43 29 -1 -1
43 28 277 160
43 27 -1 186
43 26 -1 -1
43 25 -1 -1
43 24 -1 270
43 23 -1 244
43 22 -1 246
43 21 111 66
43 20 165 94
43 19 237 136
43 18 -1 -1
43 17 -1 -1
43 16 211 90
43 15 -1 164
43 14 -1 -1
43 13 -1 250
43 12 -1 -1
43 11 -1 224
43 10 -1 222
43 9 -1 -1
43 8 -1 148
43 7 -1 -1
43 6 -1 -1
43 5 -1 -1
43 4 -1 266
43 3 -1 76
43 2 -1 -1
43 1 -1 218
42 50 278 114
42 49 -1 234
42 48 -1 -1
42 47 -1 -1
42 46 -1 140
42 45 -1 -1
42 44 -1 -1
42 43 -1 140
42 41 108 70
42 40 -1 250
42 39 -1 -1
42 38 -1 -1
42 37 -1 -1
42 36 -1 -1
42 35 -1 -1
42 34 -1 270
42 33 -1 -1
42 32 -1 -1
42 31 -1 -1
42 30 -1 -1
42 29 -1 -1
42 28 -1 -1
42 27 -1 -1
42 26 -1 -1
42 25 -1 -1
42 24 -1 -1
42 23 -1 -1
42 22 -1 -1
42 21 -1 196
42 20 -1 190
42 19 -1 230
42 18 -1 -1
42 17 -1 -1
42 16 161 98
42 15 -1 250
42 14 225 154
42 13 -1 -1
42 12 -1 -1
42 11 324 132
42 10 270 168
42 9 -1 -1
42 8 -1 -1
42 7 -1 -1
42 6 -1 -1
42 5 -1 -1
42 4 -1 278
42 3 -1 112
42 2 -1 -1
42 1 276 122
41 50 -1 200
41 49 -1 266
41 48 -1 -1
41 47 -1 200
41 46 154 74
41 45 -1 -1
41 44 -1 -1
41 43 -1 90
41 42 144 64
41 40 -1 230
41 39 -1 232
41 38 -1 -1
41 37 -1 -1
41 36 -1 -1
41 35 -1 -1
41 34 -1 226
41 33 -1 -1
41 32 -1 -1
41 31 -1 -1
41 30 -1 -1
41 29 -1 -1
41 28 -1 230
41 27 -1 238
41 26 -1 -1
41 25 -1 -1
41 24 -1 -1
41 23 -1 -1
41 22 -1 -1
41 21 -1 146
41 20 -1 178
41 19 -1 190
41 18 -1 -1
41 17 -1 -1
41 16 147 64
41 15 -1 206
41 14 -1 200
41 13 -1 270
41 12 -1 -1
41 11 326 120
41 10 -1 178
41 9 -1 -1
41 8 -1 212
41 7 -1 -1
41 6 -1 -1
41 5 -1 -1
41 4 -1 254
41 3 99 42
41 2 -1 -1
41 1 -1 176
40 50 -1 -1
40 49 72 32
40 48 -1 -1
40 47 -1 54
40 46 -1 178
40 45 -1 -1
40 44 -1 -1
40 43 -1 148
40 42 -1 234
40 41 -1 228
40 39 -1 240
40 38 -1 -1
40 37 302 190
40 36 -1 270
40 35 -1 -1
40 34 -1 160
40 33 -1 266
40 32 159 92
40 31 -1 -1
40 30 -1 -1
40 29 -1 -1
40 28 -1 144
40 27 225 150
40 26 -1 -1
40 25 -1 -1
40 24 -1 -1
40 23 -1 262
40 22 -1 188
40 21 -1 118
40 20 129 54
40 19 222 80
40 18 -1 -1
40 17 -1 -1
40 16 -1 216
40 15 -1 238
40 14 -1 -1
40 13 -1 246
40 12 -1 -1
40 11 -1 -1
40 10 -1 -1
40 9 -1 -1
40 8 -1 -1
40 7 -1 -1
40 6 -1 -1
40 5 -1 -1
40 4 -1 -1
40 3 -1 264
40 2 -1 -1
40 1 -1 -1
39 50 -1 -1
39 49 -1 258
39 48 -1 -1
39 47 -1 -1
39 46 289 132
39 45 -1 142
39 44 -1 166
39 43 322 202
39 42 -1 218
39 41 -1 172
39 40 -1 246
39 38 223 78
39 37 -1 204
39 36 -1 270
39 35 -1 -1
39 34 272 130
39 33 -1 162
39 32 -1 -1
39 31 -1 100
39 30 -1 224
39 29 -1 166
39 28 210 112
39 27 -1 192
39 26 -1 182
39 25 -1 270
39 24 -1 140
39 23 -1 206
39 22 333 160
39 21 -1 242
39 20 -1 226
39 19 -1 152
39 18 -1 238
39 17 -1 -1
39 16 -1 -1
39 15 27 12
39 14 -1 -1
39 13 314 128
39 12 -1 122
39 11 -1 218
39 10 -1 244
39 9 -1 156
39 8 25 16
39 7 -1 182
39 6 -1 144
39 5 -1 198
39 4 -1 98
39 3 -1 132
39 2 -1 124
39 1 -1 -1
38 50 -1 -1
38 49 -1 -1
38 48 -1 180
38 47 -1 -1
38 46 -1 254
38 45 79 42
38 44 -1 100
38 43 -1 260
38 42 -1 -1
38 41 -1 -1
38 40 -1 -1
38 39 181 110
38 37 -1 220
38 36 -1 142
38 35 -1 162
38 34 -1 162
38 33 -1 86
38 32 -1 -1
38 31 207 76
38 30 -1 126
38 29 -1 90
38 28 -1 188
38 27 -1 178
38 26 -1 124
38 25 -1 204
38 24 -1 72
38 23 -1 266
38 22 -1 120
38 21 -1 256
38 20 -1 -1
38 19 -1 236
38 18 -1 152
38 17 -1 166
38 16 -1 -1
38 15 166 114
38 14 -1 -1
38 13 156 70
38 12 42 20
38 11 -1 266
38 10 -1 -1
38 9 -1 80
38 8 -1 114
38 7 -1 92
38 6 -1 106
38 5 -1 184
38 4 -1 126
38 3 -1 -1
38 2 -1 60
38 1 -1 -1
37 50 -1 -1
37 49 -1 178
37 48 -1 -1
37 47 -1 208
37 46 -1 236
37 45 -1 266
37 44 -1 186
37 43 -1 228
37 42 -1 -1
37 41 -1 -1
37 40 368 210
37 39 -1 200
37 38 -1 260
37 36 -1 122
37 35 -1 218
37 34 -1 112
37 33 -1 164
37 32 474 224
37 31 -1 -1
37 30 -1 202
37 29 -1 278
37 28 -1 100
37 27 106 48
37 26 -1 -1
37 25 -1 -1
37 24 -1 218
37 23 116 58
37 22 165 104
37 21 -1 270
37 20 -1 206
37 19 -1 118
37 18 -1 138
37 17 -1 188
37 16 -1 -1
37 15 -1 268
37 14 -1 -1
37 13 -1 188
37 12 -1 -1
37 11 -1 -1
37 10 -1 -1
37 9 -1 182
37 8 -1 264
37 7 -1 -1
37 6 -1 168
37 5 -1 -1
37 4 -1 -1
37 3 -1 278
37 2 -1 266
37 1 -1 -1
36 50 -1 -1
36 49 -1 -1
36 48 -1 114
36 47 -1 -1
36 46 -1 -1
36 45 -1 184
36 44 -1 84
36 43 -1 -1
36 42 -1 -1
36 41 -1 -1
36 40 -1 -1
36 39 -1 210
36 38 -1 156
36 37 -1 132
36 35 -1 78
36 34 -1 146
36 33 156 98
36 32 -1 -1
36 31 -1 226
36 30 -1 92
36 29 -1 206
36 28 -1 172
36 27 -1 176
36 26 -1 262
36 25 -1 -1
36 24 -1 158
36 23 176 80
36 22 217 94
36 21 -1 -1
36 20 -1 -1
36 19 -1 228
36 18 43 20
36 17 87 56
36 16 -1 -1
36 15 -1 244
36 14 -1 -1
36 13 -1 88
36 12 -1 170
36 11 -1 -1
36 10 -1 -1
36 9 -1 102
36 8 -1 202
36 7 -1 250
36 6 158 86
36 5 -1 -1
36 4 -1 -1
36 3 -1 -1
36 2 -1 256
36 1 -1 -1
35 50 -1 -1
35 49 -1 -1
35 48 70 44
35 47 -1 -1
35 46 -1 -1
35 45 -1 176
35 44 -1 90
35 43 -1 -1
35 42 -1 -1
35 41 -1 -1
35 40 -1 -1
35 39 -1 -1
35 38 -1 198
35 37 -1 242
35 36 -1 70
35 34 -1 -1
35 33 -1 102
35 32 -1 -1
35 31 -1 278
35 30 143 72
35 29 -1 182
35 28 -1 236
35 27 -1 214
35 26 -1 204
35 25 -1 -1
35 24 -1 128
35 23 -1 164
35 22 -1 172
35 21 -1 -1
35 20 -1 -1
35 19 -1 254
35 18 -1 52
35 17 58 28
35 16 -1 -1
35 15 -1 276
35 14 -1 -1
35 13 -1 112
35 12 -1 152
35 11 -1 -1
35 10 -1 -1
35 9 -1 92
35 8 -1 -1
35 7 -1 228
35 6 -1 102
35 5 -1 214
35 4 -1 -1
35 3 -1 -1
35 2 -1 238
35 1 -1 -1
34 50 -1 -1
34 49 -1 146
34 48 -1 226
34 47 -1 194
34 46 -1 182
34 45 -1 200
34 44 -1 172
34 43 -1 142
34 42 -1 270
34 41 -1 -1
34 40 -1 150
34 39 307 132
34 38 -1 162
34 37 -1 104
34 36 -1 200
34 35 -1 206
34 33 -1 114
34 32 -1 224
34 31 -1 260
34 30 -1 212
34 29 -1 -1
34 28 21 14
34 27 155 68
34 26 -1 -1
34 25 -1 -1
34 24 -1 218
34 23 -1 164
34 22 149 66
34 21 -1 172
34 20 -1 164
34 19 104 52
34 18 -1 204
34 17 -1 252
34 16 -1 220
34 15 -1 142
34 14 -1 -1
34 13 -1 164
34 12 -1 182
34 11 -1 -1
34 10 -1 -1
34 9 -1 192
34 8 -1 122
34 7 -1 246
34 6 -1 192
34 5 -1 -1
34 4 -1 234
34 3 -1 190
34 2 -1 -1
34 1 -1 -1
33 50 -1 -1
33 49 -1 -1
33 48 -1 128
33 47 -1 276
33 46 -1 -1
33 45 -1 88
33 44 -1 66
33 43 -1 -1
33 42 -1 -1
33 41 -1 -1
33 40 -1 268
33 39 -1 118
33 38 -1 82
33 37 -1 132
33 36 151 82
33 35 -1 108
33 34 -1 154
33 32 -1 -1
33 31 -1 216
33 30 -1 74
33 29 -1 132
33 28 -1 158
33 27 -1 180
33 26 -1 212
33 25 -1 -1
33 24 -1 94
33 23 -1 128
33 22 127 78
33 21 -1 272
33 20 -1 266
33 19 -1 178
33 18 -1 84
33 17 -1 114
33 16 -1 -1
33 15 -1 186
33 14 -1 -1
33 13 42 22
33 12 -1 116
33 11 -1 -1
33 10 -1 -1
33 9 -1 70
33 8 -1 134
33 7 -1 124
33 6 54 32
33 5 -1 230
33 4 -1 240
33 3 -1 -1
33 2 -1 160
33 1 -1 -1
32 50 -1 -1
32 49 148 70
32 48 -1 -1
32 47 98 50
32 46 -1 266
32 45 -1 -1
32 44 -1 -1
32 43 -1 212
32 42 -1 -1
32 41 -1 -1
32 40 181 90
32 39 -1 -1
32 38 -1 -1
32 37 438 212
32 36 -1 -1
32 35 -1 -1
32 34 -1 226
32 33 -1 -1
32 31 -1 -1
32 30 -1 -1
32 29 -1 -1
32 28 -1 246
32 27 -1 184
32 26 -1 -1
32 25 -1 -1
32 24 -1 -1
32 23 653 -1
32 22 -1 -1
32 21 -1 144
32 20 -1 110
32 19 -1 152
32 18 -1 -1
32 17 -1 -1
32 16 440 246
32 15 -1 -1
32 14 -1 -1
32 13 -1 -1
32 12 -1 -1
32 11 -1 -1
32 10 -1 -1
32 9 -1 -1
32 8 -1 -1
32 7 -1 -1
32 6 -1 -1
32 5 -1 -1
32 4 -1 -1
32 3 -1 -1
32 2 -1 -1
32 1 -1 -1
31 50 -1 -1
31 49 -1 -1
31 48 -1 -1
31 47 -1 -1
31 46 -1 274
31 45 -1 140
31 44 -1 204
31 43 -1 262
31 42 -1 256
31 41 -1 264
31 40 -1 -1
31 39 -1 100
31 38 160 80
31 37 -1 -1
31 36 -1 -1
31 35 -1 -1
31 34 -1 200
31 33 -1 210
31 32 -1 -1
31 30 -1 196
31 29 -1 148
31 28 -1 242
31 27 -1 276
31 26 -1 126
31 25 275 152
31 24 -1 140
31 23 -1 -1
31 22 -1 214
31 21 -1 -1
31 20 -1 -1
31 19 -1 234
31 18 -1 222
31 17 -1 270
31 16 -1 -1
31 15 155 92
31 14 -1 -1
31 13 -1 132
31 12 195 104
31 11 -1 220
31 10 -1 252
31 9 -1 146
31 8 -1 100
31 7 -1 118
31 6 -1 186
31 5 -1 186
31 4 97 48
31 3 -1 222
31 2 169 60
31 1 -1 -1
30 50 -1 -1
30 49 -1 -1
30 48 117 72
30 47 -1 -1
30 46 -1 -1
30 45 -1 74
30 44 36 18
30 43 -1 -1
30 42 -1 -1
30 41 -1 -1
30 40 -1 -1
30 39 -1 204
30 38 -1 130
30 37 -1 210
30 36 -1 92
30 35 166 82
30 34 -1 230
30 33 -1 72
30 32 -1 -1
30 31 -1 210
30 29 251 92
30 28 -1 264
30 27 -1 224
30 26 -1 148
30 25 -1 -1
30 24 158 86
30 23 -1 160
30 22 -1 156
30 21 -1 -1
30 20 -1 -1
30 19 -1 -1
30 18 -1 98
30 17 187 82
30 16 -1 -1
30 15 -1 210
30 14 -1 -1
30 13 -1 80
30 12 -1 112
30 11 -1 -1
30 10 -1 -1
30 9 30 22
30 8 -1 228
30 7 -1 114
30 6 95 50
30 5 -1 146
30 4 -1 246
30 3 -1 -1
30 2 -1 160
30 1 -1 -1
29 50 -1 -1
29 49 -1 -1
29 48 288 162
29 47 -1 -1
29 46 -1 -1
29 45 -1 68
29 44 -1 102
29 43 -1 -1
29 42 -1 -1
29 41 -1 -1
29 40 -1 -1
29 39 -1 186
29 38 -1 108
29 37 -1 -1
29 36 -1 176
29 35 -1 168
29 34 -1 276
29 33 -1 132
29 32 -1 -1
29 31 -1 164
29 30 177 114
29 28 -1 -1
29 27 -1 -1
29 26 103 42
29 25 -1 224
29 24 129 58
29 23 -1 -1
29 22 -1 190
29 21 -1 -1
29 20 -1 -1
29 19 -1 -1
29 18 -1 176
29 17 -1 206
29 16 -1 -1
29 15 -1 188
29 14 -1 -1
29 13 -1 132
29 12 -1 104
29 11 -1 -1
29 10 -1 -1
29 9 -1 86
29 8 -1 236
29 7 84 36
29 6 -1 170
29 5 111 56
29 4 -1 152
29 3 -1 -1
29 2 -1 68
29 1 -1 -1
28 50 -1 -1
28 49 -1 148
28 48 -1 274
28 47 -1 240
28 46 -1 132
28 45 -1 236
28 44 -1 236
28 43 286 164
28 42 -1 -1
28 41 -1 244
28 40 -1 160
28 39 258 130
28 38 -1 166
28 37 -1 96
28 36 -1 164
28 35 -1 252
28 34 24 10
28 33 -1 154
28 32 -1 274
28 31 -1 224
28 30 -1 198
28 29 -1 -1
28 27 -1 62
28 26 -1 254
28 25 -1 -1
28 24 -1 194
28 23 -1 182
28 22 -1 72
28 21 -1 192
28 20 -1 170
28 19 107 58
28 18 -1 218
28 17 -1 188
28 16 -1 200
28 15 -1 150
28 14 -1 -1
28 13 -1 130
28 12 -1 178
28 11 -1 -1
28 10 -1 -1
28 9 -1 252
28 8 -1 136
28 7 -1 -1
28 6 -1 186
28 5 -1 -1
28 4 -1 204
28 3 -1 192
28 2 -1 278
28 1 -1 -1
27 50 -1 -1
27 49 -1 186
27 48 -1 252
27 47 -1 160
27 46 -1 254
27 45 -1 194
27 44 -1 252
27 43 -1 218
27 42 -1 -1
27 41 -1 -1
27 40 254 160
27 39 -1 158
27 38 -1 192
27 37 86 50
27 36 -1 192
27 35 -1 -1
27 34 141 64
27 33 -1 174
27 32 -1 204
27 31 -1 260
27 30 -1 226
27 29 -1 -1
27 28 -1 88
27 26 -1 -1
27 25 -1 -1
27 24 -1 -1
27 23 -1 102
27 22 202 72
27 21 -1 224
27 20 -1 162
27 19 168 80
27 18 -1 168
27 17 -1 204
27 16 -1 -1
27 15 -1 176
27 14 -1 -1
27 13 -1 162
27 12 -1 242
27 11 -1 -1
27 10 -1 -1
27 9 -1 198
27 8 -1 238
27 7 -1 262
27 6 -1 172
27 5 -1 -1
27 4 -1 -1
27 3 -1 230
27 2 -1 -1
27 1 -1 -1
26 50 -1 -1
26 49 -1 -1
26 48 -1 214
26 47 -1 -1
26 46 -1 -1
26 45 -1 104
26 44 -1 160
26 43 -1 -1
26 42 -1 -1
26 41 -1 -1
26 40 -1 -1
26 39 -1 168
26 38 -1 108
26 37 -1 -1
26 36 -1 272
26 35 -1 256
26 34 -1 262
26 33 -1 160
26 32 -1 -1
26 31 -1 120
26 30 -1 130
26 29 99 42
26 28 -1 250
26 27 -1 -1
26 25 343 204
26 24 -1 70
26 23 -1 -1
26 22 -1 240
26 21 -1 -1
26 20 -1 -1
26 19 -1 -1
26 18 -1 230
26 17 -1 220
26 16 -1 -1
26 15 -1 198
26 14 -1 -1
26 13 -1 176
26 12 -1 86
26 11 -1 -1
26 10 -1 -1
26 9 -1 138
26 8 -1 180
26 7 70 30
26 6 -1 154
26 5 93 58
26 4 -1 120
26 3 -1 -1
26 2 99 44
26 1 -1 -1
25 50 892 -1
25 49 -1 -1
25 48 -1 -1
25 47 -1 -1
25 46 -1 -1
25 45 -1 266
25 44 -1 -1
25 43 -1 -1
25 42 -1 -1
25 41 -1 -1
25 40 -1 -1
25 39 -1 234
25 38 -1 -1
25 37 -1 -1
25 36 -1 -1
25 35 -1 -1
25 34 -1 -1
25 33 -1 -1
25 32 -1 -1
25 31 391 176
25 30 -1 -1
25 29 -1 260
25 28 -1 -1
25 27 -1 -1
25 26 399 198
25 24 -1 224
25 23 -1 -1
25 22 -1 -1
25 21 -1 -1
25 20 -1 -1
25 19 -1 -1
25 18 -1 -1
25 17 -1 -1
25 16 -1 -1
25 15 -1 -1
25 14 -1 -1
25 13 -1 -1
25 12 -1 196
25 11 509 232
25 10 644 -1
25 9 -1 266
25 8 -1 208
25 7 -1 224
25 6 -1 -1
25 5 335 162
25 4 311 142
25 3 -1 -1
25 2 308 194
25 1 585 -1
24 50 -1 -1
24 49 -1 -1
24 48 -1 148
24 47 -1 -1
24 46 -1 -1
24 45 41 22
24 44 -1 74
24 43 -1 -1
24 42 -1 -1
24 41 -1 -1
24 40 -1 -1
24 39 -1 180
24 38 -1 78
24 37 -1 210
24 36 -1 156
24 35 -1 154
24 34 -1 210
24 33 -1 106
24 32 -1 -1
24 31 -1 136
24 30 119 62
24 29 107 48
24 28 -1 212
24 27 -1 218
24 26 -1 84
24 25 -1 -1
24 23 -1 230
24 22 -1 172
24 21 -1 -1
24 20 -1 -1
24 19 -1 -1
24 18 -1 154
24 17 -1 172
24 16 -1 -1
24 15 -1 180
24 14 -1 -1
24 13 -1 118
24 12 -1 50
24 11 -1 260
24 10 -1 -1
24 9 127 66
24 8 -1 192
24 7 94 48
24 6 -1 94
24 5 -1 92
24 4 -1 186
24 3 -1 -1
24 2 -1 64
24 1 -1 -1
23 50 -1 -1
23 49 -1 -1
23 48 -1 186
23 47 -1 -1
23 46 -1 270
23 45 -1 246
23 44 -1 156
23 43 -1 -1
23 42 -1 -1
23 41 -1 -1
23 40 -1 230
23 39 -1 250
23 38 -1 210
23 37 106 60
23 36 187 116
23 35 -1 162
23 34 -1 138
23 33 -1 128
23 32 522 -1
23 31 -1 -1
23 30 -1 232
23 29 -1 -1
23 28 -1 158
23 27 -1 112
23 26 -1 -1
23 25 -1 -1
23 24 -1 236
23 22 189 92
23 21 -1 -1
23 20 -1 -1
23 19 -1 156
23 18 -1 130
23 17 332 126
23 16 -1 -1
23 15 -1 270
23 14 -1 -1
23 13 -1 172
23 12 -1 262
23 11 -1 -1
23 10 -1 -1
23 9 -1 208
23 8 -1 -1
23 7 -1 -1
23 6 -1 160
23 5 -1 -1
23 4 -1 -1
23 3 -1 -1
23 2 -1 -1
23 1 -1 -1
22 50 -1 -1
22 49 -1 204
22 48 -1 218
22 47 -1 260
22 46 -1 266
22 45 -1 136
22 44 -1 130
22 43 -1 236
22 42 -1 -1
22 41 -1 -1
22 40 -1 194
22 39 347 148
22 38 -1 136
22 37 170 102
22 36 182 116
22 35 -1 154
22 34 151 84
22 33 163 80
22 32 -1 -1
22 31 -1 224
22 30 -1 134
22 29 -1 250
22 28 -1 74
22 27 195 78
22 26 -1 258
22 25 -1 -1
22 24 -1 156
22 23 226 92
22 21 -1 234
22 20 -1 226
22 19 -1 138
22 18 -1 104
22 17 -1 174
22 16 -1 -1
22 15 -1 146
22 14 -1 -1
22 13 133 62
22 12 -1 138
22 11 -1 -1
22 10 -1 -1
22 9 -1 162
22 8 -1 170
22 7 -1 224
22 6 -1 82
22 5 -1 -1
22 4 -1 228
22 3 -1 -1
22 2 -1 218
22 1 -1 -1
21 50 -1 -1
21 49 -1 110
21 48 -1 -1
21 47 248 122
21 46 -1 82
21 45 -1 -1
21 44 -1 -1
21 43 121 58
21 42 -1 158
21 41 -1 108
21 40 -1 106
21 39 -1 220
21 38 -1 -1
21 37 -1 230
21 36 -1 -1
21 35 -1 -1
21 34 -1 154
21 33 -1 268
21 32 -1 184
21 31 -1 -1
21 30 -1 -1
21 29 -1 -1
21 28 -1 144
21 27 -1 198
21 26 -1 -1
21 25 -1 -1
21 24 -1 -1
21 23 -1 -1
21 22 -1 224
21 20 128 50
21 19 -1 128
21 18 -1 -1
21 17 -1 -1
21 16 146 78
21 15 -1 222
21 14 -1 262
21 13 -1 -1
21 12 -1 -1
21 11 -1 -1
21 10 -1 -1
21 9 -1 -1
21 8 -1 230
21 7 -1 -1
21 6 -1 272
21 5 -1 -1
21 4 -1 -1
21 3 -1 114
21 2 -1 -1
21 1 -1 -1
20 50 -1 -1
20 49 88 54
20 48 -1 -1
20 47 125 74
20 46 -1 136
20 45 -1 -1
20 44 -1 -1
20 43 176 114
20 42 -1 240
20 41 -1 202
20 40 136 58
20 39 -1 210
20 38 -1 278
20 37 -1 208
20 36 -1 -1
20 35 -1 -1
20 34 -1 176
20 33 -1 -1
20 32 -1 132
20 31 -1 -1
20 30 -1 -1
20 29 -1 -1
20 28 -1 156
20 27 -1 144
20 26 -1 -1
20 25 -1 -1
20 24 -1 -1
20 23 -1 240
20 22 -1 206
20 21 116 46
20 19 213 118
20 18 -1 -1
20 17 -1 -1
20 16 -1 130
20 15 -1 276
20 14 -1 -1
20 13 -1 -1
20 12 -1 -1
20 11 -1 274
20 10 -1 -1
20 9 -1 -1
20 8 -1 200
20 7 -1 -1
20 6 -1 -1
20 5 -1 -1
20 4 -1 272
20 3 -1 154
20 2 -1 -1
20 1 -1 -1
19 50 -1 -1
19 49 -1 114
19 48 -1 -1
19 47 -1 168
19 46 -1 148
19 45 -1 -1
19 44 -1 -1
19 43 267 136
19 42 -1 248
19 41 -1 224
19 40 166 106
19 39 -1 176
19 38 -1 252
19 37 -1 132
19 36 -1 218
19 35 -1 -1
19 34 109 56
19 33 -1 158
19 32 -1 190
19 31 -1 228
19 30 -1 242
19 29 -1 -1
19 28 109 60
19 27 186 76
19 26 -1 -1
19 25 -1 -1
19 24 -1 262
19 23 -1 212
19 22 -1 128
19 21 -1 126
19 20 245 98
19 18 -1 216
19 17 -1 270
19 16 -1 194
19 15 -1 192
19 14 -1 -1
19 13 -1 214
19 12 -1 196
19 11 -1 -1
19 10 -1 -1
19 9 -1 -1
19 8 -1 198
19 7 -1 -1
19 6 -1 182
19 5 -1 -1
19 4 -1 -1
19 3 -1 162
19 2 -1 -1
19 1 -1 -1
18 50 -1 -1
18 49 -1 -1
18 48 -1 88
18 47 -1 -1
18 46 -1 -1
18 45 -1 174
18 44 -1 76
18 43 -1 -1
18 42 -1 -1
18 41 -1 -1
18 40 -1 -1
18 39 -1 190
18 38 -1 144
18 37 -1 134
18 36 46 26
18 35 -1 66
18 34 -1 172
18 33 -1 72
18 32 -1 -1
18 31 -1 276
18 30 -1 102
18 29 -1 172
18 28 -1 192
18 27 -1 154
18 26 -1 228
18 25 -1 -1
18 24 -1 174
18 23 -1 100
18 22 -1 114
18 21 -1 -1
18 20 -1 -1
18 19 -1 252
18 17 73 42
18 16 -1 -1
18 15 -1 232
18 14 -1 -1
18 13 -1 112
18 12 -1 140
18 11 -1 -1
18 10 -1 -1
18 9 -1 94
18 8 -1 222
18 7 -1 202
18 6 126 56
18 5 -1 274
18 4 -1 266
18 3 -1 -1
18 2 -1 260
18 1 -1 -1
17 50 -1 -1
17 49 -1 -1
17 48 -1 74
17 47 -1 -1
17 46 -1 -1
17 45 -1 144
17 44 -1 100
17 43 -1 -1
17 42 -1 -1
17 41 -1 -1
17 40 -1 -1
17 39 -1 232
17 38 -1 178
17 37 -1 214
17 36 98 52
17 35 47 30
17 34 -1 244
17 33 -1 104
17 32 -1 -1
17 31 -1 218
17 30 179 90
17 29 -1 212
17 28 -1 226
17 27 -1 210
17 26 -1 268
17 25 -1 -1
17 24 -1 134
17 23 281 144
17 22 -1 164
17 21 -1 -1
17 20 -1 -1
17 19 -1 224
17 18 64 28
17 16 -1 -1
17 15 -1 220
17 14 -1 -1
17 13 -1 116
17 12 -1 152
17 11 -1 -1
17 10 -1 -1
17 9 -1 114
17 8 -1 216
17 7 -1 186
17 6 180 94
17 5 -1 208
17 4 -1 -1
17 3 -1 -1
17 2 -1 262
17 1 -1 -1
16 50 543 270
16 49 -1 208
16 48 -1 -1
16 47 323 192
16 46 195 98
16 45 -1 -1
16 44 -1 -1
16 43 206 120
16 42 160 104
16 41 125 64
16 40 -1 170
16 39 -1 244
16 38 -1 -1
16 37 -1 -1
16 36 -1 -1
16 35 -1 -1
16 34 -1 266
16 33 -1 -1
16 32 384 260
16 31 -1 -1
16 30 -1 -1
16 29 -1 -1
16 28 -1 236
16 27 -1 -1
16 26 -1 -1
16 25 -1 -1
16 24 -1 -1
16 23 -1 -1
16 22 -1 -1
16 21 191 102
16 20 -1 146
16 19 -1 226
16 18 -1 -1
16 17 -1 -1
16 15 -1 214
16 14 -1 204
16 13 -1 -1
16 12 -1 -1
16 11 -1 226
16 10 -1 216
16 9 -1 -1
16 8 -1 224
16 7 -1 -1
16 6 -1 -1
16 5 -1 -1
16 4 -1 254
16 3 -1 98
16 2 -1 -1
16 1 -1 190
15 50 -1 -1
15 49 -1 232
15 48 -1 -1
15 47 -1 270
15 46 -1 164
15 45 -1 116
15 44 -1 206
15 43 -1 156
15 42 -1 -1
15 41 -1 248
15 40 -1 -1
15 39 27 12
15 38 218 84
15 37 -1 242
15 36 -1 262
15 35 -1 258
15 34 -1 164
15 33 -1 172
15 32 -1 -1
15 31 138 66
15 30 -1 208
15 29 -1 174
15 28 -1 148
15 27 -1 172
15 26 -1 204
15 25 -1 278
15 24 -1 134
15 23 -1 262
15 22 -1 172
15 21 -1 238
15 20 -1 228
15 19 -1 206
15 18 -1 254
15 17 -1 248
15 16 -1 228
15 14 -1 276
15 13 -1 122
15 12 -1 120
15 11 -1 176
15 10 -1 278
15 9 -1 212
15 8 9 4
15 7 -1 184
15 6 -1 194
15 5 -1 196
15 4 172 84
15 3 -1 164
15 2 -1 142
15 1 -1 252
14 50 19 12
14 49 -1 -1
14 48 -1 -1
14 47 -1 -1
14 46 -1 268
14 45 -1 -1
14 44 -1 -1
14 43 -1 274
14 42 270 132
14 41 -1 160
14 40 -1 -1
14 39 -1 -1
14 38 -1 -1
14 37 -1 -1
14 36 -1 -1
14 35 -1 -1
14 34 -1 -1
14 33 -1 -1
14 32 -1 -1
14 31 -1 -1
14 30 -1 -1
14 29 -1 -1
14 28 -1 -1
14 27 -1 -1
14 26 -1 -1
14 25 -1 -1
14 24 -1 -1
14 23 -1 -1
14 22 -1 -1
14 21 -1 -1
14 20 -1 -1
14 19 -1 -1
14 18 -1 -1
14 17 -1 -1
14 16 -1 210
14 15 -1 -1
14 13 -1 -1
14 12 -1 -1
14 11 -1 188
14 10 -1 84
14 9 -1 -1
14 8 -1 -1
14 7 -1 -1
14 6 -1 -1
14 5 -1 -1
14 4 -1 -1
14 3 -1 210
14 2 -1 -1
14 1 136 64
13 50 -1 -1
13 49 -1 -1
13 48 -1 148
13 47 -1 -1
13 46 -1 252
13 45 179 70
13 44 139 58
13 43 -1 -1
13 42 -1 -1
13 41 -1 -1
13 40 -1 236
13 39 263 156
13 38 173 88
13 37 -1 152
13 36 -1 88
13 35 -1 108
13 34 -1 136
13 33 38 22
13 32 -1 -1
13 31 -1 180
13 30 -1 98
13 29 -1 184
13 28 -1 166
13 27 -1 180
13 26 -1 176
13 25 -1 -1
13 24 -1 106
13 23 -1 152
13 22 151 70
13 21 -1 -1
13 20 -1 -1
13 19 -1 178
13 18 -1 106
13 17 -1 138
13 16 -1 -1
13 15 -1 136
13 14 -1 -1
13 12 -1 104
13 11 -1 -1
13 10 -1 -1
13 9 -1 60
13 8 -1 164
13 7 -1 160
13 6 97 50
13 5 -1 186
13 4 -1 218
13 3 -1 -1
13 2 -1 144
13 1 -1 -1
12 50 -1 -1
12 49 -1 -1
12 48 -1 184
12 47 -1 -1
12 46 -1 224
12 45 79 36
12 44 -1 78
12 43 -1 -1
12 42 -1 -1
12 41 -1 -1
12 40 -1 -1
12 39 -1 98
12 38 30 22
12 37 -1 252
12 36 -1 152
12 35 -1 158
12 34 -1 174
12 33 -1 106
12 32 -1 -1
12 31 189 74
12 30 -1 124
12 29 -1 100
12 28 -1 222
12 27 -1 226
12 26 -1 90
12 25 -1 188
12 24 -1 60
12 23 -1 260
12 22 -1 138
12 21 -1 -1
12 20 -1 -1
12 19 -1 208
12 18 -1 194
12 17 -1 188
12 16 -1 -1
12 15 -1 114
12 14 -1 -1
12 13 -1 78
12 11 -1 -1
12 10 -1 -1
12 9 -1 90
12 8 -1 106
12 7 119 72
12 6 -1 102
12 5 -1 168
12 4 -1 134
12 3 -1 260
12 2 133 62
12 1 -1 -1
11 50 -1 176
11 49 -1 -1
11 48 -1 -1
11 47 -1 -1
11 46 -1 206
11 45 -1 -1
11 44 -1 -1
11 43 -1 214
11 42 327 184
11 41 320 128
11 40 -1 -1
11 39 -1 176
11 38 -1 -1
11 37 -1 -1
11 36 -1 -1
11 35 -1 -1
11 34 -1 -1
11 33 -1 -1
11 32 -1 -1
11 31 -1 212
11 30 -1 -1
11 29 -1 -1
11 28 -1 244
11 27 -1 -1
11 26 -1 272
11 25 439 218
11 24 -1 274
11 23 -1 -1
11 22 -1 -1
11 21 -1 212
11 20 -1 -1
11 19 -1 -1
11 18 -1 -1
11 17 -1 -1
11 16 -1 260
11 15 -1 216
11 14 -1 178
11 13 -1 266
11 12 -1 -1
11 10 147 82
11 9 -1 -1
11 8 301 178
11 7 -1 260
11 6 -1 -1
11 5 -1 -1
11 4 338 176
11 3 265 138
11 2 -1 -1
11 1 -1 104
10 50 -1 102
10 49 -1 -1
10 48 -1 -1
10 47 -1 -1
10 46 -1 250
10 45 -1 -1
10 44 -1 -1
10 43 -1 264
10 42 253 144
10 41 -1 202
10 40 -1 -1
10 39 -1 -1
10 38 -1 -1
10 37 -1 -1
10 36 -1 -1
10 35 -1 -1
10 34 -1 -1
10 33 -1 -1
10 32 -1 -1
10 31 -1 -1
10 30 -1 -1
10 29 -1 -1
10 28 -1 -1
10 27 -1 -1
10 26 -1 -1
10 25 595 -1
10 24 -1 -1
10 23 -1 -1
10 22 -1 -1
10 21 -1 -1
10 20 -1 -1
10 19 -1 -1
10 18 -1 -1
10 17 -1 -1
10 16 -1 274
10 15 -1 -1
10 14 -1 104
10 13 -1 -1
10 12 -1 -1
10 11 145 80
10 9 -1 -1
10 8 -1 240
10 7 -1 -1
10 6 -1 -1
10 5 -1 -1
10 4 -1 260
10 3 -1 158
10 2 -1 -1
10 1 50 18
9 50 -1 -1
9 49 -1 -1
9 48 -1 78
9 47 -1 -1
9 46 -1 -1
9 45 136 52
9 44 16 8
9 43 -1 -1
9 42 -1 -1
9 41 -1 -1
9 40 -1 -1
9 39 -1 198
9 38 -1 100
9 37 -1 196
9 36 -1 102
9 35 -1 90
9 34 -1 246
9 33 -1 68
9 32 -1 -1
9 31 -1 186
9 30 36 16
9 29 -1 116
9 28 -1 228
9 27 -1 192
9 26 -1 162
9 25 -1 272
9 24 130 48
9 23 -1 204
9 22 -1 148
9 21 -1 -1
9 20 -1 -1
9 19 -1 -1
9 18 -1 104
9 17 -1 114
9 16 -1 -1
9 15 -1 152
9 14 -1 -1
9 13 -1 64
9 12 -1 82
9 11 -1 -1
9 10 -1 -1
9 8 -1 176
9 7 -1 120
9 6 -1 44
9 5 -1 184
9 4 -1 222
9 3 -1 -1
9 2 -1 148
9 1 -1 -1
8 50 -1 -1
8 49 -1 -1
8 48 -1 270
8 47 -1 -1
8 46 377 150
8 45 -1 158
8 44 -1 154
8 43 -1 160
8 42 -1 -1
8 41 -1 186
8 40 -1 272
8 39 23 14
8 38 -1 82
8 37 -1 208
8 36 -1 240
8 35 -1 242
8 34 -1 114
8 33 -1 164
8 32 -1 -1
8 31 -1 90
8 30 -1 206
8 29 -1 228
8 28 -1 114
8 27 -1 174
8 26 -1 166
8 25 -1 276
8 24 -1 192
8 23 -1 250
8 22 -1 148
8 21 -1 228
8 20 -1 206
8 19 -1 146
8 18 -1 254
8 17 -1 258
8 16 -1 278
8 15 9 4
8 14 -1 -1
8 13 -1 168
8 12 -1 112
8 11 313 164
8 10 -1 250
8 9 -1 158
8 7 -1 172
8 6 -1 154
8 5 -1 216
8 4 228 86
8 3 377 144
8 2 -1 126
8 1 -1 -1
7 50 -1 -1
7 49 -1 -1
7 48 -1 138
7 47 -1 -1
7 46 -1 -1
7 45 130 56
7 44 -1 126
7 43 -1 -1
7 42 -1 -1
7 41 -1 -1
7 40 -1 -1
7 39 -1 138
7 38 -1 96
7 37 -1 272
7 36 -1 174
7 35 -1 194
7 34 -1 234
7 33 -1 180
7 32 -1 -1
7 31 -1 122
7 30 -1 100
7 29 77 44
7 28 -1 272
7 27 -1 -1
7 26 81 34
7 25 -1 246
7 24 83 48
7 23 -1 -1
7 22 -1 210
7 21 -1 -1
7 20 -1 -1
7 19 -1 -1
7 18 -1 178
7 17 -1 172
7 16 -1 -1
7 15 -1 160
7 14 -1 -1
7 13 -1 148
7 12 149 60
7 11 -1 -1
7 10 -1 -1
7 9 -1 92
7 8 -1 150
7 6 -1 138
7 5 -1 86
7 4 -1 150
7 3 -1 -1
7 2 70 38
7 1 -1 -1
6 50 -1 -1
6 49 -1 -1
6 48 -1 84
6 47 -1 -1
6 46 -1 256
6 45 -1 102
6 44 84 38
6 43 -1 -1
6 42 -1 -1
6 41 -1 -1
6 40 -1 -1
6 39 -1 142
6 38 -1 92
6 37 -1 142
6 36 148 80
6 35 -1 80
6 34 -1 136
6 33 62 38
6 32 -1 -1
6 31 -1 160
6 30 123 42
6 29 -1 122
6 28 -1 200
6 27 -1 162
6 26 -1 176
6 25 -1 -1
6 24 -1 94
6 23 -1 140
6 22 -1 84
6 21 -1 -1
6 20 -1 -1
6 19 -1 200
6 18 138 66
6 17 154 78
6 16 -1 -1
6 15 -1 146
6 14 -1 -1
6 13 82 42
6 12 -1 126
6 11 -1 -1
6 10 -1 -1
6 9 -1 52
6 8 -1 162
6 7 -1 146
6 5 -1 206
6 4 -1 244
6 3 -1 -1
6 2 -1 164
6 1 -1 -1
5 50 -1 -1
5 49 -1 -1
5 48 474 192
5 47 -1 -1
5 46 -1 -1
5 45 -1 118
5 44 -1 156
5 43 -1 -1
5 42 -1 -1
5 41 -1 -1
5 40 -1 -1
5 39 -1 192
5 38 -1 180
5 37 -1 -1
5 36 -1 256
5 35 -1 226
5 34 -1 -1
5 33 -1 248
5 32 -1 -1
5 31 -1 132
5 30 -1 148
5 29 144 66
5 28 -1 -1
5 27 -1 -1
5 26 92 48
5 25 376 184
5 24 -1 102
5 23 -1 -1
5 22 -1 -1
5 21 -1 -1
5 20 -1 -1
5 19 -1 -1
5 18 -1 252
5 17 -1 242
5 16 -1 -1
5 15 -1 238
5 14 -1 -1
5 13 -1 242
5 12 -1 142
5 11 -1 -1
5 10 -1 -1
5 9 -1 164
5 8 -1 266
5 7 -1 72
5 6 -1 218
5 4 -1 186
5 3 -1 -1
5 2 -1 84
5 1 -1 -1
4 50 -1 -1
4 49 -1 -1
4 48 -1 244
4 47 -1 -1
4 46 -1 244
4 45 -1 160
4 44 -1 252
4 43 -1 224
4 42 -1 -1
4 41 -1 240
4 40 -1 -1
4 39 -1 98
4 38 -1 130
4 37 -1 -1
4 36 -1 262
4 35 -1 -1
4 34 -1 270
4 33 -1 186
4 32 -1 -1
4 31 96 50
4 30 -1 216
4 29 -1 164
4 28 -1 240
4 27 -1 270
4 26 -1 140
4 25 288 116
4 24 -1 182
4 23 -1 -1
4 22 -1 230
4 21 -1 -1
4 20 -1 -1
4 19 -1 -1
4 18 -1 258
4 17 -1 -1
4 16 -1 276
4 15 156 86
4 14 -1 262
4 13 -1 182
4 12 -1 108
4 11 266 184
4 10 -1 198
4 9 -1 182
4 8 200 98
4 7 -1 148
4 6 -1 266
4 5 -1 164
4 3 -1 214
4 2 -1 102
4 1 -1 238
3 50 -1 192
3 49 -1 210
3 48 -1 -1
3 47 -1 198
3 46 95 46
3 45 -1 -1
3 44 -1 -1
3 43 -1 96
3 42 -1 106
3 41 84 48
3 40 -1 232
3 39 -1 186
3 38 -1 278
3 37 -1 -1
3 36 -1 -1
3 35 -1 -1
3 34 -1 232
3 33 -1 -1
3 32 -1 274
3 31 -1 226
3 30 -1 -1
3 29 -1 -1
3 28 -1 176
3 27 -1 268
3 26 -1 -1
3 25 -1 270
3 24 -1 266
3 23 -1 -1
3 22 -1 -1
3 21 -1 120
3 20 -1 148
3 19 -1 180
3 18 -1 -1
3 17 -1 -1
3 16 -1 108
3 15 -1 134
3 14 -1 194
3 13 -1 -1
3 12 -1 -1
3 11 263 118
3 10 -1 160
3 9 -1 -1
3 8 271 138
3 7 -1 270
3 6 -1 272
3 5 -1 -1
3 4 -1 242
3 2 -1 -1
3 1 -1 162
2 50 -1 -1
2 49 -1 -1
2 48 -1 172
2 47 -1 -1
2 46 -1 274
2 45 -1 60
2 44 -1 122
2 43 -1 278
2 42 -1 -1
2 41 -1 -1
2 40 -1 -1
2 39 -1 140
2 38 -1 78
2 37 -1 -1
2 36 -1 208
2 35 -1 188
2 34 -1 278
2 33 -1 142
2 32 -1 -1
2 31 157 62
2 30 -1 116
2 29 -1 62
2 28 -1 226
2 27 -1 -1
2 26 92 50
2 25 426 210
2 24 -1 74
2 23 -1 -1
2 22 -1 228
2 21 -1 -1
2 20 -1 -1
2 19 -1 274
2 18 -1 252
2 17 -1 238
2 16 -1 -1
2 15 -1 132
2 14 -1 -1
2 13 -1 132
2 12 122 64
2 11 -1 216
2 10 -1 -1
2 9 -1 124
2 8 -1 152
2 7 88 44
2 6 -1 188
2 5 -1 80
2 4 -1 94
2 3 -1 240
2 1 -1 -1
1 50 173 92
1 49 -1 -1
1 48 -1 -1
1 47 -1 -1
1 46 -1 248
1 45 -1 -1
1 44 -1 -1
1 43 -1 212
1 42 318 140
1 41 -1 160
1 40 -1 -1
1 39 -1 -1
1 38 -1 -1
1 37 -1 -1
1 36 -1 -1
1 35 -1 -1
1 34 -1 -1
1 33 -1 -1
1 32 -1 -1
1 31 -1 -1
1 30 -1 -1
1 29 -1 -1
1 28 -1 -1
1 27 -1 -1
1 26 -1 -1
1 25 513 -1
1 24 -1 -1
1 23 -1 -1
1 22 -1 -1
1 21 -1 -1
1 20 -1 -1
1 19 -1 -1
1 18 -1 -1
1 17 -1 -1
1 16 -1 220
1 15 -1 -1
1 14 124 66
1 13 -1 -1
1 12 -1 -1
1 11 -1 96
1 10 50 24
1 9 -1 -1
1 8 -1 -1
1 7 -1 -1
1 6 -1 -1
1 5 -1 -1
1 4 -1 -1
1 3 -1 164
1 2 -1 -1
