nnodes narcs source target type
30 870 13 7 drone_routing_pli_project2
nodename posx posy
30 390.405 764.816
29 630.597 929.251
28 877.155 74.4134
27 784.828 763.968
26 350.988 108.022
25 778.294 37.0751
24 444.482 982.164
23 45.8001 432.362
22 850.44 128.297
21 15.5657 997.311
20 955.938 614.512
19 481.48 137.769
18 225.964 657.914
17 654.453 549.801
16 778.592 399.323
15 862.447 455.172
14 984.527 316.605
13 388.979 865.367
12 851.977 303.747
11 286.993 614.677
10 170.354 370.348
9 543.106 779.788
8 177.094 660.641
7 732.693 279.944
6 971.862 451.813
5 256.869 850.988
4 169.171 477.105
3 518.233 865.638
2 788.599 198.069
1 524.84 272.854
tail head car_cost drone_cost
30 29 -1 560
30 28 -1 -1
30 27 -1 782
30 26 -1 -1
30 25 -1 -1
30 24 -1 374
30 23 -1 830
30 22 -1 -1
30 21 -1 856
30 20 -1 1004
30 19 -1 -1
30 18 166 356
30 17 370 774
30 16 -1 1052
30 15 -1 -1
30 14 -1 -1
30 13 109 228
30 12 -1 1058
30 11 194 408
30 10 -1 904
30 9 175 314
30 8 -1 428
30 7 -1 -1
30 6 -1 -1
30 5 156 352
30 4 -1 658
30 3 150 352
30 2 -1 -1
30 1 -1 960
29 30 -1 698
29 28 -1 -1
29 27 215 364
29 26 -1 -1
29 25 -1 -1
29 24 214 314
29 23 -1 -1
29 22 -1 -1
29 21 -1 1086
29 20 492 922
29 19 -1 -1
29 18 -1 1124
29 17 -1 676
29 16 -1 926
29 15 -1 -1
29 14 -1 -1
29 13 -1 598
29 12 -1 -1
29 11 -1 878
29 10 -1 -1
29 9 183 294
29 8 -1 902
29 7 -1 -1
29 6 -1 1010
29 5 -1 796
29 4 -1 -1
29 3 107 230
29 2 -1 -1
29 1 -1 -1
28 30 -1 -1
28 29 -1 -1
28 27 -1 -1
28 26 -1 1030
28 25 111 228
28 24 -1 -1
28 23 -1 -1
28 22 60 108
28 21 -1 -1
28 20 -1 958
28 19 -1 772
28 18 -1 -1
28 17 -1 958
28 16 -1 648
28 15 -1 870
28 14 300 582
28 13 -1 -1
28 12 -1 390
28 11 -1 -1
28 10 -1 -1
28 9 -1 -1
28 8 -1 -1
28 7 -1 596
28 6 -1 866
28 5 -1 -1
28 4 -1 -1
28 3 -1 -1
28 2 -1 250
28 1 -1 842
27 30 -1 940
27 29 212 458
27 28 -1 -1
27 26 -1 -1
27 25 -1 -1
27 24 -1 788
27 23 -1 -1
27 22 -1 -1
27 21 -1 -1
27 20 190 412
27 19 -1 -1
27 18 -1 -1
27 17 237 528
27 16 -1 822
27 15 -1 654
27 14 -1 826
27 13 -1 888
27 12 -1 1026
27 11 -1 932
27 10 -1 -1
27 9 209 388
27 8 -1 -1
27 7 -1 1112
27 6 -1 838
27 5 -1 -1
27 4 -1 -1
27 3 -1 582
27 2 -1 1084
27 1 -1 1062
26 30 -1 -1
26 29 -1 -1
26 28 -1 1094
26 27 -1 -1
26 25 352 904
26 24 -1 -1
26 23 522 934
26 22 -1 992
26 21 -1 -1
26 20 -1 -1
26 19 141 270
26 18 -1 -1
26 17 -1 872
26 16 -1 1160
26 15 -1 1098
26 14 -1 -1
26 13 -1 -1
26 12 -1 1086
26 11 -1 1154
26 10 348 612
26 9 -1 1136
26 8 -1 -1
26 7 -1 1002
26 6 -1 -1
26 5 -1 -1
26 4 -1 774
26 3 -1 -1
26 2 -1 948
26 1 237 448
25 30 -1 -1
25 29 -1 -1
25 28 109 170
25 27 -1 -1
25 26 429 1012
25 24 -1 -1
25 23 -1 -1
25 22 97 270
25 21 -1 -1
25 20 -1 -1
25 19 253 598
25 18 -1 -1
25 17 -1 -1
25 16 -1 814
25 15 -1 766
25 14 -1 800
25 13 -1 -1
25 12 -1 514
25 11 -1 -1
25 10 -1 -1
25 9 -1 -1
25 8 -1 -1
25 7 -1 460
25 6 -1 1026
25 5 -1 -1
25 4 -1 -1
25 3 -1 -1
25 2 156 362
25 1 -1 680
24 30 -1 494
24 29 167 412
24 28 -1 -1
24 27 -1 652
24 26 -1 -1
24 25 -1 -1
24 23 -1 -1
24 22 -1 -1
24 21 408 1000
24 20 -1 -1
24 19 -1 -1
24 18 -1 628
24 17 -1 816
24 16 -1 -1
24 15 -1 -1
24 14 -1 -1
24 13 139 270
24 12 -1 -1
24 11 -1 928
24 10 -1 -1
24 9 -1 518
24 8 -1 924
24 7 -1 -1
24 6 -1 -1
24 5 209 464
24 4 -1 -1
24 3 116 226
24 2 -1 -1
24 1 -1 -1
23 30 -1 1074
23 29 -1 -1
23 28 -1 -1
23 27 -1 -1
23 26 434 790
23 25 -1 -1
23 24 -1 -1
23 22 -1 -1
23 21 679 1002
23 20 -1 -1
23 19 -1 980
23 18 -1 560
23 17 -1 1038
23 16 -1 -1
23 15 -1 -1
23 14 -1 -1
23 13 -1 1144
23 12 -1 -1
23 11 -1 632
23 10 150 286
23 9 -1 1066
23 8 287 620
23 7 -1 -1
23 6 -1 -1
23 5 -1 1044
23 4 142 276
23 3 -1 -1
23 2 -1 -1
23 1 -1 1056
22 30 -1 -1
22 29 -1 -1
22 28 69 104
22 27 -1 -1
22 26 -1 1154
22 25 105 276
22 24 -1 -1
22 23 -1 -1
22 21 -1 -1
22 20 -1 1022
22 19 -1 802
22 18 -1 -1
22 17 -1 866
22 16 -1 526
22 15 -1 744
22 14 201 422
22 13 -1 -1
22 12 208 304
22 11 -1 -1
22 10 -1 -1
22 9 -1 -1
22 8 -1 -1
22 7 -1 428
22 6 -1 768
22 5 -1 -1
22 4 -1 -1
22 3 -1 -1
22 2 97 186
22 1 -1 780
21 30 -1 786
21 29 -1 1066
21 28 -1 -1
21 27 -1 -1
21 26 -1 -1
21 25 -1 -1
21 24 359 760
21 23 501 -1
21 22 -1 -1
21 20 -1 -1
21 19 -1 -1
21 18 -1 878
21 17 -1 -1
21 16 -1 -1
21 15 -1 -1
21 14 -1 -1
21 13 -1 736
21 12 -1 -1
21 11 -1 860
21 10 -1 -1
21 9 -1 -1
21 8 424 754
21 7 -1 -1
21 6 -1 -1
21 5 276 464
21 4 -1 -1
21 3 -1 -1
21 2 -1 -1
21 1 -1 -1
20 30 -1 -1
20 29 440 954
20 28 -1 -1
20 27 269 412
20 26 -1 -1
20 25 -1 1128
20 24 -1 -1
20 23 -1 -1
20 22 -1 956
20 21 -1 -1
20 19 -1 1090
20 18 -1 -1
20 17 326 604
20 16 -1 470
20 15 163 298
20 14 -1 700
20 13 -1 -1
20 12 -1 620
20 11 -1 -1
20 10 -1 -1
20 9 -1 982
20 8 -1 -1
20 7 -1 802
20 6 172 368
20 5 -1 -1
20 4 -1 -1
20 3 -1 998
20 2 -1 972
20 1 -1 1020
19 30 -1 -1
19 29 -1 -1
19 28 -1 728
19 27 -1 1148
19 26 128 230
19 25 355 694
19 24 -1 -1
19 23 -1 1040
19 22 -1 634
19 21 -1 -1
19 20 -1 -1
19 18 -1 986
19 17 -1 740
19 16 -1 810
19 15 -1 1106
19 14 -1 860
19 13 -1 -1
19 12 -1 936
19 11 -1 -1
19 10 -1 912
19 9 -1 -1
19 8 -1 -1
19 7 248 508
19 6 -1 1160
19 5 -1 -1
19 4 -1 1092
19 3 -1 -1
19 2 368 576
19 1 122 236
18 30 234 440
18 29 -1 816
18 28 -1 -1
18 27 -1 966
18 26 -1 1002
18 25 -1 -1
18 24 -1 856
18 23 -1 566
18 22 -1 -1
18 21 -1 706
18 20 -1 -1
18 19 -1 966
18 17 -1 880
18 16 -1 -1
18 15 -1 -1
18 14 -1 -1
18 13 -1 490
18 12 -1 -1
18 11 70 148
18 10 -1 548
18 9 -1 734
18 8 44 90
18 7 -1 -1
18 6 -1 -1
18 5 210 390
18 4 188 318
18 3 -1 802
18 2 -1 -1
18 1 -1 1132
17 30 273 624
17 29 -1 686
17 28 -1 1120
17 27 213 456
17 26 -1 944
17 25 -1 904
17 24 -1 826
17 23 -1 -1
17 22 -1 1040
17 21 -1 -1
17 20 362 590
17 19 -1 930
17 18 -1 764
17 16 226 380
17 15 248 378
17 14 -1 910
17 13 -1 668
17 12 -1 508
17 11 448 746
17 10 -1 834
17 9 227 500
17 8 -1 786
17 7 -1 664
17 6 -1 716
17 5 -1 934
17 4 -1 1106
17 3 -1 618
17 2 -1 812
17 1 246 626
16 30 -1 988
16 29 -1 972
16 28 -1 788
16 27 -1 660
16 26 -1 -1
16 25 -1 850
16 24 -1 -1
16 23 -1 -1
16 22 -1 598
16 21 -1 -1
16 20 -1 648
16 19 -1 716
16 18 -1 -1
16 17 212 366
16 15 104 236
16 14 -1 428
16 13 -1 -1
16 12 130 276
16 11 -1 994
16 10 -1 -1
16 9 -1 986
16 8 -1 -1
16 7 117 210
16 6 -1 366
16 5 -1 -1
16 4 -1 -1
16 3 -1 1124
16 2 -1 462
16 1 279 498
15 30 -1 1018
15 29 -1 -1
15 28 -1 718
15 27 -1 702
15 26 -1 -1
15 25 -1 974
15 24 -1 -1
15 23 -1 -1
15 22 -1 724
15 21 -1 -1
15 20 218 312
15 19 -1 816
15 18 -1 -1
15 17 266 542
15 16 110 242
15 14 161 430
15 13 -1 -1
15 12 157 364
15 11 -1 -1
15 10 -1 -1
15 9 -1 800
15 8 -1 -1
15 7 -1 366
15 6 100 184
15 5 -1 -1
15 4 -1 -1
15 3 -1 -1
15 2 -1 574
15 1 -1 820
14 30 -1 -1
14 29 -1 -1
14 28 263 468
14 27 -1 804
14 26 -1 -1
14 25 -1 828
14 24 -1 -1
14 23 -1 -1
14 22 229 416
14 21 -1 -1
14 20 -1 494
14 19 -1 1110
14 18 -1 -1
14 17 -1 660
14 16 -1 484
14 15 221 378
14 13 -1 -1
14 12 114 228
14 11 -1 -1
14 10 -1 -1
14 9 -1 -1
14 8 -1 -1
14 7 -1 414
14 6 162 248
14 5 -1 -1
14 4 -1 -1
14 3 -1 -1
14 2 -1 494
14 1 -1 786
13 30 98 194
13 29 -1 462
13 28 -1 -1
13 27 -1 932
13 26 -1 -1
13 25 -1 -1
13 24 105 302
13 23 -1 912
13 22 -1 -1
13 21 -1 744
13 20 -1 -1
13 19 -1 -1
13 18 -1 472
13 17 -1 692
13 16 -1 1132
13 15 -1 1130
13 14 -1 -1
13 12 -1 -1
13 11 -1 528
13 10 -1 1010
13 9 -1 286
13 8 -1 492
13 7 -1 -1
13 6 -1 -1
13 5 136 266
13 4 -1 1040
13 3 120 300
13 2 -1 -1
13 1 -1 -1
12 30 -1 -1
12 29 -1 1114
12 28 -1 418
12 27 -1 922
12 26 -1 -1
12 25 -1 522
12 24 -1 -1
12 23 -1 -1
12 22 191 338
12 21 -1 -1
12 20 -1 732
12 19 -1 946
12 18 -1 -1
12 17 -1 574
12 16 115 198
12 15 122 276
12 14 150 252
12 13 -1 -1
12 11 -1 -1
12 10 -1 -1
12 9 -1 976
12 8 -1 -1
12 7 143 260
12 6 -1 448
12 5 -1 -1
12 4 -1 -1
12 3 -1 -1
12 2 102 266
12 1 -1 618
11 30 168 312
11 29 -1 884
11 28 -1 -1
11 27 -1 994
11 26 -1 1002
11 25 -1 -1
11 24 -1 818
11 23 -1 554
11 22 -1 -1
11 21 -1 872
11 20 -1 -1
11 19 -1 -1
11 18 83 122
11 17 317 710
11 16 -1 1050
11 15 -1 1160
11 14 -1 -1
11 13 -1 462
11 12 -1 -1
11 10 251 560
11 9 -1 654
11 8 -1 280
11 7 -1 1100
11 6 -1 -1
11 5 -1 450
11 4 154 392
11 3 -1 748
11 2 -1 -1
11 1 374 796
10 30 -1 738
10 29 -1 -1
10 28 -1 -1
10 27 -1 -1
10 26 267 526
10 25 -1 -1
10 24 -1 -1
10 23 149 260
10 22 -1 -1
10 21 -1 -1
10 20 -1 -1
10 19 -1 832
10 18 -1 536
10 17 -1 1096
10 16 -1 994
10 15 -1 -1
10 14 -1 -1
10 13 -1 1140
10 12 -1 -1
10 11 245 446
10 9 -1 958
10 8 -1 492
10 7 -1 1096
10 6 -1 -1
10 5 -1 1096
10 4 107 238
10 3 -1 -1
10 2 -1 -1
10 1 441 858
9 30 125 296
9 29 144 320
9 28 -1 -1
9 27 235 562
9 26 -1 -1
9 25 -1 -1
9 24 -1 486
9 23 -1 996
9 22 -1 -1
9 21 -1 1082
9 20 -1 888
9 19 -1 -1
9 18 -1 648
9 17 268 416
9 16 -1 758
9 15 -1 810
9 14 -1 -1
9 13 -1 370
9 12 -1 -1
9 11 -1 656
9 10 -1 890
9 8 -1 780
9 7 -1 1160
9 6 -1 -1
9 5 -1 566
9 4 -1 842
9 3 72 186
9 2 -1 -1
9 1 -1 928
8 30 -1 544
8 29 -1 930
8 28 -1 -1
8 27 -1 -1
8 26 -1 -1
8 25 -1 -1
8 24 -1 826
8 23 253 560
8 22 -1 -1
8 21 370 796
8 20 -1 -1
8 19 -1 -1
8 18 45 116
8 17 -1 822
8 16 -1 1088
8 15 -1 -1
8 14 -1 -1
8 13 -1 602
8 12 -1 -1
8 11 -1 244
8 10 -1 518
8 9 -1 848
8 7 -1 -1
8 6 -1 -1
8 5 234 348
8 4 157 422
8 3 -1 654
8 2 -1 -1
8 1 -1 866
7 30 -1 -1
7 29 -1 -1
7 28 -1 494
7 27 -1 1042
7 26 -1 990
7 25 -1 572
7 24 -1 -1
7 23 -1 -1
7 22 -1 308
7 21 -1 -1
7 20 -1 826
7 19 232 498
7 18 -1 -1
7 17 -1 540
7 16 132 210
7 15 -1 352
7 14 -1 564
7 13 -1 -1
7 12 119 200
7 11 -1 1090
7 10 -1 1052
7 9 -1 1056
7 8 -1 -1
7 6 -1 670
7 5 -1 -1
7 4 -1 1124
7 3 -1 -1
7 2 110 234
7 1 195 412
6 30 -1 -1
6 29 -1 -1
6 28 -1 818
6 27 -1 750
6 26 -1 -1
6 25 -1 882
6 24 -1 -1
6 23 -1 -1
6 22 -1 618
6 21 -1 -1
6 20 195 286
6 19 -1 948
6 18 -1 -1
6 17 -1 622
6 16 -1 326
6 15 109 180
6 14 138 314
6 13 -1 1146
6 12 -1 456
6 11 -1 1134
6 10 -1 -1
6 9 -1 1064
6 8 -1 -1
6 7 -1 672
6 5 -1 -1
6 4 -1 -1
6 3 -1 -1
6 2 -1 566
6 1 -1 1054
5 30 174 280
5 29 -1 726
5 28 -1 -1
5 27 -1 1136
5 26 -1 -1
5 25 -1 -1
5 24 222 488
5 23 -1 774
5 22 -1 -1
5 21 316 516
5 20 -1 -1
5 19 -1 -1
5 18 186 388
5 17 -1 1064
5 16 -1 1112
5 15 -1 -1
5 14 -1 -1
5 13 152 268
5 12 -1 -1
5 11 -1 402
5 10 -1 1046
5 9 -1 536
5 8 168 396
5 7 -1 -1
5 6 -1 -1
5 4 -1 758
5 3 -1 466
5 2 -1 -1
5 1 -1 -1
4 30 -1 668
4 29 -1 -1
4 28 -1 -1
4 27 -1 -1
4 26 -1 854
4 25 -1 -1
4 24 -1 922
4 23 106 286
4 22 -1 -1
4 21 -1 -1
4 20 -1 -1
4 19 -1 1000
4 18 210 306
4 17 -1 -1
4 16 -1 1064
4 15 -1 -1
4 14 -1 -1
4 13 -1 994
4 12 -1 -1
4 11 203 366
4 10 121 206
4 9 -1 816
4 8 164 298
4 7 -1 -1
4 6 -1 -1
4 5 -1 728
4 3 -1 940
4 2 -1 -1
4 1 -1 696
3 30 135 296
3 29 115 260
3 28 -1 -1
3 27 -1 622
3 26 -1 -1
3 25 -1 -1
3 24 135 274
3 23 -1 -1
3 22 -1 -1
3 21 -1 -1
3 20 -1 858
3 19 -1 -1
3 18 -1 772
3 17 -1 716
3 16 -1 1032
3 15 -1 958
3 14 -1 -1
3 13 155 258
3 12 -1 -1
3 11 -1 758
3 10 -1 -1
3 9 89 202
3 8 -1 898
3 7 -1 1074
3 6 -1 -1
3 5 -1 620
3 4 -1 930
3 2 -1 -1
3 1 -1 1048
2 30 -1 -1
2 29 -1 -1
2 28 -1 320
2 27 -1 -1
2 26 -1 880
2 25 131 342
2 24 -1 -1
2 23 -1 -1
2 22 94 198
2 21 -1 -1
2 20 -1 750
2 19 305 740
2 18 -1 -1
2 17 -1 640
2 16 -1 352
2 15 -1 586
2 14 -1 402
2 13 -1 -1
2 12 102 252
2 11 -1 -1
2 10 -1 1088
2 9 -1 -1
2 8 -1 -1
2 7 115 168
2 6 -1 546
2 5 -1 -1
2 4 -1 -1
2 3 -1 -1
2 1 -1 562
1 30 -1 986
1 29 -1 -1
1 28 -1 870
1 27 -1 -1
1 26 209 574
1 25 -1 678
1 24 -1 -1
1 23 -1 964
1 22 -1 844
1 21 -1 -1
1 20 -1 -1
1 19 166 264
1 18 -1 1014
1 17 264 520
1 16 306 646
1 15 -1 744
1 14 -1 828
1 13 -1 1128
1 12 -1 764
1 11 363 712
1 10 415 846
1 9 -1 1002
1 8 -1 868
1 7 227 340
1 6 -1 1026
1 5 -1 -1
1 4 -1 792
1 3 -1 -1
1 2 -1 578
