nnodes narcs source target type
10 90 5 4 drone_routing_pli_project2
nodename posx posy
10 806.502 140.473
9 584.649 216.588
8 950.854 153.56
7 132.554 64.1665
6 351.209 573.345
5 750.497 366.274
4 187.59 990.434
3 565.489 1.76691
2 834.817 335.986
1 41.6303 454.492
tail head car_cost drone_cost
10 9 276 98
10 8 153 68
10 7 -1 -1
10 6 -1 -1
10 5 187 126
10 4 -1 -1
10 3 287 134
10 2 175 100
10 1 -1 -1
9 10 220 126
9 8 -1 164
9 7 554 248
9 6 443 178
9 5 259 116
9 4 -1 -1
9 3 207 128
9 2 -1 124
9 1 -1 -1
8 10 172 68
8 9 -1 194
8 7 -1 -1
8 6 -1 -1
8 5 -1 140
8 4 -1 -1
8 3 370 208
8 2 234 128
8 1 -1 -1
7 10 -1 -1
7 9 403 222
7 8 -1 -1
7 6 640 -1
7 5 -1 -1
7 4 -1 -1
7 3 353 224
7 2 -1 -1
7 1 340 214
6 10 -1 -1
6 9 392 256
6 8 -1 -1
6 7 538 -1
6 5 495 254
6 4 475 240
6 3 -1 254
6 2 -1 236
6 1 332 148
5 10 227 100
5 9 242 136
5 8 -1 168
5 7 -1 -1
5 6 500 186
5 4 895 -1
5 3 -1 222
5 2 83 44
5 1 -1 -1
4 10 -1 -1
4 9 -1 -1
4 8 -1 -1
4 7 -1 -1
4 6 535 260
4 5 780 -1
4 3 -1 -1
4 2 1036 -1
4 1 596 -1
3 10 320 166
3 9 206 118
3 8 357 230
3 7 472 176
3 6 -1 -1
3 5 -1 206
3 4 -1 -1
3 2 -1 216
3 1 -1 -1
2 10 180 96
2 9 -1 150
2 8 222 98
2 7 -1 -1
2 6 -1 264
2 5 106 42
2 4 912 -1
2 3 -1 198
2 1 -1 -1
1 10 -1 -1
1 9 -1 248
1 8 -1 -1
1 7 425 190
1 6 337 196
1 5 -1 -1
1 4 502 256
1 3 -1 -1
1 2 -1 -1
