nnodes narcs source target type
30 870 2 16 drone_routing_pli_project2
nodename posx posy
30 939.328 259.061
29 474.992 272.491
28 377.366 564.835
27 876.027 696.759
26 679.633 150.975
25 319.815 982.327
24 774.809 813.267
23 660.036 702.546
22 314.577 436.784
21 426.58 500.941
20 296.934 646.692
19 116.756 750.923
18 110.957 884.096
17 962.459 12.0538
16 694.994 228.603
15 392.896 899.323
14 891.081 593.873
13 932.664 340.327
12 6.57788 573.299
11 622.059 210.893
10 806.502 140.473
9 584.649 216.588
8 950.854 153.56
7 132.554 64.1665
6 351.209 573.345
5 750.497 366.274
4 187.59 990.434
3 565.489 1.76691
2 834.817 335.986
1 41.6303 454.492
tail head car_cost drone_cost
30 29 -1 952
30 28 -1 -1
30 27 -1 1036
30 26 -1 548
30 25 -1 -1
30 24 -1 -1
30 23 -1 990
30 22 -1 -1
30 21 -1 -1
30 20 -1 -1
30 19 -1 -1
30 18 -1 -1
30 17 -1 500
30 16 -1 404
30 15 -1 -1
30 14 -1 566
30 13 87 188
30 12 -1 -1
30 11 -1 734
30 10 184 348
30 9 -1 698
30 8 108 220
30 7 -1 -1
30 6 -1 -1
30 5 -1 466
30 4 -1 -1
30 3 -1 872
30 2 131 238
30 1 -1 -1
29 30 -1 1044
29 28 -1 734
29 27 -1 1014
29 26 -1 538
29 25 -1 -1
29 24 -1 -1
29 23 -1 892
29 22 246 452
29 21 253 474
29 20 -1 834
29 19 -1 1046
29 18 -1 -1
29 17 -1 -1
29 16 -1 422
29 15 -1 -1
29 14 -1 -1
29 13 -1 1106
29 12 -1 -1
29 11 -1 370
29 10 -1 726
29 9 103 204
29 8 -1 -1
29 7 443 838
29 6 -1 704
29 5 257 688
29 4 -1 -1
29 3 261 568
29 2 -1 752
29 1 -1 810
28 30 -1 -1
28 29 -1 496
28 27 -1 1092
28 26 -1 1054
28 25 -1 788
28 24 -1 1000
28 23 328 688
28 22 146 278
28 21 77 136
28 20 135 224
28 19 -1 700
28 18 -1 720
28 17 -1 -1
28 16 -1 742
28 15 337 642
28 14 -1 858
28 13 -1 -1
28 12 -1 668
28 11 -1 1004
28 10 -1 990
28 9 -1 804
28 8 -1 -1
28 7 -1 -1
28 6 30 62
28 5 -1 924
28 4 -1 1070
28 3 -1 1076
28 2 -1 1018
28 1 -1 602
27 30 -1 856
27 29 -1 1046
27 28 -1 978
27 26 -1 -1
27 25 -1 1092
27 24 159 312
27 23 180 348
27 22 -1 -1
27 21 -1 984
27 20 -1 -1
27 19 -1 -1
27 18 -1 -1
27 17 -1 -1
27 16 -1 910
27 15 -1 1110
27 14 108 208
27 13 317 678
27 12 -1 -1
27 11 -1 -1
27 10 -1 -1
27 9 -1 930
27 8 -1 972
27 7 -1 -1
27 6 -1 -1
27 5 -1 754
27 4 -1 -1
27 3 -1 -1
27 2 -1 656
27 1 -1 -1
26 30 -1 628
26 29 -1 406
26 28 -1 1050
26 27 -1 -1
26 25 -1 -1
26 24 -1 -1
26 23 -1 1076
26 22 -1 946
26 21 -1 860
26 20 -1 -1
26 19 -1 -1
26 18 -1 -1
26 17 -1 536
26 16 94 146
26 15 -1 -1
26 14 -1 1110
26 13 -1 510
26 12 -1 -1
26 11 75 134
26 10 116 286
26 9 108 224
26 8 -1 594
26 7 -1 934
26 6 -1 -1
26 5 -1 492
26 4 -1 -1
26 3 211 424
26 2 -1 528
26 1 -1 -1
25 30 -1 -1
25 29 -1 -1
25 28 -1 1004
25 27 -1 -1
25 26 -1 -1
25 24 502 1068
25 23 -1 736
25 22 -1 914
25 21 -1 814
25 20 -1 642
25 19 -1 656
25 18 245 390
25 17 -1 -1
25 16 -1 -1
25 15 131 192
25 14 -1 -1
25 13 -1 -1
25 12 -1 1094
25 11 -1 -1
25 10 -1 -1
25 9 -1 -1
25 8 -1 -1
25 7 -1 -1
25 6 -1 774
25 5 -1 -1
25 4 154 228
25 3 -1 -1
25 2 -1 -1
25 1 -1 -1
24 30 -1 990
24 29 -1 1098
24 28 -1 1110
24 27 147 324
24 26 -1 -1
24 25 436 918
24 23 159 374
24 22 -1 -1
24 21 -1 1018
24 20 -1 1022
24 19 -1 -1
24 18 -1 -1
24 17 -1 -1
24 16 -1 -1
24 15 457 906
24 14 -1 400
24 13 -1 1072
24 12 -1 -1
24 11 -1 1014
24 10 -1 1112
24 9 -1 -1
24 8 -1 -1
24 7 -1 -1
24 6 -1 832
24 5 -1 910
24 4 -1 -1
24 3 -1 -1
24 2 -1 914
24 1 -1 -1
23 30 -1 -1
23 29 -1 912
23 28 301 514
23 27 202 418
23 26 -1 942
23 25 -1 812
23 24 188 270
23 22 -1 994
23 21 369 708
23 20 -1 718
23 19 -1 962
23 18 -1 1044
23 17 -1 -1
23 16 -1 864
23 15 345 794
23 14 289 494
23 13 -1 972
23 12 -1 -1
23 11 -1 1074
23 10 -1 1116
23 9 -1 -1
23 8 -1 -1
23 7 -1 -1
23 6 -1 738
23 5 323 684
23 4 -1 -1
23 3 -1 -1
23 2 -1 706
23 1 -1 -1
22 30 -1 1050
22 29 272 488
22 28 146 312
22 27 -1 -1
22 26 -1 930
22 25 -1 1060
22 24 -1 -1
22 23 -1 876
22 21 114 310
22 20 217 466
22 19 -1 722
22 18 -1 820
22 17 -1 -1
22 16 -1 766
22 15 -1 934
22 14 -1 -1
22 13 -1 1074
22 12 -1 582
22 11 -1 716
22 10 -1 -1
22 9 -1 668
22 8 -1 -1
22 7 495 682
22 6 150 334
22 5 -1 768
22 4 -1 -1
22 3 -1 1046
22 2 -1 988
22 1 258 462
21 30 -1 -1
21 29 248 556
21 28 68 158
21 27 -1 834
21 26 -1 870
21 25 -1 -1
21 24 -1 990
21 23 348 514
21 22 138 236
21 20 -1 436
21 19 -1 830
21 18 -1 840
21 17 -1 -1
21 16 -1 870
21 15 -1 920
21 14 -1 1104
21 13 -1 -1
21 12 -1 776
21 11 -1 732
21 10 -1 938
21 9 -1 626
21 8 -1 1024
21 7 -1 942
21 6 -1 234
21 5 421 772
21 4 -1 -1
21 3 -1 1048
21 2 -1 832
21 1 -1 706
20 30 -1 -1
20 29 -1 810
20 28 101 260
20 27 -1 1036
20 26 -1 -1
20 25 -1 742
20 24 -1 924
20 23 -1 866
20 22 178 352
20 21 -1 426
20 19 239 452
20 18 -1 594
20 17 -1 -1
20 16 -1 -1
20 15 325 446
20 14 -1 -1
20 13 -1 -1
20 12 248 490
20 11 -1 894
20 10 -1 -1
20 9 -1 994
20 8 -1 -1
20 7 -1 990
20 6 81 184
20 5 -1 914
20 4 -1 780
20 3 -1 -1
20 2 -1 -1
20 1 337 704
19 30 -1 -1
19 29 -1 1062
19 28 -1 704
19 27 -1 -1
19 26 -1 -1
19 25 -1 684
19 24 -1 -1
19 23 -1 952
19 22 -1 610
19 21 -1 792
19 20 191 396
19 18 126 308
19 17 -1 -1
19 16 -1 -1
19 15 358 546
19 14 -1 -1
19 13 -1 -1
19 12 227 424
19 11 -1 -1
19 10 -1 -1
19 9 -1 -1
19 8 -1 -1
19 7 -1 -1
19 6 -1 526
19 5 -1 -1
19 4 -1 500
19 3 -1 -1
19 2 -1 -1
19 1 -1 580
18 30 -1 -1
18 29 -1 -1
18 28 -1 782
18 27 -1 -1
18 26 -1 -1
18 25 277 392
18 24 -1 -1
18 23 -1 946
18 22 -1 886
18 21 -1 1106
18 20 -1 622
18 19 155 236
18 17 -1 -1
18 16 -1 -1
18 15 255 620
18 14 -1 -1
18 13 -1 -1
18 12 357 742
18 11 -1 -1
18 10 -1 -1
18 9 -1 -1
18 8 -1 -1
18 7 -1 -1
18 6 -1 680
18 5 -1 -1
18 4 113 282
18 3 -1 -1
18 2 -1 -1
18 1 -1 970
17 30 -1 438
17 29 -1 1026
17 28 -1 -1
17 27 -1 -1
17 26 -1 720
17 25 -1 -1
17 24 -1 -1
17 23 -1 -1
17 22 -1 -1
17 21 -1 -1
17 20 -1 -1
17 19 -1 -1
17 18 -1 -1
17 16 -1 582
17 15 -1 -1
17 14 -1 1012
17 13 -1 538
17 12 -1 -1
17 11 -1 638
17 10 183 448
17 9 -1 928
17 8 164 252
17 7 -1 -1
17 6 -1 -1
17 5 -1 886
17 4 -1 -1
17 3 387 826
17 2 -1 620
17 1 -1 -1
16 30 -1 498
16 29 -1 508
16 28 -1 806
16 27 -1 1104
16 26 81 142
16 25 -1 -1
16 24 -1 -1
16 23 -1 956
16 22 -1 958
16 21 -1 776
16 20 -1 -1
16 19 -1 -1
16 18 -1 -1
16 17 -1 670
16 15 -1 -1
16 14 -1 930
16 13 -1 574
16 12 -1 -1
16 11 82 164
16 10 147 286
16 9 -1 228
16 8 -1 508
16 7 -1 980
16 6 -1 972
16 5 177 334
16 4 -1 -1
16 3 -1 464
16 2 171 370
16 1 -1 -1
15 30 -1 -1
15 29 -1 -1
15 28 335 564
15 27 -1 864
15 26 -1 -1
15 25 100 216
15 24 433 916
15 23 267 706
15 22 -1 994
15 21 -1 672
15 20 228 624
15 19 314 746
15 18 281 642
15 17 -1 -1
15 16 -1 -1
15 14 -1 -1
15 13 -1 -1
15 12 -1 856
15 11 -1 -1
15 10 -1 -1
15 9 -1 -1
15 8 -1 -1
15 7 -1 -1
15 6 -1 530
15 5 -1 -1
15 4 -1 540
15 3 -1 -1
15 2 -1 -1
15 1 -1 934
14 30 -1 648
14 29 -1 -1
14 28 -1 992
14 27 100 192
14 26 -1 828
14 25 -1 -1
14 24 -1 510
14 23 276 594
14 22 -1 -1
14 21 -1 984
14 20 -1 -1
14 19 -1 -1
14 18 -1 -1
14 17 -1 -1
14 16 -1 764
14 15 -1 -1
14 13 295 448
14 12 -1 -1
14 11 -1 1102
14 10 -1 966
14 9 -1 -1
14 8 -1 840
14 7 -1 -1
14 6 -1 1092
14 5 259 462
14 4 -1 -1
14 3 -1 -1
14 2 235 428
14 1 -1 -1
13 30 75 144
13 29 -1 994
13 28 -1 1110
13 27 393 582
13 26 -1 534
13 25 -1 -1
13 24 -1 908
13 23 -1 1016
13 22 -1 -1
13 21 -1 930
13 20 -1 -1
13 19 -1 -1
13 18 -1 -1
13 17 -1 718
13 16 -1 444
13 15 -1 -1
13 14 276 556
13 12 -1 -1
13 11 -1 738
13 10 -1 524
13 9 -1 832
13 8 184 398
13 7 -1 -1
13 6 -1 1044
13 5 -1 344
13 4 -1 -1
13 3 -1 816
13 2 90 190
13 1 -1 -1
12 30 -1 -1
12 29 -1 -1
12 28 -1 604
12 27 -1 -1
12 26 -1 -1
12 25 -1 836
12 24 -1 -1
12 23 -1 1114
12 22 -1 570
12 21 -1 834
12 20 267 516
12 19 194 392
12 18 273 542
12 17 -1 -1
12 16 -1 -1
12 15 -1 1034
12 14 -1 -1
12 13 -1 -1
12 11 -1 -1
12 10 -1 -1
12 9 -1 -1
12 8 -1 -1
12 7 550 1006
12 6 -1 610
12 5 -1 -1
12 4 -1 1026
12 3 -1 -1
12 2 -1 -1
12 1 117 232
11 30 -1 660
11 29 -1 362
11 28 -1 816
11 27 -1 -1
11 26 98 174
11 25 -1 -1
11 24 -1 -1
11 23 -1 896
11 22 -1 860
11 21 -1 692
11 20 -1 -1
11 19 -1 -1
11 18 -1 -1
11 17 -1 738
11 16 77 146
11 15 -1 -1
11 14 -1 1050
11 13 -1 606
11 12 -1 -1
11 10 -1 402
11 9 41 78
11 8 -1 760
11 7 -1 -1
11 6 -1 892
11 5 185 426
11 4 -1 -1
11 3 -1 474
11 2 -1 568
11 1 -1 -1
10 30 187 400
10 29 -1 806
10 28 -1 -1
10 27 -1 -1
10 26 117 282
10 25 -1 -1
10 24 -1 -1
10 23 -1 -1
10 22 -1 1104
10 21 -1 -1
10 20 -1 -1
10 19 -1 -1
10 18 -1 -1
10 17 176 416
10 16 136 244
10 15 -1 -1
10 14 -1 1008
10 13 -1 504
10 12 -1 -1
10 11 -1 338
10 9 -1 448
10 8 123 282
10 7 -1 -1
10 6 -1 -1
10 5 -1 406
10 4 -1 -1
10 3 290 548
10 2 200 404
10 1 -1 -1
9 30 -1 680
9 29 121 216
9 28 -1 898
9 27 -1 1114
9 26 130 276
9 25 -1 -1
9 24 -1 -1
9 23 -1 946
9 22 -1 822
9 21 -1 630
9 20 -1 924
9 19 -1 -1
9 18 -1 -1
9 17 -1 1032
9 16 -1 224
9 15 -1 -1
9 14 -1 820
9 13 -1 810
9 12 -1 -1
9 11 43 82
9 10 -1 526
9 8 -1 638
9 7 -1 966
9 6 -1 786
9 5 211 368
9 4 -1 -1
9 3 235 454
9 2 -1 586
9 1 -1 -1
8 30 117 218
8 29 -1 820
8 28 -1 -1
8 27 -1 1008
8 26 -1 436
8 25 -1 -1
8 24 -1 -1
8 23 -1 1050
8 22 -1 -1
8 21 -1 -1
8 20 -1 -1
8 19 -1 -1
8 18 -1 -1
8 17 130 302
8 16 -1 586
8 15 -1 -1
8 14 -1 932
8 13 208 442
8 12 -1 -1
8 11 -1 774
8 10 138 288
8 9 -1 770
8 7 -1 -1
8 6 -1 -1
8 5 -1 536
8 4 -1 -1
8 3 -1 944
8 2 -1 518
8 1 -1 -1
7 30 -1 -1
7 29 336 674
7 28 -1 1030
7 27 -1 -1
7 26 -1 918
7 25 -1 -1
7 24 -1 -1
7 23 -1 -1
7 22 429 996
7 21 -1 914
7 20 -1 -1
7 19 -1 -1
7 18 -1 -1
7 17 -1 -1
7 16 -1 -1
7 15 -1 -1
7 14 -1 -1
7 13 -1 -1
7 12 628 906
7 11 -1 930
7 10 -1 -1
7 9 -1 908
7 8 -1 -1
7 6 -1 -1
7 5 -1 -1
7 4 -1 -1
7 3 413 756
7 2 -1 -1
7 1 331 696
6 30 -1 -1
6 29 -1 638
6 28 25 62
6 27 -1 948
6 26 -1 970
6 25 -1 864
6 24 -1 828
6 23 -1 788
6 22 169 310
6 21 -1 192
6 20 105 216
6 19 -1 656
6 18 -1 764
6 17 -1 -1
6 16 -1 924
6 15 -1 690
6 14 -1 1004
6 13 -1 -1
6 12 -1 626
6 11 -1 1064
6 10 -1 -1
6 9 -1 736
6 8 -1 -1
6 7 -1 -1
6 5 -1 752
6 4 -1 1046
6 3 -1 -1
6 2 -1 870
6 1 -1 698
5 30 -1 348
5 29 294 618
5 28 -1 984
5 27 -1 576
5 26 -1 544
5 25 -1 -1
5 24 -1 1008
5 23 327 766
5 22 -1 906
5 21 356 674
5 20 -1 -1
5 19 -1 -1
5 18 -1 -1
5 17 -1 924
5 16 132 272
5 15 -1 -1
5 14 299 538
5 13 -1 440
5 12 -1 -1
5 11 207 410
5 10 -1 554
5 9 220 466
5 8 -1 564
5 7 -1 -1
5 6 -1 930
5 4 -1 -1
5 3 -1 832
5 2 87 162
5 1 -1 -1
4 30 -1 -1
4 29 -1 -1
4 28 -1 794
4 27 -1 -1
4 26 -1 -1
4 25 155 268
4 24 -1 -1
4 23 -1 -1
4 22 -1 950
4 21 -1 970
4 20 -1 774
4 19 -1 580
4 18 118 230
4 17 -1 -1
4 16 -1 -1
4 15 -1 508
4 14 -1 -1
4 13 -1 -1
4 12 -1 1018
4 11 -1 -1
4 10 -1 -1
4 9 -1 -1
4 8 -1 -1
4 7 -1 -1
4 6 -1 832
4 5 -1 -1
4 3 -1 -1
4 2 -1 -1
4 1 -1 946
3 30 -1 1002
3 29 318 598
3 28 -1 -1
3 27 -1 -1
3 26 170 332
3 25 -1 -1
3 24 -1 -1
3 23 -1 -1
3 22 -1 876
3 21 -1 -1
3 20 -1 -1
3 19 -1 -1
3 18 -1 -1
3 17 441 670
3 16 -1 578
3 15 -1 -1
3 14 -1 -1
3 13 -1 1116
3 12 -1 -1
3 11 -1 496
3 10 263 570
3 9 232 350
3 8 -1 870
3 7 409 948
3 6 -1 -1
3 5 -1 946
3 4 -1 -1
3 2 -1 882
3 1 -1 -1
2 30 143 264
2 29 -1 694
2 28 -1 1022
2 27 -1 640
2 26 -1 580
2 25 -1 -1
2 24 -1 1058
2 23 -1 784
2 22 -1 936
2 21 -1 748
2 20 -1 -1
2 19 -1 -1
2 18 -1 -1
2 17 -1 688
2 16 173 376
2 15 -1 -1
2 14 245 430
2 13 102 180
2 12 -1 -1
2 11 -1 406
2 10 170 392
2 9 -1 640
2 8 -1 504
2 7 -1 -1
2 6 -1 950
2 5 73 198
2 4 -1 -1
2 3 -1 940
2 1 -1 -1
1 30 -1 -1
1 29 -1 816
1 28 -1 820
1 27 -1 -1
1 26 -1 -1
1 25 -1 -1
1 24 -1 -1
1 23 -1 -1
1 22 233 594
1 21 -1 674
1 20 377 688
1 19 -1 610
1 18 -1 1028
1 17 -1 -1
1 16 -1 -1
1 15 -1 988
1 14 -1 -1
1 13 -1 -1
1 12 127 210
1 11 -1 -1
1 10 -1 -1
1 9 -1 -1
1 8 -1 -1
1 7 440 936
1 6 -1 712
1 5 -1 -1
1 4 -1 1036
1 3 -1 -1
1 2 -1 -1
