nnodes narcs source target type
30 870 10 16 drone_routing_pli_project2
nodename posx posy
30 664.867 511.938
29 552.795 600.871
28 127.261 319.624
27 330.428 230.363
26 515.31 629.498
25 549.054 509.701
24 109.646 897.715
23 352.918 567.454
22 82.5088 782.54
21 221.073 749.126
20 126.436 630.602
19 299.118 944.346
18 168.46 771.005
17 308.456 780.927
16 236.793 813.963
15 627.672 177.248
14 937.804 455.239
13 660.822 102.847
12 929.278 938.523
11 954.526 412.785
10 988.428 255.41
9 63.8778 498.188
8 63.9737 907.1
7 932.623 672.055
6 161.535 12.5789
5 503.683 608.631
4 178.38 233.77
3 541.861 433.702
2 311.708 267.028
1 783.235 863.673
tail head car_cost drone_cost
30 29 133 60
30 28 -1 -1
30 27 -1 224
30 26 -1 80
30 25 110 48
30 24 -1 -1
30 23 -1 172
30 22 -1 -1
30 21 -1 -1
30 20 -1 -1
30 19 -1 -1
30 18 -1 252
30 17 -1 190
30 16 -1 -1
30 15 296 156
30 14 301 136
30 13 -1 214
30 12 -1 264
30 11 298 158
30 10 -1 188
30 9 -1 -1
30 8 -1 -1
30 7 335 138
30 6 -1 -1
30 5 -1 86
30 4 -1 262
30 3 129 78
30 2 -1 240
30 1 388 224
29 30 147 66
29 28 -1 238
29 27 -1 234
29 26 50 26
29 25 81 48
29 24 -1 226
29 23 -1 98
29 22 -1 -1
29 21 -1 216
29 20 -1 218
29 19 -1 252
29 18 -1 172
29 17 -1 166
29 16 -1 168
29 15 -1 248
29 14 -1 242
29 13 -1 -1
29 12 -1 -1
29 11 -1 182
29 10 -1 -1
29 9 -1 -1
29 8 -1 -1
29 7 -1 202
29 6 -1 -1
29 5 52 26
29 4 -1 240
29 3 -1 84
29 2 -1 212
29 1 310 156
28 30 -1 -1
28 29 -1 246
28 27 -1 116
28 26 -1 218
28 25 -1 218
28 24 -1 -1
28 23 372 158
28 22 -1 256
28 21 -1 200
28 20 -1 188
28 19 -1 -1
28 18 -1 190
28 17 -1 262
28 16 -1 -1
28 15 -1 -1
28 14 -1 -1
28 13 -1 -1
28 12 -1 -1
28 11 -1 -1
28 10 -1 -1
28 9 191 108
28 8 -1 -1
28 7 -1 -1
28 6 278 166
28 5 -1 226
28 4 101 50
28 3 -1 198
28 2 191 110
28 1 -1 -1
27 30 -1 190
27 29 -1 242
27 28 -1 94
27 26 -1 202
27 25 -1 146
27 24 -1 -1
27 23 -1 146
27 22 -1 262
27 21 -1 -1
27 20 -1 198
27 19 -1 -1
27 18 -1 264
27 17 -1 238
27 16 -1 -1
27 15 256 148
27 14 -1 -1
27 13 397 196
27 12 -1 -1
27 11 -1 -1
27 10 -1 -1
27 9 -1 216
27 8 -1 -1
27 7 -1 -1
27 6 230 134
27 5 -1 248
27 4 138 90
27 3 337 152
27 2 38 20
27 1 -1 -1
26 30 -1 110
26 29 47 20
26 28 -1 240
26 27 -1 252
26 25 -1 72
26 24 -1 254
26 23 144 82
26 22 -1 214
26 21 -1 168
26 20 -1 198
26 19 -1 214
26 18 -1 162
26 17 275 110
26 16 -1 140
26 15 -1 194
26 14 -1 252
26 13 -1 258
26 12 -1 -1
26 11 -1 228
26 10 -1 -1
26 9 -1 210
26 8 -1 264
26 7 -1 242
26 6 -1 -1
26 5 29 14
26 4 -1 244
26 3 -1 98
26 2 -1 236
26 1 403 174
25 30 105 58
25 29 98 44
25 28 -1 198
25 27 -1 162
25 26 -1 62
25 24 -1 -1
25 23 230 104
25 22 -1 228
25 21 -1 218
25 20 -1 200
25 19 -1 244
25 18 -1 192
25 17 -1 154
25 16 -1 204
25 15 -1 162
25 14 -1 204
25 13 -1 226
25 12 -1 -1
25 11 -1 188
25 10 -1 240
25 9 -1 -1
25 8 -1 -1
25 7 -1 238
25 6 -1 -1
25 5 128 58
25 4 -1 254
25 3 71 42
25 2 -1 142
25 1 -1 230
24 30 -1 -1
24 29 -1 -1
24 28 -1 -1
24 27 -1 -1
24 26 -1 218
24 25 -1 -1
24 23 -1 206
24 22 126 66
24 21 -1 94
24 20 -1 128
24 19 206 110
24 18 129 58
24 17 -1 102
24 16 162 74
24 15 -1 -1
24 14 -1 -1
24 13 -1 -1
24 12 -1 -1
24 11 -1 -1
24 10 -1 -1
24 9 -1 190
24 8 54 22
24 7 -1 -1
24 6 -1 -1
24 5 -1 -1
24 4 -1 -1
24 3 -1 -1
24 2 -1 -1
24 1 -1 -1
23 30 -1 172
23 29 -1 102
23 28 350 160
23 27 -1 150
23 26 167 96
23 25 215 120
23 24 -1 234
23 22 -1 200
23 21 199 102
23 20 219 104
23 19 -1 204
23 18 -1 152
23 17 245 124
23 16 -1 112
23 15 -1 218
23 14 -1 -1
23 13 -1 -1
23 12 -1 -1
23 11 -1 -1
23 10 -1 -1
23 9 309 134
23 8 -1 262
23 7 -1 -1
23 6 -1 242
23 5 143 74
23 4 -1 214
23 3 202 138
23 2 321 142
23 1 -1 -1
22 30 -1 -1
22 29 -1 262
22 28 -1 218
22 27 -1 -1
22 26 -1 260
22 25 -1 -1
22 24 110 54
22 23 -1 202
22 21 -1 86
22 20 136 86
22 19 -1 130
22 18 74 52
22 17 -1 134
22 16 -1 90
22 15 -1 -1
22 14 -1 -1
22 13 -1 -1
22 12 -1 -1
22 11 -1 -1
22 10 -1 -1
22 9 332 144
22 8 130 64
22 7 -1 -1
22 6 -1 -1
22 5 -1 242
22 4 -1 -1
22 3 -1 -1
22 2 -1 -1
22 1 -1 -1
21 30 -1 226
21 29 -1 212
21 28 -1 214
21 27 -1 260
21 26 -1 158
21 25 -1 182
21 24 -1 86
21 23 231 116
21 22 -1 64
21 20 176 70
21 19 -1 104
21 18 47 32
21 17 92 44
21 16 57 34
21 15 -1 -1
21 14 -1 -1
21 13 -1 -1
21 12 -1 -1
21 11 -1 -1
21 10 -1 -1
21 9 -1 156
21 8 -1 96
21 7 -1 -1
21 6 -1 -1
21 5 -1 186
21 4 -1 -1
21 3 -1 182
21 2 -1 -1
21 1 -1 246
20 30 -1 -1
20 29 -1 210
20 28 -1 152
20 27 -1 240
20 26 -1 196
20 25 -1 230
20 24 -1 118
20 23 244 106
20 22 188 90
20 21 182 74
20 19 -1 172
20 18 152 68
20 17 -1 118
20 16 -1 122
20 15 -1 -1
20 14 -1 -1
20 13 -1 -1
20 12 -1 -1
20 11 -1 -1
20 10 -1 -1
20 9 164 62
20 8 -1 148
20 7 -1 -1
20 6 -1 254
20 5 -1 196
20 4 -1 232
20 3 -1 -1
20 2 -1 198
20 1 -1 -1
19 30 -1 -1
19 29 -1 256
19 28 -1 -1
19 27 -1 -1
19 26 -1 210
19 25 -1 214
19 24 212 80
19 23 -1 162
19 22 -1 152
19 21 -1 106
19 20 -1 200
19 18 -1 122
19 17 132 82
19 16 171 78
19 15 -1 -1
19 14 -1 -1
19 13 -1 -1
19 12 612 -1
19 11 -1 -1
19 10 -1 -1
19 9 -1 -1
19 8 283 128
19 7 -1 -1
19 6 -1 -1
19 5 -1 210
19 4 -1 -1
19 3 -1 240
19 2 -1 -1
19 1 407 -1
18 30 -1 -1
18 29 -1 220
18 28 -1 240
18 27 -1 -1
18 26 -1 204
18 25 -1 244
18 24 116 66
18 23 -1 144
18 22 74 36
18 21 47 30
18 20 125 78
18 19 -1 124
18 17 -1 70
18 16 86 46
18 15 -1 -1
18 14 -1 -1
18 13 -1 -1
18 12 -1 -1
18 11 -1 -1
18 10 -1 -1
18 9 -1 164
18 8 -1 72
18 7 -1 -1
18 6 -1 -1
18 5 -1 184
18 4 -1 -1
18 3 -1 222
18 2 -1 -1
18 1 -1 -1
17 30 -1 248
17 29 -1 154
17 28 -1 244
17 27 -1 226
17 26 259 110
17 25 -1 182
17 24 -1 122
17 23 183 98
17 22 -1 128
17 21 95 40
17 20 -1 138
17 19 170 68
17 18 -1 68
17 16 83 34
17 15 -1 -1
17 14 -1 -1
17 13 -1 -1
17 12 -1 -1
17 11 -1 -1
17 10 -1 -1
17 9 -1 156
17 8 -1 144
17 7 -1 -1
17 6 -1 -1
17 5 -1 156
17 4 -1 234
17 3 -1 198
17 2 -1 236
17 1 401 216
16 30 -1 -1
16 29 -1 202
16 28 -1 -1
16 27 -1 -1
16 26 -1 166
16 25 -1 206
16 24 148 74
16 23 -1 112
16 22 -1 66
16 21 74 38
16 20 -1 92
16 19 174 68
16 18 68 44
16 17 87 48
16 15 -1 -1
16 14 -1 -1
16 13 -1 -1
16 12 -1 -1
16 11 -1 -1
16 10 -1 -1
16 9 -1 168
16 8 -1 98
16 7 -1 -1
16 6 -1 -1
16 5 -1 164
16 4 -1 -1
16 3 -1 254
16 2 -1 244
16 1 -1 248
15 30 394 202
15 29 -1 240
15 28 -1 242
15 27 347 156
15 26 -1 230
15 25 -1 162
15 24 -1 -1
15 23 -1 236
15 22 -1 -1
15 21 -1 -1
15 20 -1 -1
15 19 -1 -1
15 18 -1 -1
15 17 -1 -1
15 16 -1 -1
15 14 -1 204
15 13 96 40
15 12 -1 -1
15 11 379 238
15 10 423 214
15 9 -1 -1
15 8 -1 -1
15 7 -1 256
15 6 -1 206
15 5 -1 214
15 4 -1 242
15 3 276 122
15 2 -1 142
15 1 -1 -1
14 30 279 132
14 29 -1 222
14 28 -1 -1
14 27 -1 -1
14 26 -1 250
14 25 -1 174
14 24 -1 -1
14 23 -1 -1
14 22 -1 -1
14 21 -1 -1
14 20 -1 -1
14 19 -1 -1
14 18 -1 -1
14 17 -1 -1
14 16 -1 -1
14 15 -1 186
14 13 -1 234
14 12 -1 240
14 11 43 26
14 10 -1 100
14 9 -1 -1
14 8 -1 -1
14 7 175 106
14 6 -1 -1
14 5 -1 246
14 4 -1 -1
14 3 -1 238
14 2 -1 -1
14 1 -1 210
13 30 -1 176
13 29 -1 -1
13 28 -1 244
13 27 297 190
13 26 -1 -1
13 25 -1 196
13 24 -1 -1
13 23 -1 -1
13 22 -1 -1
13 21 -1 -1
13 20 -1 -1
13 19 -1 -1
13 18 -1 -1
13 17 -1 -1
13 16 -1 -1
13 15 68 38
13 14 -1 232
13 12 -1 -1
13 11 -1 236
13 10 372 158
13 9 -1 -1
13 8 -1 -1
13 7 -1 -1
13 6 556 252
13 5 -1 214
13 4 -1 202
13 3 -1 194
13 2 -1 228
13 1 -1 -1
12 30 -1 238
12 29 -1 224
12 28 -1 -1
12 27 -1 -1
12 26 -1 -1
12 25 -1 244
12 24 -1 -1
12 23 -1 -1
12 22 -1 -1
12 21 -1 -1
12 20 -1 -1
12 19 661 264
12 18 -1 -1
12 17 -1 -1
12 16 -1 -1
12 15 -1 -1
12 14 -1 -1
12 13 -1 -1
12 11 -1 232
12 10 664 -1
12 9 -1 -1
12 8 -1 -1
12 7 216 140
12 6 -1 -1
12 5 -1 -1
12 4 -1 -1
12 3 -1 -1
12 2 -1 -1
12 1 196 66
11 30 294 166
11 29 -1 212
11 28 -1 -1
11 27 -1 -1
11 26 -1 232
11 25 -1 176
11 24 -1 -1
11 23 -1 -1
11 22 -1 -1
11 21 -1 -1
11 20 -1 -1
11 19 -1 -1
11 18 -1 -1
11 17 -1 -1
11 16 -1 -1
11 15 344 226
11 14 43 26
11 13 -1 218
11 12 -1 212
11 10 167 74
11 9 -1 -1
11 8 -1 -1
11 7 302 110
11 6 -1 -1
11 5 -1 252
11 4 -1 -1
11 3 -1 192
11 2 -1 -1
11 1 -1 248
10 30 -1 206
10 29 -1 -1
10 28 -1 -1
10 27 -1 -1
10 26 -1 242
10 25 -1 -1
10 24 -1 -1
10 23 -1 -1
10 22 -1 -1
10 21 -1 -1
10 20 -1 -1
10 19 -1 -1
10 18 -1 -1
10 17 -1 -1
10 16 -1 -1
10 15 330 188
10 14 -1 96
10 13 349 166
10 12 797 -1
10 11 157 70
10 9 -1 -1
10 8 -1 -1
10 7 418 174
10 6 -1 -1
10 5 -1 -1
10 4 -1 -1
10 3 -1 198
10 2 -1 -1
10 1 -1 -1
9 30 -1 -1
9 29 -1 -1
9 28 199 104
9 27 -1 158
9 26 -1 266
9 25 -1 -1
9 24 -1 198
9 23 271 128
9 22 237 150
9 21 -1 178
9 20 132 82
9 19 -1 218
9 18 -1 160
9 17 -1 170
9 16 -1 150
9 15 -1 -1
9 14 -1 -1
9 13 -1 -1
9 12 -1 -1
9 11 -1 -1
9 10 -1 -1
9 8 475 200
9 7 -1 -1
9 6 548 -1
9 5 -1 250
9 4 -1 130
9 3 -1 236
9 2 -1 178
9 1 -1 -1
8 30 -1 -1
8 29 -1 -1
8 28 -1 -1
8 27 -1 -1
8 26 -1 262
8 25 -1 -1
8 24 49 28
8 23 -1 200
8 22 126 60
8 21 -1 110
8 20 -1 150
8 19 279 106
8 18 -1 96
8 17 -1 116
8 16 -1 104
8 15 -1 -1
8 14 -1 -1
8 13 -1 -1
8 12 -1 -1
8 11 -1 -1
8 10 -1 -1
8 9 442 238
8 7 -1 -1
8 6 -1 -1
8 5 -1 -1
8 4 -1 -1
8 3 -1 -1
8 2 -1 -1
8 1 -1 -1
7 30 325 148
7 29 -1 170
7 28 -1 -1
7 27 -1 -1
7 26 -1 200
7 25 -1 216
7 24 -1 -1
7 23 -1 -1
7 22 -1 -1
7 21 -1 -1
7 20 -1 -1
7 19 -1 -1
7 18 -1 -1
7 17 -1 -1
7 16 -1 -1
7 15 -1 -1
7 14 210 90
7 13 -1 -1
7 12 228 132
7 11 233 154
7 10 488 236
7 9 -1 -1
7 8 -1 -1
7 6 -1 -1
7 5 -1 250
7 4 -1 -1
7 3 -1 240
7 2 -1 -1
7 1 199 130
6 30 -1 -1
6 29 -1 -1
6 28 263 130
6 27 270 152
6 26 -1 -1
6 25 -1 266
6 24 -1 -1
6 23 -1 -1
6 22 -1 -1
6 21 -1 -1
6 20 -1 -1
6 19 -1 -1
6 18 -1 -1
6 17 -1 -1
6 16 -1 -1
6 15 -1 262
6 14 -1 -1
6 13 440 252
6 12 -1 -1
6 11 -1 -1
6 10 -1 -1
6 9 429 248
6 8 -1 -1
6 7 -1 -1
6 5 -1 -1
6 4 234 114
6 3 -1 266
6 2 -1 124
6 1 -1 -1
5 30 -1 100
5 29 57 28
5 28 -1 254
5 27 -1 176
5 26 22 12
5 25 115 64
5 24 -1 234
5 23 157 66
5 22 -1 252
5 21 -1 166
5 20 -1 178
5 19 -1 160
5 18 -1 170
5 17 -1 124
5 16 -1 138
5 15 -1 256
5 14 -1 -1
5 13 -1 -1
5 12 -1 -1
5 11 -1 224
5 10 -1 -1
5 9 -1 234
5 8 -1 -1
5 7 -1 212
5 6 -1 -1
5 4 -1 230
5 3 -1 90
5 2 -1 208
5 1 -1 186
4 30 -1 -1
4 29 -1 -1
4 28 114 56
4 27 145 90
4 26 -1 220
4 25 -1 244
4 24 -1 -1
4 23 -1 182
4 22 -1 252
4 21 -1 -1
4 20 -1 196
4 19 -1 -1
4 18 -1 -1
4 17 -1 260
4 16 -1 -1
4 15 -1 244
4 14 -1 -1
4 13 -1 -1
4 12 -1 -1
4 11 -1 -1
4 10 -1 -1
4 9 -1 156
4 8 -1 -1
4 7 -1 -1
4 6 260 94
4 5 -1 234
4 3 -1 248
4 2 131 78
4 1 -1 -1
3 30 120 68
3 29 -1 88
3 28 -1 182
3 27 321 130
3 26 -1 106
3 25 77 36
3 24 -1 -1
3 23 254 110
3 22 -1 -1
3 21 -1 228
3 20 -1 254
3 19 -1 246
3 18 -1 -1
3 17 -1 202
3 16 -1 206
3 15 314 124
3 14 -1 170
3 13 -1 178
3 12 -1 260
3 11 -1 226
3 10 -1 232
3 9 -1 204
3 8 -1 -1
3 7 -1 256
3 6 -1 254
3 5 -1 82
3 4 -1 234
3 2 285 148
3 1 -1 250
2 30 -1 234
2 29 -1 212
2 28 168 98
2 27 49 18
2 26 -1 168
2 25 -1 150
2 24 -1 -1
2 23 310 128
2 22 -1 -1
2 21 -1 248
2 20 -1 194
2 19 -1 -1
2 18 -1 212
2 17 -1 -1
2 16 -1 -1
2 15 -1 186
2 14 -1 -1
2 13 -1 188
2 12 -1 -1
2 11 -1 -1
2 10 -1 -1
2 9 -1 196
2 8 -1 -1
2 7 -1 -1
2 6 -1 158
2 5 -1 234
2 4 141 62
2 3 276 120
2 1 -1 -1
1 30 431 172
1 29 373 196
1 28 -1 -1
1 27 -1 -1
1 26 305 174
1 25 -1 188
1 24 -1 -1
1 23 -1 -1
1 22 -1 -1
1 21 -1 258
1 20 -1 -1
1 19 426 248
1 18 -1 -1
1 17 509 232
1 16 -1 236
1 15 -1 -1
1 14 -1 252
1 13 -1 -1
1 12 177 82
1 11 -1 202
1 10 -1 -1
1 9 -1 -1
1 8 -1 -1
1 7 214 128
1 6 -1 -1
1 5 -1 168
1 4 -1 -1
1 3 -1 228
1 2 -1 -1
