nnodes narcs source target type
30 870 13 7 drone_routing_pli_project2
nodename posx posy
30 390.405 764.816
29 630.597 929.251
28 877.155 74.4134
27 784.828 763.968
26 350.988 108.022
25 778.294 37.0751
24 444.482 982.164
23 45.8001 432.362
22 850.44 128.297
21 15.5657 997.311
20 955.938 614.512
19 481.48 137.769
18 225.964 657.914
17 654.453 549.801
16 778.592 399.323
15 862.447 455.172
14 984.527 316.605
13 388.979 865.367
12 851.977 303.747
11 286.993 614.677
10 170.354 370.348
9 543.106 779.788
8 177.094 660.641
7 732.693 279.944
6 971.862 451.813
5 256.869 850.988
4 169.171 477.105
3 518.233 865.638
2 788.599 198.069
1 524.84 272.854
tail head car_cost drone_cost
30 29 -1 140
30 28 -1 -1
30 27 -1 196
30 26 -1 -1
30 25 -1 -1
30 24 -1 94
30 23 -1 208
30 22 -1 -1
30 21 -1 214
30 20 -1 252
30 19 -1 -1
30 18 166 90
30 17 370 194
30 16 -1 264
30 15 -1 -1
30 14 -1 -1
30 13 109 58
30 12 -1 266
30 11 194 102
30 10 -1 226
30 9 175 80
30 8 -1 108
30 7 -1 -1
30 6 -1 -1
30 5 156 88
30 4 -1 166
30 3 150 88
30 2 -1 -1
30 1 -1 240
29 30 -1 176
29 28 -1 -1
29 27 215 92
29 26 -1 -1
29 25 -1 -1
29 24 214 80
29 23 -1 -1
29 22 -1 -1
29 21 -1 272
29 20 492 232
29 19 -1 -1
29 18 -1 282
29 17 -1 170
29 16 -1 232
29 15 -1 -1
29 14 -1 -1
29 13 -1 150
29 12 -1 -1
29 11 -1 220
29 10 -1 -1
29 9 183 74
29 8 -1 226
29 7 -1 -1
29 6 -1 254
29 5 -1 200
29 4 -1 -1
29 3 107 58
29 2 -1 -1
29 1 -1 -1
28 30 -1 -1
28 29 -1 -1
28 27 -1 -1
28 26 -1 258
28 25 111 58
28 24 -1 -1
28 23 -1 -1
28 22 60 28
28 21 -1 -1
28 20 -1 240
28 19 -1 194
28 18 -1 -1
28 17 -1 240
28 16 -1 162
28 15 -1 218
28 14 300 146
28 13 -1 -1
28 12 -1 98
28 11 -1 -1
28 10 -1 -1
28 9 -1 -1
28 8 -1 -1
28 7 -1 150
28 6 -1 218
28 5 -1 -1
28 4 -1 -1
28 3 -1 -1
28 2 -1 64
28 1 -1 212
27 30 -1 236
27 29 212 116
27 28 -1 -1
27 26 -1 -1
27 25 -1 -1
27 24 -1 198
27 23 -1 -1
27 22 -1 -1
27 21 -1 -1
27 20 190 104
27 19 -1 -1
27 18 -1 -1
27 17 237 132
27 16 -1 206
27 15 -1 164
27 14 -1 208
27 13 -1 222
27 12 -1 258
27 11 -1 234
27 10 -1 -1
27 9 209 98
27 8 -1 -1
27 7 -1 278
27 6 -1 210
27 5 -1 -1
27 4 -1 -1
27 3 -1 146
27 2 -1 272
27 1 -1 266
26 30 -1 -1
26 29 -1 -1
26 28 -1 274
26 27 -1 -1
26 25 352 226
26 24 -1 -1
26 23 522 234
26 22 -1 248
26 21 -1 -1
26 20 -1 -1
26 19 141 68
26 18 -1 -1
26 17 -1 218
26 16 -1 290
26 15 -1 276
26 14 -1 -1
26 13 -1 -1
26 12 -1 272
26 11 -1 290
26 10 348 154
26 9 -1 284
26 8 -1 -1
26 7 -1 252
26 6 -1 -1
26 5 -1 -1
26 4 -1 194
26 3 -1 -1
26 2 -1 238
26 1 237 112
25 30 -1 -1
25 29 -1 -1
25 28 109 44
25 27 -1 -1
25 26 429 254
25 24 -1 -1
25 23 -1 -1
25 22 97 68
25 21 -1 -1
25 20 -1 -1
25 19 253 150
25 18 -1 -1
25 17 -1 -1
25 16 -1 204
25 15 -1 192
25 14 -1 200
25 13 -1 -1
25 12 -1 130
25 11 -1 -1
25 10 -1 -1
25 9 -1 -1
25 8 -1 -1
25 7 -1 116
25 6 -1 258
25 5 -1 -1
25 4 -1 -1
25 3 -1 -1
25 2 156 92
25 1 -1 170
24 30 -1 124
24 29 167 104
24 28 -1 -1
24 27 -1 164
24 26 -1 -1
24 25 -1 -1
24 23 -1 -1
24 22 -1 -1
24 21 408 250
24 20 -1 -1
24 19 -1 -1
24 18 -1 158
24 17 -1 204
24 16 -1 -1
24 15 -1 -1
24 14 -1 -1
24 13 139 68
24 12 -1 -1
24 11 -1 232
24 10 -1 -1
24 9 -1 130
24 8 -1 232
24 7 -1 -1
24 6 -1 -1
24 5 209 116
24 4 -1 -1
24 3 116 58
24 2 -1 -1
24 1 -1 -1
23 30 -1 270
23 29 -1 -1
23 28 -1 -1
23 27 -1 -1
23 26 434 198
23 25 -1 -1
23 24 -1 -1
23 22 -1 -1
23 21 679 252
23 20 -1 -1
23 19 -1 246
23 18 -1 140
23 17 -1 260
23 16 -1 -1
23 15 -1 -1
23 14 -1 -1
23 13 -1 286
23 12 -1 -1
23 11 -1 158
23 10 150 72
23 9 -1 268
23 8 287 156
23 7 -1 -1
23 6 -1 -1
23 5 -1 262
23 4 142 70
23 3 -1 -1
23 2 -1 -1
23 1 -1 264
22 30 -1 -1
22 29 -1 -1
22 28 69 26
22 27 -1 -1
22 26 -1 290
22 25 105 70
22 24 -1 -1
22 23 -1 -1
22 21 -1 -1
22 20 -1 256
22 19 -1 202
22 18 -1 -1
22 17 -1 218
22 16 -1 132
22 15 -1 186
22 14 201 106
22 13 -1 -1
22 12 208 76
22 11 -1 -1
22 10 -1 -1
22 9 -1 -1
22 8 -1 -1
22 7 -1 108
22 6 -1 192
22 5 -1 -1
22 4 -1 -1
22 3 -1 -1
22 2 97 48
22 1 -1 196
21 30 -1 198
21 29 -1 268
21 28 -1 -1
21 27 -1 -1
21 26 -1 -1
21 25 -1 -1
21 24 359 190
21 23 501 -1
21 22 -1 -1
21 20 -1 -1
21 19 -1 -1
21 18 -1 220
21 17 -1 -1
21 16 -1 -1
21 15 -1 -1
21 14 -1 -1
21 13 -1 184
21 12 -1 -1
21 11 -1 216
21 10 -1 -1
21 9 -1 -1
21 8 424 190
21 7 -1 -1
21 6 -1 -1
21 5 276 116
21 4 -1 -1
21 3 -1 -1
21 2 -1 -1
21 1 -1 -1
20 30 -1 -1
20 29 440 240
20 28 -1 -1
20 27 269 104
20 26 -1 -1
20 25 -1 282
20 24 -1 -1
20 23 -1 -1
20 22 -1 240
20 21 -1 -1
20 19 -1 274
20 18 -1 -1
20 17 326 152
20 16 -1 118
20 15 163 76
20 14 -1 176
20 13 -1 -1
20 12 -1 156
20 11 -1 -1
20 10 -1 -1
20 9 -1 246
20 8 -1 -1
20 7 -1 202
20 6 172 92
20 5 -1 -1
20 4 -1 -1
20 3 -1 250
20 2 -1 244
20 1 -1 256
19 30 -1 -1
19 29 -1 -1
19 28 -1 182
19 27 -1 288
19 26 128 58
19 25 355 174
19 24 -1 -1
19 23 -1 260
19 22 -1 160
19 21 -1 -1
19 20 -1 -1
19 18 -1 248
19 17 -1 186
19 16 -1 204
19 15 -1 278
19 14 -1 216
19 13 -1 -1
19 12 -1 234
19 11 -1 -1
19 10 -1 228
19 9 -1 -1
19 8 -1 -1
19 7 248 128
19 6 -1 290
19 5 -1 -1
19 4 -1 274
19 3 -1 -1
19 2 368 144
19 1 122 60
18 30 234 110
18 29 -1 204
18 28 -1 -1
18 27 -1 242
18 26 -1 252
18 25 -1 -1
18 24 -1 214
18 23 -1 142
18 22 -1 -1
18 21 -1 178
18 20 -1 -1
18 19 -1 242
18 17 -1 220
18 16 -1 -1
18 15 -1 -1
18 14 -1 -1
18 13 -1 124
18 12 -1 -1
18 11 70 38
18 10 -1 138
18 9 -1 184
18 8 44 24
18 7 -1 -1
18 6 -1 -1
18 5 210 98
18 4 188 80
18 3 -1 202
18 2 -1 -1
18 1 -1 284
17 30 273 156
17 29 -1 172
17 28 -1 280
17 27 213 114
17 26 -1 236
17 25 -1 226
17 24 -1 208
17 23 -1 -1
17 22 -1 260
17 21 -1 -1
17 20 362 148
17 19 -1 234
17 18 -1 192
17 16 226 96
17 15 248 96
17 14 -1 228
17 13 -1 168
17 12 -1 128
17 11 448 188
17 10 -1 210
17 9 227 126
17 8 -1 198
17 7 -1 166
17 6 -1 180
17 5 -1 234
17 4 -1 278
17 3 -1 156
17 2 -1 204
17 1 246 158
16 30 -1 248
16 29 -1 244
16 28 -1 198
16 27 -1 166
16 26 -1 -1
16 25 -1 214
16 24 -1 -1
16 23 -1 -1
16 22 -1 150
16 21 -1 -1
16 20 -1 162
16 19 -1 180
16 18 -1 -1
16 17 212 92
16 15 104 60
16 14 -1 108
16 13 -1 -1
16 12 130 70
16 11 -1 250
16 10 -1 -1
16 9 -1 248
16 8 -1 -1
16 7 117 54
16 6 -1 92
16 5 -1 -1
16 4 -1 -1
16 3 -1 282
16 2 -1 116
16 1 279 126
15 30 -1 256
15 29 -1 -1
15 28 -1 180
15 27 -1 176
15 26 -1 -1
15 25 -1 244
15 24 -1 -1
15 23 -1 -1
15 22 -1 182
15 21 -1 -1
15 20 218 78
15 19 -1 204
15 18 -1 -1
15 17 266 136
15 16 110 62
15 14 161 108
15 13 -1 -1
15 12 157 92
15 11 -1 -1
15 10 -1 -1
15 9 -1 200
15 8 -1 -1
15 7 -1 92
15 6 100 46
15 5 -1 -1
15 4 -1 -1
15 3 -1 -1
15 2 -1 144
15 1 -1 206
14 30 -1 -1
14 29 -1 -1
14 28 263 118
14 27 -1 202
14 26 -1 -1
14 25 -1 208
14 24 -1 -1
14 23 -1 -1
14 22 229 104
14 21 -1 -1
14 20 -1 124
14 19 -1 278
14 18 -1 -1
14 17 -1 166
14 16 -1 122
14 15 221 96
14 13 -1 -1
14 12 114 58
14 11 -1 -1
14 10 -1 -1
14 9 -1 -1
14 8 -1 -1
14 7 -1 104
14 6 162 62
14 5 -1 -1
14 4 -1 -1
14 3 -1 -1
14 2 -1 124
14 1 -1 198
13 30 98 50
13 29 -1 116
13 28 -1 -1
13 27 -1 234
13 26 -1 -1
13 25 -1 -1
13 24 105 76
13 23 -1 228
13 22 -1 -1
13 21 -1 186
13 20 -1 -1
13 19 -1 -1
13 18 -1 118
13 17 -1 174
13 16 -1 284
13 15 -1 284
13 14 -1 -1
13 12 -1 -1
13 11 -1 132
13 10 -1 254
13 9 -1 72
13 8 -1 124
13 7 -1 -1
13 6 -1 -1
13 5 136 68
13 4 -1 260
13 3 120 76
13 2 -1 -1
13 1 -1 -1
12 30 -1 -1
12 29 -1 280
12 28 -1 106
12 27 -1 232
12 26 -1 -1
12 25 -1 132
12 24 -1 -1
12 23 -1 -1
12 22 191 86
12 21 -1 -1
12 20 -1 184
12 19 -1 238
12 18 -1 -1
12 17 -1 144
12 16 115 50
12 15 122 70
12 14 150 64
12 13 -1 -1
12 11 -1 -1
12 10 -1 -1
12 9 -1 244
12 8 -1 -1
12 7 143 66
12 6 -1 112
12 5 -1 -1
12 4 -1 -1
12 3 -1 -1
12 2 102 68
12 1 -1 156
11 30 168 78
11 29 -1 222
11 28 -1 -1
11 27 -1 250
11 26 -1 252
11 25 -1 -1
11 24 -1 206
11 23 -1 140
11 22 -1 -1
11 21 -1 218
11 20 -1 -1
11 19 -1 -1
11 18 83 32
11 17 317 178
11 16 -1 264
11 15 -1 290
11 14 -1 -1
11 13 -1 116
11 12 -1 -1
11 10 251 140
11 9 -1 164
11 8 -1 70
11 7 -1 276
11 6 -1 -1
11 5 -1 114
11 4 154 98
11 3 -1 188
11 2 -1 -1
11 1 374 200
10 30 -1 186
10 29 -1 -1
10 28 -1 -1
10 27 -1 -1
10 26 267 132
10 25 -1 -1
10 24 -1 -1
10 23 149 66
10 22 -1 -1
10 21 -1 -1
10 20 -1 -1
10 19 -1 208
10 18 -1 134
10 17 -1 274
10 16 -1 250
10 15 -1 -1
10 14 -1 -1
10 13 -1 286
10 12 -1 -1
10 11 245 112
10 9 -1 240
10 8 -1 124
10 7 -1 274
10 6 -1 -1
10 5 -1 274
10 4 107 60
10 3 -1 -1
10 2 -1 -1
10 1 441 216
9 30 125 74
9 29 144 80
9 28 -1 -1
9 27 235 142
9 26 -1 -1
9 25 -1 -1
9 24 -1 122
9 23 -1 250
9 22 -1 -1
9 21 -1 272
9 20 -1 222
9 19 -1 -1
9 18 -1 162
9 17 268 104
9 16 -1 190
9 15 -1 204
9 14 -1 -1
9 13 -1 94
9 12 -1 -1
9 11 -1 164
9 10 -1 224
9 8 -1 196
9 7 -1 290
9 6 -1 -1
9 5 -1 142
9 4 -1 212
9 3 72 48
9 2 -1 -1
9 1 -1 232
8 30 -1 136
8 29 -1 234
8 28 -1 -1
8 27 -1 -1
8 26 -1 -1
8 25 -1 -1
8 24 -1 208
8 23 253 140
8 22 -1 -1
8 21 370 200
8 20 -1 -1
8 19 -1 -1
8 18 45 30
8 17 -1 206
8 16 -1 272
8 15 -1 -1
8 14 -1 -1
8 13 -1 152
8 12 -1 -1
8 11 -1 62
8 10 -1 130
8 9 -1 212
8 7 -1 -1
8 6 -1 -1
8 5 234 88
8 4 157 106
8 3 -1 164
8 2 -1 -1
8 1 -1 218
7 30 -1 -1
7 29 -1 -1
7 28 -1 124
7 27 -1 262
7 26 -1 248
7 25 -1 144
7 24 -1 -1
7 23 -1 -1
7 22 -1 78
7 21 -1 -1
7 20 -1 208
7 19 232 126
7 18 -1 -1
7 17 -1 136
7 16 132 54
7 15 -1 88
7 14 -1 142
7 13 -1 -1
7 12 119 50
7 11 -1 274
7 10 -1 264
7 9 -1 264
7 8 -1 -1
7 6 -1 168
7 5 -1 -1
7 4 -1 282
7 3 -1 -1
7 2 110 60
7 1 195 104
6 30 -1 -1
6 29 -1 -1
6 28 -1 206
6 27 -1 188
6 26 -1 -1
6 25 -1 222
6 24 -1 -1
6 23 -1 -1
6 22 -1 156
6 21 -1 -1
6 20 195 72
6 19 -1 238
6 18 -1 -1
6 17 -1 156
6 16 -1 82
6 15 109 46
6 14 138 80
6 13 -1 288
6 12 -1 114
6 11 -1 284
6 10 -1 -1
6 9 -1 266
6 8 -1 -1
6 7 -1 168
6 5 -1 -1
6 4 -1 -1
6 3 -1 -1
6 2 -1 142
6 1 -1 264
5 30 174 70
5 29 -1 182
5 28 -1 -1
5 27 -1 284
5 26 -1 -1
5 25 -1 -1
5 24 222 122
5 23 -1 194
5 22 -1 -1
5 21 316 130
5 20 -1 -1
5 19 -1 -1
5 18 186 98
5 17 -1 266
5 16 -1 278
5 15 -1 -1
5 14 -1 -1
5 13 152 68
5 12 -1 -1
5 11 -1 102
5 10 -1 262
5 9 -1 134
5 8 168 100
5 7 -1 -1
5 6 -1 -1
5 4 -1 190
5 3 -1 118
5 2 -1 -1
5 1 -1 -1
4 30 -1 168
4 29 -1 -1
4 28 -1 -1
4 27 -1 -1
4 26 -1 214
4 25 -1 -1
4 24 -1 232
4 23 106 72
4 22 -1 -1
4 21 -1 -1
4 20 -1 -1
4 19 -1 250
4 18 210 78
4 17 -1 -1
4 16 -1 266
4 15 -1 -1
4 14 -1 -1
4 13 -1 250
4 12 -1 -1
4 11 203 92
4 10 121 52
4 9 -1 204
4 8 164 76
4 7 -1 -1
4 6 -1 -1
4 5 -1 182
4 3 -1 236
4 2 -1 -1
4 1 -1 174
3 30 135 74
3 29 115 66
3 28 -1 -1
3 27 -1 156
3 26 -1 -1
3 25 -1 -1
3 24 135 70
3 23 -1 -1
3 22 -1 -1
3 21 -1 -1
3 20 -1 216
3 19 -1 -1
3 18 -1 194
3 17 -1 180
3 16 -1 258
3 15 -1 240
3 14 -1 -1
3 13 155 66
3 12 -1 -1
3 11 -1 190
3 10 -1 -1
3 9 89 52
3 8 -1 226
3 7 -1 270
3 6 -1 -1
3 5 -1 156
3 4 -1 234
3 2 -1 -1
3 1 -1 262
2 30 -1 -1
2 29 -1 -1
2 28 -1 80
2 27 -1 -1
2 26 -1 220
2 25 131 86
2 24 -1 -1
2 23 -1 -1
2 22 94 50
2 21 -1 -1
2 20 -1 188
2 19 305 186
2 18 -1 -1
2 17 -1 160
2 16 -1 88
2 15 -1 148
2 14 -1 102
2 13 -1 -1
2 12 102 64
2 11 -1 -1
2 10 -1 272
2 9 -1 -1
2 8 -1 -1
2 7 115 42
2 6 -1 138
2 5 -1 -1
2 4 -1 -1
2 3 -1 -1
2 1 -1 142
1 30 -1 248
1 29 -1 -1
1 28 -1 218
1 27 -1 -1
1 26 209 144
1 25 -1 170
1 24 -1 -1
1 23 -1 242
1 22 -1 212
1 21 -1 -1
1 20 -1 -1
1 19 166 66
1 18 -1 254
1 17 264 130
1 16 306 162
1 15 -1 186
1 14 -1 208
1 13 -1 282
1 12 -1 192
1 11 363 178
1 10 415 212
1 9 -1 252
1 8 -1 218
1 7 227 86
1 6 -1 258
1 5 -1 -1
1 4 -1 198
1 3 -1 -1
1 2 -1 146
