nnodes narcs source target type
10 90 9 1 drone_routing_pli_project2
nodename posx posy
10 79.3911 312.879
9 803.492 138.988
8 620.534 283.871
7 332.658 476
6 66.6987 232.196
5 380.276 229.809
4 673.776 855.438
3 530.047 649.67
2 50.1539 732.548
1 654.037 568.264
tail head car_cost drone_cost
10 9 -1 -1
10 8 -1 -1
10 7 256 636
10 6 79 138
10 5 314 620
10 4 -1 -1
10 3 -1 -1
10 2 357 692
10 1 -1 -1
9 10 -1 -1
9 8 277 406
9 7 -1 -1
9 6 858 -1
9 5 476 -1
9 4 590 -1
9 3 -1 -1
9 2 -1 -1
9 1 452 -1
8 10 -1 -1
8 9 263 506
8 7 344 736
8 6 -1 -1
8 5 257 502
8 4 -1 -1
8 3 -1 702
8 2 -1 -1
8 1 230 498
7 10 307 672
7 9 -1 -1
7 8 376 742
7 6 -1 -1
7 5 240 478
7 4 -1 -1
7 3 232 596
7 2 312 678
7 1 357 646
6 10 78 140
6 9 631 -1
6 8 -1 -1
6 7 -1 770
6 5 266 566
6 4 -1 -1
6 3 -1 -1
6 2 595 -1
6 1 -1 -1
5 10 368 626
5 9 512 -1
5 8 266 462
5 7 251 510
5 6 349 506
5 4 -1 -1
5 3 -1 -1
5 2 -1 -1
5 1 -1 -1
4 10 -1 -1
4 9 631 -1
4 8 -1 -1
4 7 -1 -1
4 6 -1 -1
4 5 -1 -1
4 3 238 456
4 2 578 -1
4 1 281 492
3 10 -1 -1
3 9 -1 -1
3 8 -1 -1
3 7 211 516
3 6 -1 -1
3 5 -1 -1
3 4 257 592
3 2 428 -1
3 1 178 308
2 10 360 -1
2 9 -1 -1
2 8 -1 -1
2 7 310 666
2 6 555 -1
2 5 -1 -1
2 4 659 -1
2 3 442 -1
2 1 -1 -1
1 10 -1 -1
1 9 490 -1
1 8 273 664
1 7 270 708
1 6 -1 -1
1 5 -1 -1
1 4 330 628
1 3 128 306
1 2 -1 -1
