nnodes narcs source target type
30 870 4 1 drone_routing_pli_project2
nodename posx posy
30 27.6361 138.377
29 591.696 265.061
28 2.20799 197.019
27 557.628 997.166
26 433.149 368.76
25 163.674 273.388
24 777.064 939.94
23 699.359 499.908
22 966.475 955.418
21 118.319 373.219
20 41.187 122.557
19 390.299 541.058
18 197.212 714.46
17 481.455 665.364
16 7.69238 606.643
15 745.059 816.21
14 961.165 885.922
13 24.9005 484.107
12 390.627 121.135
11 120.76 513.731
10 79.3911 312.879
9 803.492 138.988
8 620.534 283.871
7 332.658 476
6 66.6987 232.196
5 380.276 229.809
4 673.776 855.438
3 530.047 649.67
2 50.1539 732.548
1 654.037 568.264
tail head car_cost drone_cost
30 29 -1 942
30 28 71 128
30 27 -1 -1
30 26 -1 1016
30 25 -1 318
30 24 -1 -1
30 23 -1 -1
30 22 -1 -1
30 21 -1 500
30 20 24 44
30 19 -1 988
30 18 -1 -1
30 17 -1 -1
30 16 -1 1078
30 15 -1 -1
30 14 -1 -1
30 13 -1 646
30 12 -1 620
30 11 -1 914
30 10 -1 368
30 9 -1 -1
30 8 -1 -1
30 7 -1 754
30 6 110 182
30 5 -1 778
30 4 -1 -1
30 3 -1 -1
30 2 -1 -1
30 1 -1 -1
29 30 -1 -1
29 28 -1 988
29 27 -1 -1
29 26 153 378
29 25 -1 788
29 24 -1 -1
29 23 -1 506
29 22 -1 -1
29 21 -1 -1
29 20 -1 978
29 19 -1 808
29 18 -1 -1
29 17 -1 930
29 16 -1 -1
29 15 -1 -1
29 14 -1 -1
29 13 -1 -1
29 12 213 454
29 11 -1 866
29 10 -1 958
29 9 213 590
29 8 33 56
29 7 -1 662
29 6 -1 -1
29 5 254 486
29 4 -1 -1
29 3 -1 922
29 2 -1 -1
29 1 -1 596
28 30 64 130
28 29 -1 -1
28 27 -1 -1
28 26 -1 -1
28 25 -1 350
28 24 -1 -1
28 23 -1 -1
28 22 -1 -1
28 21 -1 344
28 20 -1 182
28 19 -1 -1
28 18 -1 -1
28 17 -1 -1
28 16 344 676
28 15 -1 -1
28 14 -1 -1
28 13 304 628
28 12 -1 824
28 11 -1 600
28 10 166 310
28 9 -1 -1
28 8 -1 1072
28 7 -1 832
28 6 63 150
28 5 -1 840
28 4 -1 -1
28 3 -1 -1
28 2 -1 1030
28 1 -1 -1
27 30 -1 -1
27 29 -1 -1
27 28 -1 -1
27 26 -1 -1
27 25 -1 -1
27 24 185 508
27 23 -1 -1
27 22 408 750
27 21 -1 -1
27 20 -1 -1
27 19 -1 -1
27 18 392 760
27 17 330 786
27 16 -1 -1
27 15 -1 472
27 14 -1 888
27 13 -1 -1
27 12 -1 -1
27 11 -1 -1
27 10 -1 -1
27 9 -1 -1
27 8 -1 -1
27 7 -1 -1
27 6 -1 -1
27 5 -1 -1
27 4 169 314
27 3 -1 612
27 2 471 1026
27 1 -1 818
26 30 -1 1058
26 29 187 312
26 28 -1 1028
26 27 -1 -1
26 25 -1 644
26 24 -1 -1
26 23 287 674
26 22 -1 -1
26 21 -1 732
26 20 -1 1108
26 19 178 308
26 18 -1 922
26 17 -1 644
26 16 -1 802
26 15 -1 1056
26 14 -1 -1
26 13 -1 742
26 12 -1 470
26 11 -1 818
26 10 -1 642
26 9 -1 716
26 8 179 434
26 7 145 256
26 6 -1 630
26 5 149 308
26 4 -1 -1
26 3 -1 680
26 2 -1 1084
26 1 298 620
25 30 -1 428
25 29 -1 814
25 28 -1 310
25 27 -1 -1
25 26 -1 658
25 24 -1 -1
25 23 -1 -1
25 22 -1 -1
25 21 119 228
25 20 207 406
25 19 -1 758
25 18 -1 828
25 17 -1 1084
25 16 -1 722
25 15 -1 -1
25 14 -1 -1
25 13 -1 420
25 12 248 480
25 11 -1 576
25 10 108 154
25 9 -1 -1
25 8 -1 992
25 7 263 634
25 6 105 224
25 5 181 382
25 4 -1 -1
25 3 -1 1036
25 2 -1 810
25 1 -1 -1
24 30 -1 -1
24 29 -1 -1
24 28 -1 -1
24 27 212 428
24 26 -1 -1
24 25 -1 -1
24 23 -1 866
24 22 194 436
24 21 -1 -1
24 20 -1 -1
24 19 -1 958
24 18 -1 -1
24 17 -1 908
24 16 -1 -1
24 15 128 302
24 14 156 380
24 13 -1 -1
24 12 -1 -1
24 11 -1 -1
24 10 -1 -1
24 9 -1 -1
24 8 -1 -1
24 7 -1 -1
24 6 -1 -1
24 5 -1 -1
24 4 116 280
24 3 -1 820
24 2 -1 -1
24 1 -1 780
23 30 -1 -1
23 29 -1 426
23 28 -1 -1
23 27 -1 -1
23 26 349 698
23 25 -1 1060
23 24 -1 938
23 22 -1 988
23 21 -1 -1
23 20 -1 -1
23 19 -1 652
23 18 -1 932
23 17 -1 562
23 16 -1 -1
23 15 342 520
23 14 417 1104
23 13 -1 -1
23 12 -1 958
23 11 -1 -1
23 10 -1 -1
23 9 419 672
23 8 219 488
23 7 -1 798
23 6 -1 -1
23 5 -1 918
23 4 -1 718
23 3 -1 410
23 2 -1 -1
23 1 93 172
22 30 -1 -1
22 29 -1 -1
22 28 -1 -1
22 27 363 736
22 26 -1 -1
22 25 -1 -1
22 24 169 384
22 23 -1 1014
22 21 -1 -1
22 20 -1 -1
22 19 -1 -1
22 18 -1 -1
22 17 -1 -1
22 16 -1 -1
22 15 -1 610
22 14 79 140
22 13 -1 -1
22 12 -1 -1
22 11 -1 -1
22 10 -1 -1
22 9 -1 -1
22 8 -1 -1
22 7 -1 -1
22 6 -1 -1
22 5 -1 -1
22 4 -1 550
22 3 -1 942
22 2 -1 -1
22 1 -1 812
21 30 -1 560
21 29 -1 930
21 28 -1 500
21 27 -1 -1
21 26 -1 586
21 25 94 218
21 24 -1 -1
21 23 -1 -1
21 22 -1 -1
21 20 -1 456
21 19 -1 528
21 18 -1 568
21 17 -1 1078
21 16 -1 602
21 15 -1 -1
21 14 -1 -1
21 13 124 336
21 12 -1 736
21 11 150 318
21 10 80 126
21 9 -1 -1
21 8 -1 -1
21 7 230 546
21 6 -1 312
21 5 -1 580
21 4 -1 -1
21 3 -1 1104
21 2 -1 812
21 1 -1 -1
20 30 18 50
20 29 -1 1038
20 28 -1 150
20 27 -1 -1
20 26 -1 928
20 25 176 426
20 24 -1 -1
20 23 -1 -1
20 22 -1 -1
20 21 -1 558
20 19 -1 1012
20 18 -1 -1
20 17 -1 -1
20 16 -1 -1
20 15 -1 -1
20 14 -1 -1
20 13 -1 600
20 12 388 792
20 11 -1 814
20 10 -1 394
20 9 -1 -1
20 8 -1 982
20 7 -1 790
20 6 107 184
20 5 -1 770
20 4 -1 -1
20 3 -1 -1
20 2 -1 -1
20 1 -1 -1
19 30 -1 -1
19 29 -1 722
19 28 -1 862
19 27 -1 -1
19 26 211 396
19 25 -1 594
19 24 -1 -1
19 23 -1 680
19 22 -1 -1
19 21 -1 602
19 20 -1 -1
19 18 264 536
19 17 156 260
19 16 -1 828
19 15 -1 948
19 14 -1 -1
19 13 -1 690
19 12 -1 956
19 11 -1 484
19 10 -1 714
19 9 -1 -1
19 8 -1 826
19 7 82 172
19 6 -1 892
19 5 -1 598
19 4 -1 982
19 3 160 302
19 2 -1 776
19 1 266 516
18 30 -1 -1
18 29 -1 -1
18 28 -1 1070
18 27 370 778
18 26 -1 672
18 25 -1 870
18 24 -1 -1
18 23 -1 1106
18 22 -1 -1
18 21 -1 688
18 20 -1 1072
18 19 215 490
18 17 341 590
18 16 260 498
18 15 -1 992
18 14 -1 -1
18 13 -1 480
18 12 -1 -1
18 11 223 420
18 10 -1 852
18 9 -1 -1
18 8 -1 1084
18 7 273 586
18 6 -1 -1
18 5 -1 -1
18 4 -1 1026
18 3 -1 758
18 2 123 354
18 1 -1 770
17 30 -1 -1
17 29 -1 948
17 28 -1 -1
17 27 321 746
17 26 -1 704
17 25 -1 836
17 24 -1 794
17 23 -1 494
17 22 -1 -1
17 21 -1 988
17 20 -1 -1
17 19 175 254
17 18 337 554
17 16 -1 1000
17 15 -1 622
17 14 -1 998
17 13 -1 794
17 12 -1 -1
17 11 -1 720
17 10 -1 884
17 9 -1 -1
17 8 -1 668
17 7 -1 556
17 6 -1 -1
17 5 -1 950
17 4 252 470
17 3 49 110
17 2 -1 926
17 1 -1 456
16 30 -1 1044
16 29 -1 -1
16 28 372 816
16 27 -1 -1
16 26 -1 1008
16 25 -1 758
16 24 -1 -1
16 23 -1 -1
16 22 -1 -1
16 21 -1 456
16 20 -1 1044
16 19 -1 714
16 18 198 454
16 17 -1 1026
16 15 -1 -1
16 14 -1 -1
16 13 106 206
16 12 -1 -1
16 11 141 308
16 10 -1 592
16 9 -1 -1
16 8 -1 -1
16 7 -1 768
16 6 -1 748
16 5 -1 -1
16 4 -1 -1
16 3 -1 1040
16 2 117 230
16 1 -1 -1
15 30 -1 -1
15 29 -1 968
15 28 -1 -1
15 27 -1 454
15 26 -1 -1
15 25 -1 -1
15 24 137 272
15 23 302 538
15 22 -1 428
15 21 -1 -1
15 20 -1 -1
15 19 -1 972
15 18 -1 898
15 17 -1 660
15 16 -1 -1
15 14 233 402
15 13 -1 -1
15 12 -1 -1
15 11 -1 -1
15 10 -1 -1
15 9 -1 -1
15 8 -1 946
15 7 -1 964
15 6 -1 -1
15 5 -1 -1
15 4 80 154
15 3 321 570
15 2 -1 -1
15 1 286 620
14 30 -1 -1
14 29 -1 -1
14 28 -1 -1
14 27 -1 886
14 26 -1 -1
14 25 -1 -1
14 24 186 318
14 23 417 830
14 22 78 116
14 21 -1 -1
14 20 -1 -1
14 19 -1 -1
14 18 -1 -1
14 17 -1 910
14 16 -1 -1
14 15 235 494
14 13 -1 -1
14 12 -1 -1
14 11 -1 -1
14 10 -1 -1
14 9 817 -1
14 8 -1 -1
14 7 -1 -1
14 6 -1 -1
14 5 -1 -1
14 4 -1 608
14 3 -1 1022
14 2 -1 -1
14 1 -1 802
13 30 -1 588
13 29 -1 -1
13 28 282 616
13 27 -1 -1
13 26 -1 946
13 25 -1 542
13 24 -1 -1
13 23 -1 -1
13 22 -1 -1
13 21 127 292
13 20 -1 780
13 19 -1 770
13 18 -1 622
13 17 -1 -1
13 16 117 240
13 15 -1 -1
13 14 -1 -1
13 12 -1 -1
13 11 88 184
13 10 212 420
13 9 -1 -1
13 8 -1 -1
13 7 -1 500
13 6 -1 494
13 5 -1 744
13 4 -1 -1
13 3 -1 -1
13 2 -1 468
13 1 -1 1072
12 30 -1 638
12 29 247 408
12 28 -1 836
12 27 -1 -1
12 26 -1 596
12 25 258 500
12 24 -1 -1
12 23 -1 816
12 22 -1 -1
12 21 -1 726
12 20 303 800
12 19 -1 848
12 18 -1 -1
12 17 -1 -1
12 16 -1 -1
12 15 -1 -1
12 14 -1 -1
12 13 -1 1090
12 11 -1 1022
12 10 -1 860
12 9 384 814
12 8 -1 642
12 7 -1 720
12 6 -1 728
12 5 128 234
12 4 -1 -1
12 3 -1 -1
12 2 -1 -1
12 1 -1 -1
11 30 -1 832
11 29 -1 1076
11 28 -1 620
11 27 -1 -1
11 26 -1 610
11 25 -1 464
11 24 -1 -1
11 23 -1 -1
11 22 -1 -1
11 21 129 290
11 20 -1 784
11 19 -1 644
11 18 228 408
11 17 -1 748
11 16 169 326
11 15 -1 -1
11 14 -1 -1
11 13 110 214
11 12 -1 924
11 10 -1 476
11 9 -1 -1
11 8 -1 1014
11 7 250 346
11 6 -1 488
11 5 -1 910
11 4 -1 -1
11 3 -1 1018
11 2 -1 398
11 1 -1 964
10 30 -1 362
10 29 -1 -1
10 28 154 334
10 27 -1 -1
10 26 -1 666
10 25 97 160
10 24 -1 -1
10 23 -1 -1
10 22 -1 -1
10 21 84 116
10 20 -1 314
10 19 -1 664
10 18 -1 920
10 17 -1 1038
10 16 -1 656
10 15 -1 -1
10 14 -1 -1
10 13 212 290
10 12 -1 830
10 11 -1 352
10 9 -1 -1
10 8 -1 962
10 7 -1 686
10 6 71 146
10 5 -1 618
10 4 -1 -1
10 3 -1 982
10 2 -1 802
10 1 -1 -1
9 30 -1 -1
9 29 198 562
9 28 -1 -1
9 27 -1 -1
9 26 -1 740
9 25 -1 -1
9 24 -1 -1
9 23 409 870
9 22 -1 -1
9 21 -1 -1
9 20 -1 -1
9 19 -1 -1
9 18 -1 -1
9 17 -1 1032
9 16 -1 -1
9 15 -1 -1
9 14 647 -1
9 13 -1 -1
9 12 422 892
9 11 -1 -1
9 10 -1 -1
9 8 192 416
9 7 -1 -1
9 6 -1 -1
9 5 -1 762
9 4 -1 -1
9 3 -1 -1
9 2 -1 -1
9 1 -1 814
8 30 -1 -1
8 29 31 84
8 28 -1 -1
8 27 -1 -1
8 26 179 352
8 25 -1 938
8 24 -1 -1
8 23 202 384
8 22 -1 -1
8 21 -1 -1
8 20 -1 -1
8 19 -1 794
8 18 -1 -1
8 17 -1 704
8 16 -1 -1
8 15 -1 962
8 14 -1 -1
8 13 -1 -1
8 12 -1 648
8 11 -1 -1
8 10 -1 1056
8 9 191 434
8 7 -1 822
8 6 -1 -1
8 5 -1 452
8 4 -1 1102
8 3 -1 746
8 2 -1 -1
8 1 -1 534
7 30 -1 1022
7 29 -1 670
7 28 -1 818
7 27 -1 962
7 26 152 286
7 25 249 480
7 24 -1 1044
7 23 -1 652
7 22 -1 -1
7 21 209 486
7 20 -1 906
7 19 82 200
7 18 222 470
7 17 -1 562
7 16 -1 822
7 15 -1 894
7 14 -1 -1
7 13 -1 654
7 12 -1 860
7 11 191 504
7 10 -1 722
7 9 -1 -1
7 8 -1 616
7 6 -1 622
7 5 226 470
7 4 -1 1050
7 3 -1 442
7 2 -1 734
7 1 -1 794
6 30 122 214
6 29 -1 -1
6 28 71 150
6 27 -1 -1
6 26 -1 874
6 25 127 172
6 24 -1 -1
6 23 -1 -1
6 22 -1 -1
6 21 -1 326
6 20 132 226
6 19 -1 922
6 18 -1 1100
6 17 -1 -1
6 16 -1 638
6 15 -1 -1
6 14 -1 -1
6 13 -1 458
6 12 -1 650
6 11 -1 470
6 10 66 170
6 9 -1 -1
6 8 -1 -1
6 7 -1 768
6 5 -1 726
6 4 -1 -1
6 3 -1 -1
6 2 -1 -1
6 1 -1 -1
5 30 -1 694
5 29 243 436
5 28 -1 850
5 27 -1 -1
5 26 176 266
5 25 252 458
5 24 -1 -1
5 23 -1 802
5 22 -1 -1
5 21 -1 524
5 20 -1 752
5 19 -1 724
5 18 -1 1008
5 17 -1 854
5 16 -1 -1
5 15 -1 -1
5 14 -1 -1
5 13 -1 970
5 12 130 254
5 11 -1 686
5 10 -1 590
5 9 -1 712
5 8 -1 434
5 7 234 416
5 6 -1 634
5 4 -1 -1
5 3 -1 1032
5 2 -1 -1
5 1 -1 896
4 30 -1 -1
4 29 -1 -1
4 28 -1 -1
4 27 179 436
4 26 -1 -1
4 25 -1 -1
4 24 153 244
4 23 -1 810
4 22 -1 684
4 21 -1 -1
4 20 -1 -1
4 19 -1 734
4 18 -1 1022
4 17 270 472
4 16 -1 -1
4 15 74 172
4 14 -1 642
4 13 -1 -1
4 12 -1 -1
4 11 -1 -1
4 10 -1 -1
4 9 -1 -1
4 8 -1 -1
4 7 -1 938
4 6 -1 -1
4 5 -1 -1
4 3 242 496
4 2 -1 -1
4 1 -1 632
3 30 -1 -1
3 29 -1 758
3 28 -1 -1
3 27 -1 796
3 26 -1 618
3 25 -1 880
3 24 -1 732
3 23 -1 440
3 22 -1 862
3 21 -1 -1
3 20 -1 -1
3 19 156 400
3 18 -1 668
3 17 49 102
3 16 -1 1072
3 15 317 626
3 14 -1 904
3 13 -1 -1
3 12 -1 -1
3 11 -1 720
3 10 -1 -1
3 9 -1 -1
3 8 -1 896
3 7 -1 598
3 6 -1 -1
3 5 -1 1012
3 4 250 564
3 2 -1 854
3 1 136 356
2 30 -1 -1
2 29 -1 -1
2 28 -1 952
2 27 592 920
2 26 -1 860
2 25 -1 976
2 24 -1 -1
2 23 -1 -1
2 22 -1 -1
2 21 -1 718
2 20 -1 1000
2 19 -1 806
2 18 125 248
2 17 -1 738
2 16 111 256
2 15 -1 -1
2 14 -1 -1
2 13 -1 492
2 12 -1 -1
2 11 -1 396
2 10 -1 948
2 9 -1 -1
2 8 -1 -1
2 7 -1 844
2 6 -1 1058
2 5 -1 -1
2 4 -1 -1
2 3 -1 -1
2 1 -1 -1
1 30 -1 -1
1 29 -1 614
1 28 -1 -1
1 27 -1 1012
1 26 282 576
1 25 -1 1106
1 24 -1 656
1 23 84 138
1 22 -1 1052
1 21 -1 -1
1 20 -1 -1
1 19 245 480
1 18 -1 1074
1 17 -1 458
1 16 -1 -1
1 15 304 598
1 14 -1 956
1 13 -1 -1
1 12 -1 852
1 11 -1 -1
1 10 -1 1008
1 9 -1 848
1 8 -1 570
1 7 -1 584
1 6 -1 -1
1 5 -1 876
1 4 -1 644
1 3 149 244
1 2 -1 -1
