nnodes narcs source target type
10 90 8 3 drone_routing_pli_project2
nodename posx posy
10 897.465 197.942
9 324.264 857.388
8 507.414 530.33
7 532.589 868.111
6 256.372 792.962
5 627.09 987.452
4 682.985 612.102
3 553.675 217.735
2 573.263 801.507
1 912.433 159.083
tail head car_cost drone_cost
10 9 -1 -1
10 8 -1 -1
10 7 -1 -1
10 6 -1 -1
10 5 772 -1
10 4 515 762
10 3 340 698
10 2 -1 -1
10 1 47 92
9 10 -1 -1
9 8 304 630
9 7 228 366
9 6 94 194
9 5 303 560
9 4 -1 -1
9 3 -1 -1
9 2 298 490
9 1 -1 -1
8 10 -1 -1
8 9 435 -1
8 7 -1 764
8 6 311 714
8 5 -1 -1
8 4 197 328
8 3 312 524
8 2 226 498
8 1 -1 -1
7 10 -1 -1
7 9 185 354
7 8 -1 792
7 6 -1 616
7 5 131 362
7 4 -1 624
7 3 -1 -1
7 2 89 154
7 1 -1 -1
6 10 -1 -1
6 9 81 210
6 8 322 624
6 7 -1 566
6 5 -1 -1
6 4 -1 760
6 3 609 -1
6 2 -1 708
6 1 -1 -1
5 10 710 -1
5 9 345 596
5 8 -1 -1
5 7 161 272
5 6 -1 -1
5 4 334 782
5 3 -1 -1
5 2 156 432
5 1 815 -1
4 10 456 -1
4 9 -1 816
4 8 202 452
4 7 -1 494
4 6 -1 -1
4 5 434 830
4 3 456 774
4 2 257 360
4 1 -1 -1
3 10 290 728
3 9 -1 -1
3 8 309 738
3 7 -1 -1
3 6 584 -1
3 5 -1 -1
3 4 409 704
3 2 -1 -1
3 1 421 696
2 10 -1 -1
2 9 268 438
2 8 323 490
2 7 72 164
2 6 -1 710
2 5 195 452
2 4 258 440
2 3 -1 -1
2 1 -1 -1
1 10 35 90
1 9 -1 -1
1 8 -1 -1
1 7 -1 -1
1 6 -1 -1
1 5 934 -1
1 4 -1 -1
1 3 291 -1
1 2 -1 -1
