nnodes narcs source target type
50 2450 5 23 drone_routing_pli_project2
nodename posx posy
50 721.493 847.03
49 683.106 690.632
48 432.617 998.16
47 677.315 282.034
46 95.2227 372.039
45 14.4322 148.498
44 408.344 471.286
43 560.338 74.5028
42 926.049 723.788
41 471.948 623.31
40 153.765 28.6283
39 340.067 361.149
38 828.899 89.9173
37 622.765 457.085
36 630.371 57.7588
35 366.91 760.268
34 106.003 712.986
33 438.992 656.149
32 295.697 704.781
31 847.217 709.923
30 390.405 764.816
29 630.597 929.251
28 877.155 74.4134
27 784.828 763.968
26 350.988 108.022
25 778.294 37.0751
24 444.482 982.164
23 45.8001 432.362
22 850.44 128.297
21 15.5657 997.311
20 955.938 614.512
19 481.48 137.769
18 225.964 657.914
17 654.453 549.801
16 778.592 399.323
15 862.447 455.172
14 984.527 316.605
13 388.979 865.367
12 851.977 303.747
11 286.993 614.677
10 170.354 370.348
9 543.106 779.788
8 177.094 660.641
7 732.693 279.944
6 971.862 451.813
5 256.869 850.988
4 169.171 477.105
3 518.233 865.638
2 788.599 198.069
1 524.84 272.854
tail head car_cost drone_cost
50 49 191 376
50 48 -1 724
50 47 -1 1078
50 46 -1 -1
50 45 -1 -1
50 44 -1 1098
50 43 -1 -1
50 42 207 550
50 41 -1 736
50 40 -1 -1
50 39 -1 -1
50 38 -1 -1
50 37 -1 792
50 36 -1 -1
50 35 -1 680
50 34 -1 -1
50 33 -1 564
50 32 -1 960
50 31 -1 442
50 30 -1 766
50 29 128 242
50 28 -1 -1
50 27 94 222
50 26 -1 -1
50 25 -1 -1
50 24 -1 650
50 23 -1 -1
50 22 -1 -1
50 21 -1 -1
50 20 -1 788
50 19 -1 -1
50 18 -1 1120
50 17 -1 594
50 16 -1 724
50 15 -1 706
50 14 -1 1148
50 13 -1 630
50 12 -1 1146
50 11 -1 1024
50 10 -1 -1
50 9 160 442
50 8 -1 -1
50 7 -1 -1
50 6 -1 1034
50 5 -1 914
50 4 -1 -1
50 3 -1 414
50 2 -1 -1
50 1 -1 990
49 50 143 314
49 48 -1 890
49 47 -1 742
49 46 -1 -1
49 45 -1 -1
49 44 -1 624
49 43 -1 -1
49 42 -1 500
49 41 263 384
49 40 -1 -1
49 39 -1 844
49 38 -1 1112
49 37 -1 450
49 36 -1 -1
49 35 -1 542
49 34 -1 1094
49 33 -1 556
49 32 -1 848
49 31 188 344
49 30 -1 516
49 29 -1 512
49 28 -1 -1
49 27 123 222
49 26 -1 -1
49 25 -1 -1
49 24 -1 820
49 23 -1 -1
49 22 -1 -1
49 21 -1 -1
49 20 -1 648
49 19 -1 -1
49 18 -1 876
49 17 140 252
49 16 -1 524
49 15 -1 594
49 14 -1 1108
49 13 -1 808
49 12 -1 794
49 11 -1 712
49 10 -1 -1
49 9 175 380
49 8 -1 1042
49 7 -1 898
49 6 -1 688
49 5 -1 848
49 4 -1 1042
49 3 -1 546
49 2 -1 920
49 1 -1 860
48 50 -1 562
48 49 -1 796
48 47 -1 -1
48 46 -1 -1
48 45 -1 -1
48 44 -1 -1
48 43 -1 -1
48 42 -1 1136
48 41 -1 878
48 40 -1 -1
48 39 -1 -1
48 38 -1 -1
48 37 -1 988
48 36 -1 -1
48 35 -1 514
48 34 -1 1002
48 33 -1 808
48 32 -1 574
48 31 -1 -1
48 30 -1 390
48 29 184 382
48 28 -1 -1
48 27 -1 974
48 26 -1 -1
48 25 -1 -1
48 24 22 42
48 23 -1 -1
48 22 -1 -1
48 21 490 776
48 20 -1 -1
48 19 -1 -1
48 18 -1 926
48 17 -1 1094
48 16 -1 -1
48 15 -1 -1
48 14 -1 -1
48 13 159 230
48 12 -1 -1
48 11 -1 970
48 10 -1 -1
48 9 -1 484
48 8 -1 1006
48 7 -1 -1
48 6 -1 -1
48 5 197 416
48 4 -1 1050
48 3 -1 296
48 2 -1 -1
48 1 -1 -1
47 50 -1 1088
47 49 -1 862
47 48 -1 -1
47 46 -1 -1
47 45 -1 -1
47 44 -1 554
47 43 237 384
47 42 -1 -1
47 41 -1 874
47 40 -1 1098
47 39 -1 722
47 38 -1 442
47 37 171 406
47 36 206 530
47 35 -1 1136
47 34 -1 -1
47 33 -1 994
47 32 -1 1094
47 31 -1 910
47 30 -1 -1
47 29 -1 -1
47 28 -1 544
47 27 -1 1064
47 26 -1 672
47 25 -1 438
47 24 -1 -1
47 23 -1 -1
47 22 -1 518
47 21 -1 -1
47 20 -1 744
47 19 -1 566
47 18 -1 -1
47 17 -1 546
47 16 134 264
47 15 -1 420
47 14 -1 632
47 13 -1 -1
47 12 -1 284
47 11 -1 1150
47 10 -1 -1
47 9 -1 -1
47 8 -1 -1
47 7 67 108
47 6 -1 702
47 5 -1 -1
47 4 -1 1086
47 3 -1 -1
47 2 133 332
47 1 164 292
46 50 -1 -1
46 49 -1 1106
46 48 -1 -1
46 47 -1 986
46 45 275 404
46 44 -1 584
46 43 -1 -1
46 42 -1 -1
46 41 -1 888
46 40 -1 750
46 39 -1 434
46 38 -1 -1
46 37 -1 892
46 36 -1 -1
46 35 -1 944
46 34 -1 718
46 33 -1 1006
46 32 -1 746
46 31 -1 -1
46 30 -1 896
46 29 -1 -1
46 28 -1 -1
46 27 -1 -1
46 26 -1 668
46 25 -1 -1
46 24 -1 -1
46 23 67 156
46 22 -1 -1
46 21 -1 -1
46 20 -1 -1
46 19 -1 1048
46 18 -1 576
46 17 -1 1058
46 16 -1 -1
46 15 -1 -1
46 14 -1 -1
46 13 -1 984
46 12 -1 -1
46 11 -1 738
46 10 89 170
46 9 -1 1094
46 8 -1 574
46 7 -1 -1
46 6 -1 -1
46 5 -1 1000
46 4 140 252
46 3 -1 1070
46 2 -1 -1
46 1 -1 714
45 50 -1 -1
45 49 -1 -1
45 48 -1 -1
45 47 -1 -1
45 46 285 382
45 44 -1 1096
45 43 -1 1032
45 42 -1 -1
45 41 -1 -1
45 40 163 396
45 39 -1 796
45 38 -1 -1
45 37 -1 -1
45 36 -1 -1
45 35 -1 -1
45 34 -1 -1
45 33 -1 -1
45 32 -1 -1
45 31 -1 -1
45 30 -1 -1
45 29 -1 -1
45 28 -1 -1
45 27 -1 -1
45 26 -1 752
45 25 -1 -1
45 24 -1 -1
45 23 230 670
45 22 -1 -1
45 21 911 -1
45 20 -1 -1
45 19 -1 864
45 18 -1 1088
45 17 -1 -1
45 16 -1 -1
45 15 -1 -1
45 14 -1 -1
45 13 -1 -1
45 12 -1 -1
45 11 -1 1136
45 10 218 620
45 9 -1 -1
45 8 -1 970
45 7 -1 -1
45 6 -1 -1
45 5 -1 -1
45 4 -1 722
45 3 -1 -1
45 2 -1 -1
45 1 -1 1026
44 50 -1 1082
44 49 -1 604
44 48 -1 886
44 47 -1 542
44 46 -1 596
44 45 -1 -1
44 43 -1 1002
44 42 -1 -1
44 41 150 330
44 40 -1 -1
44 39 113 270
44 38 -1 -1
44 37 222 378
44 36 -1 1082
44 35 -1 490
44 34 -1 648
44 33 185 372
44 32 -1 590
44 31 -1 1120
44 30 -1 632
44 29 -1 1088
44 28 -1 -1
44 27 -1 928
44 26 -1 648
44 25 -1 936
44 24 -1 1128
44 23 -1 870
44 22 -1 -1
44 21 -1 -1
44 20 -1 1018
44 19 -1 700
44 18 -1 430
44 17 -1 538
44 16 -1 612
44 15 -1 742
44 14 -1 -1
44 13 -1 808
44 12 -1 1018
44 11 171 320
44 10 -1 442
44 9 -1 782
44 8 -1 538
44 7 -1 888
44 6 -1 1002
44 5 -1 666
44 4 282 436
44 3 -1 928
44 2 -1 1060
44 1 250 478
43 50 -1 -1
43 49 -1 1070
43 48 -1 -1
43 47 246 440
43 46 -1 970
43 45 -1 -1
43 44 -1 892
43 42 -1 -1
43 41 -1 918
43 40 489 970
43 39 -1 678
43 38 -1 522
43 37 -1 900
43 36 79 130
43 35 -1 -1
43 34 -1 -1
43 33 -1 1072
43 32 -1 -1
43 31 -1 -1
43 30 -1 -1
43 29 -1 -1
43 28 -1 592
43 27 -1 -1
43 26 181 354
43 25 -1 400
43 24 -1 -1
43 23 -1 -1
43 22 -1 688
43 21 -1 -1
43 20 -1 -1
43 19 121 212
43 18 -1 -1
43 17 -1 814
43 16 -1 708
43 15 -1 964
43 14 -1 -1
43 13 -1 -1
43 12 -1 772
43 11 -1 -1
43 10 -1 942
43 9 -1 -1
43 8 -1 -1
43 7 -1 626
43 6 -1 1048
43 5 -1 -1
43 4 -1 922
43 3 -1 -1
43 2 -1 490
43 1 234 356
42 50 220 456
42 49 -1 464
42 48 -1 1148
42 47 -1 872
42 46 -1 -1
42 45 -1 -1
42 44 -1 -1
42 43 -1 -1
42 41 -1 1094
42 40 -1 -1
42 39 -1 -1
42 38 -1 1092
42 37 -1 766
42 36 -1 -1
42 35 -1 1070
42 34 -1 -1
42 33 -1 1080
42 32 -1 -1
42 31 78 148
42 30 -1 976
42 29 357 670
42 28 -1 -1
42 27 150 336
42 26 -1 -1
42 25 -1 -1
42 24 -1 1068
42 23 -1 -1
42 22 -1 1074
42 21 -1 -1
42 20 113 248
42 19 -1 -1
42 18 -1 -1
42 17 -1 692
42 16 -1 832
42 15 -1 546
42 14 -1 736
42 13 -1 1048
42 12 -1 924
42 11 -1 -1
42 10 -1 -1
42 9 -1 740
42 8 -1 -1
42 7 -1 946
42 6 -1 456
42 5 -1 -1
42 4 -1 -1
42 3 -1 934
42 2 -1 1112
42 1 -1 1128
41 50 -1 750
41 49 179 482
41 48 -1 610
41 47 -1 854
41 46 -1 828
41 45 -1 -1
41 44 157 270
41 43 -1 1128
41 42 -1 832
41 40 -1 -1
41 39 -1 484
41 38 -1 1058
41 37 181 390
41 36 -1 994
41 35 -1 332
41 34 -1 724
41 33 51 106
41 32 -1 430
41 31 -1 762
41 30 -1 312
41 29 -1 804
41 28 -1 -1
41 27 -1 634
41 26 -1 -1
41 25 -1 -1
41 24 -1 696
41 23 -1 758
41 22 -1 -1
41 21 -1 968
41 20 -1 874
41 19 -1 922
41 18 -1 496
41 17 222 440
41 16 -1 724
41 15 -1 690
41 14 -1 1012
41 13 -1 456
41 12 -1 1124
41 11 -1 388
41 10 -1 840
41 9 143 370
41 8 -1 478
41 7 -1 894
41 6 -1 1070
41 5 -1 680
41 4 -1 760
41 3 -1 474
41 2 -1 928
41 1 -1 738
40 50 -1 -1
40 49 -1 -1
40 48 -1 -1
40 47 -1 1026
40 46 -1 694
40 45 204 442
40 44 -1 1092
40 43 367 890
40 42 -1 -1
40 41 -1 -1
40 39 -1 814
40 38 -1 -1
40 37 -1 -1
40 36 406 1116
40 35 -1 -1
40 34 -1 1138
40 33 -1 -1
40 32 -1 -1
40 31 -1 -1
40 30 -1 -1
40 29 -1 -1
40 28 -1 -1
40 27 -1 -1
40 26 196 400
40 25 730 -1
40 24 -1 -1
40 23 -1 704
40 22 -1 -1
40 21 -1 -1
40 20 -1 -1
40 19 -1 574
40 18 -1 -1
40 17 -1 -1
40 16 -1 -1
40 15 -1 -1
40 14 -1 -1
40 13 -1 -1
40 12 -1 -1
40 11 -1 1074
40 10 317 548
40 9 -1 -1
40 8 -1 -1
40 7 -1 1090
40 6 -1 -1
40 5 -1 -1
40 4 -1 730
40 3 -1 -1
40 2 -1 -1
40 1 -1 872
39 50 -1 1008
39 49 -1 930
39 48 -1 -1
39 47 -1 684
39 46 -1 470
39 45 -1 820
39 44 118 296
39 43 -1 792
39 42 -1 -1
39 41 -1 566
39 40 -1 900
39 38 -1 -1
39 37 -1 606
39 36 -1 882
39 35 -1 824
39 34 -1 908
39 33 -1 600
39 32 -1 746
39 31 -1 1140
39 30 -1 728
39 29 -1 -1
39 28 -1 1064
39 27 -1 978
39 26 212 448
39 25 -1 1020
39 24 -1 1022
39 23 -1 498
39 22 -1 -1
39 21 -1 1146
39 20 -1 -1
39 19 317 426
39 18 -1 642
39 17 -1 724
39 16 -1 734
39 15 -1 -1
39 14 -1 -1
39 13 -1 -1
39 12 -1 996
39 11 -1 492
39 10 181 308
39 9 -1 1018
39 8 -1 600
39 7 -1 762
39 6 -1 1052
39 5 -1 1056
39 4 207 394
39 3 -1 1086
39 2 -1 1016
39 1 174 338
38 50 -1 -1
38 49 -1 1130
38 48 -1 -1
38 47 -1 576
38 46 -1 -1
38 45 -1 -1
38 44 -1 914
38 43 -1 480
38 42 -1 1092
38 41 -1 -1
38 40 -1 -1
38 39 -1 940
38 37 -1 766
38 36 -1 386
38 35 -1 -1
38 34 -1 -1
38 33 -1 1106
38 32 -1 -1
38 31 -1 1102
38 30 -1 -1
38 29 -1 -1
38 28 50 94
38 27 -1 -1
38 26 -1 830
38 25 61 144
38 24 -1 -1
38 23 -1 -1
38 22 36 72
38 21 -1 -1
38 20 -1 -1
38 19 -1 838
38 18 -1 -1
38 17 -1 1066
38 16 -1 504
38 15 -1 870
38 14 -1 476
38 13 -1 -1
38 12 -1 362
38 11 -1 -1
38 10 -1 -1
38 9 -1 -1
38 8 -1 -1
38 7 -1 362
38 6 -1 628
38 5 -1 -1
38 4 -1 -1
38 3 -1 -1
38 2 121 216
38 1 -1 640
37 50 -1 798
37 49 -1 410
37 48 -1 1042
37 47 208 370
37 46 -1 1110
37 45 -1 -1
37 44 207 416
37 43 -1 782
37 42 -1 800
37 41 222 410
37 40 -1 -1
37 39 -1 670
37 38 -1 716
37 36 -1 860
37 35 -1 824
37 34 -1 1114
37 33 -1 486
37 32 -1 934
37 31 -1 676
37 30 -1 912
37 29 -1 1048
37 28 -1 944
37 27 -1 784
37 26 -1 1000
37 25 -1 772
37 24 -1 -1
37 23 -1 -1
37 22 -1 712
37 21 -1 -1
37 20 -1 808
37 19 -1 618
37 18 -1 1062
37 17 89 184
37 16 134 350
37 15 -1 542
37 14 -1 766
37 13 -1 992
37 12 -1 492
37 11 -1 596
37 10 -1 972
37 9 -1 724
37 8 -1 818
37 7 -1 492
37 6 -1 810
37 5 -1 914
37 4 -1 794
37 3 -1 922
37 2 -1 540
37 1 179 488
36 50 -1 -1
36 49 -1 -1
36 48 -1 -1
36 47 215 440
36 46 -1 -1
36 45 -1 1046
36 44 -1 818
36 43 58 164
36 42 -1 -1
36 41 -1 -1
36 40 492 768
36 39 -1 860
36 38 -1 390
36 37 -1 948
36 35 -1 -1
36 34 -1 -1
36 33 -1 -1
36 32 -1 -1
36 31 -1 -1
36 30 -1 -1
36 29 -1 -1
36 28 -1 582
36 27 -1 -1
36 26 -1 590
36 25 146 254
36 24 -1 -1
36 23 -1 -1
36 22 -1 414
36 21 -1 -1
36 20 -1 -1
36 19 -1 290
36 18 -1 -1
36 17 -1 974
36 16 -1 622
36 15 -1 750
36 14 -1 936
36 13 -1 -1
36 12 -1 640
36 11 -1 -1
36 10 -1 -1
36 9 -1 -1
36 8 -1 -1
36 7 -1 540
36 6 -1 1094
36 5 -1 -1
36 4 -1 -1
36 3 -1 -1
36 2 234 498
36 1 -1 556
35 50 -1 764
35 49 -1 530
35 48 -1 484
35 47 -1 -1
35 46 -1 1134
35 45 -1 -1
35 44 -1 540
35 43 -1 -1
35 42 -1 -1
35 41 -1 328
35 40 -1 -1
35 39 -1 676
35 38 -1 -1
35 37 -1 898
35 36 -1 -1
35 34 -1 454
35 33 151 282
35 32 104 182
35 31 -1 914
35 30 25 54
35 29 -1 502
35 28 -1 -1
35 27 -1 834
35 26 -1 1142
35 25 -1 -1
35 24 -1 548
35 23 -1 766
35 22 -1 -1
35 21 -1 982
35 20 -1 1152
35 19 -1 -1
35 18 -1 318
35 17 -1 756
35 16 -1 912
35 15 -1 1016
35 14 -1 -1
35 13 107 224
35 12 -1 -1
35 11 -1 300
35 10 -1 758
35 9 -1 324
35 8 -1 426
35 7 -1 -1
35 6 -1 -1
35 5 138 320
35 4 -1 762
35 3 -1 366
35 2 -1 -1
35 1 -1 824
34 50 -1 -1
34 49 -1 -1
34 48 -1 770
34 47 -1 -1
34 46 -1 786
34 45 -1 930
34 44 -1 818
34 43 -1 -1
34 42 -1 -1
34 41 -1 858
34 40 -1 -1
34 39 -1 852
34 38 -1 -1
34 37 -1 968
34 36 -1 -1
34 35 -1 560
34 33 -1 692
34 32 -1 310
34 31 -1 -1
34 30 -1 532
34 29 -1 960
34 28 -1 -1
34 27 -1 -1
34 26 -1 -1
34 25 -1 -1
34 24 -1 734
34 23 273 548
34 22 -1 -1
34 21 243 620
34 20 -1 -1
34 19 -1 -1
34 18 -1 252
34 17 -1 -1
34 16 -1 -1
34 15 -1 -1
34 14 -1 -1
34 13 -1 636
34 12 -1 -1
34 11 -1 404
34 10 -1 766
34 9 -1 866
34 8 99 198
34 7 -1 -1
34 6 -1 -1
34 5 224 376
34 4 -1 580
34 3 -1 784
34 2 -1 -1
34 1 -1 1030
33 50 -1 624
33 49 -1 492
33 48 -1 552
33 47 -1 906
33 46 -1 894
33 45 -1 -1
33 44 152 440
33 43 -1 964
33 42 -1 1100
33 41 52 82
33 40 -1 -1
33 39 -1 622
33 38 -1 -1
33 37 -1 588
33 36 -1 -1
33 35 113 290
33 34 -1 636
33 32 151 286
33 31 -1 880
33 30 135 208
33 29 -1 748
33 28 -1 -1
33 27 -1 864
33 26 -1 900
33 25 -1 -1
33 24 -1 774
33 23 -1 1034
33 22 -1 -1
33 21 -1 998
33 20 -1 950
33 19 -1 930
33 18 -1 472
33 17 -1 410
33 16 -1 832
33 15 -1 1018
33 14 -1 -1
33 13 -1 360
33 12 -1 966
33 11 141 326
33 10 -1 878
33 9 179 320
33 8 -1 450
33 7 -1 820
33 6 -1 -1
33 5 -1 508
33 4 -1 618
33 3 -1 406
33 2 -1 -1
33 1 -1 646
32 50 -1 758
32 49 -1 632
32 48 -1 588
32 47 -1 -1
32 46 -1 914
32 45 -1 -1
32 44 -1 446
32 43 -1 -1
32 42 -1 -1
32 41 -1 408
32 40 -1 1140
32 39 -1 578
32 38 -1 -1
32 37 -1 724
32 36 -1 -1
32 35 88 166
32 34 -1 306
32 33 125 342
32 31 -1 1124
32 30 -1 248
32 29 -1 798
32 28 -1 -1
32 27 -1 1102
32 26 -1 -1
32 25 -1 -1
32 24 -1 746
32 23 -1 788
32 22 -1 -1
32 21 -1 924
32 20 -1 -1
32 19 -1 -1
32 18 70 200
32 17 -1 722
32 16 -1 1084
32 15 -1 -1
32 14 -1 -1
32 13 -1 346
32 12 -1 -1
32 11 91 196
32 10 -1 744
32 9 -1 434
32 8 -1 260
32 7 -1 -1
32 6 -1 -1
32 5 181 308
32 4 -1 456
32 3 -1 622
32 2 -1 -1
32 1 -1 980
31 50 -1 384
31 49 143 358
31 48 -1 886
31 47 -1 988
31 46 -1 -1
31 45 -1 -1
31 44 -1 1074
31 43 -1 -1
31 42 78 178
31 41 -1 728
31 40 -1 -1
31 39 -1 -1
31 38 -1 1058
31 37 -1 692
31 36 -1 -1
31 35 -1 974
31 34 -1 -1
31 33 -1 748
31 32 -1 -1
31 30 -1 912
31 29 -1 668
31 28 -1 1072
31 27 89 134
31 26 -1 -1
31 25 -1 1150
31 24 -1 1066
31 23 -1 -1
31 22 -1 1048
31 21 -1 -1
31 20 167 270
31 19 -1 -1
31 18 -1 -1
31 17 273 500
31 16 -1 670
31 15 207 572
31 14 -1 914
31 13 -1 776
31 12 -1 960
31 11 -1 -1
31 10 -1 -1
31 9 -1 668
31 8 -1 -1
31 7 -1 756
31 6 -1 636
31 5 -1 -1
31 4 -1 -1
31 3 -1 760
31 2 -1 896
31 1 -1 -1
30 50 -1 598
30 49 -1 508
30 48 -1 492
30 47 -1 1040
30 46 -1 1082
30 45 -1 -1
30 44 -1 568
30 43 -1 -1
30 42 -1 -1
30 41 -1 348
30 40 -1 -1
30 39 -1 688
30 38 -1 -1
30 37 -1 674
30 36 -1 -1
30 35 28 42
30 34 -1 622
30 33 104 280
30 32 -1 260
30 31 -1 1010
30 29 -1 698
30 28 -1 -1
30 27 -1 670
30 26 -1 -1
30 25 -1 -1
30 24 -1 480
30 23 -1 798
30 22 -1 -1
30 21 -1 766
30 20 -1 944
30 19 -1 1136
30 18 -1 358
30 17 -1 802
30 16 -1 1052
30 15 -1 1056
30 14 -1 -1
30 13 105 220
30 12 -1 1084
30 11 -1 312
30 10 -1 1084
30 9 134 254
30 8 -1 406
30 7 -1 -1
30 6 -1 -1
30 5 -1 364
30 4 -1 656
30 3 184 264
30 2 -1 -1
30 1 -1 1044
29 50 111 268
29 49 -1 438
29 48 202 428
29 47 -1 -1
29 46 -1 -1
29 45 -1 -1
29 44 -1 1112
29 43 -1 -1
29 42 400 664
29 41 -1 658
29 40 -1 -1
29 39 -1 -1
29 38 -1 -1
29 37 -1 844
29 36 -1 -1
29 35 -1 718
29 34 -1 1056
29 33 -1 702
29 32 -1 684
29 31 -1 558
29 30 -1 532
29 28 -1 -1
29 27 -1 372
29 26 -1 -1
29 25 -1 -1
29 24 221 454
29 23 -1 -1
29 22 -1 -1
29 21 -1 -1
29 20 -1 1020
29 19 -1 -1
29 18 -1 970
29 17 -1 832
29 16 -1 1052
29 15 -1 898
29 14 -1 -1
29 13 -1 472
29 12 -1 -1
29 11 -1 1068
29 10 -1 -1
29 9 172 316
29 8 -1 904
29 7 -1 1152
29 6 -1 -1
29 5 -1 644
29 4 -1 1114
29 3 142 260
29 2 -1 -1
29 1 -1 -1
28 50 -1 -1
28 49 -1 -1
28 48 -1 -1
28 47 -1 688
28 46 -1 -1
28 45 -1 -1
28 44 -1 -1
28 43 -1 562
28 42 -1 -1
28 41 -1 -1
28 40 -1 -1
28 39 -1 -1
28 38 43 84
28 37 -1 854
28 36 -1 442
28 35 -1 -1
28 34 -1 -1
28 33 -1 -1
28 32 -1 -1
28 31 -1 -1
28 30 -1 -1
28 29 -1 -1
28 27 -1 -1
28 26 -1 948
28 25 112 200
28 24 -1 -1
28 23 -1 -1
28 22 53 134
28 21 -1 -1
28 20 -1 924
28 19 -1 958
28 18 -1 -1
28 17 -1 -1
28 16 -1 730
28 15 -1 660
28 14 237 436
28 13 -1 -1
28 12 -1 372
28 11 -1 -1
28 10 -1 -1
28 9 -1 -1
28 8 -1 -1
28 7 -1 408
28 6 -1 738
28 5 -1 -1
28 4 -1 -1
28 3 -1 -1
28 2 -1 276
28 1 -1 864
27 50 95 230
27 49 127 254
27 48 -1 910
27 47 -1 1048
27 46 -1 -1
27 45 -1 -1
27 44 -1 776
27 43 -1 -1
27 42 143 308
27 41 -1 586
27 40 -1 -1
27 39 -1 1028
27 38 -1 -1
27 37 -1 816
27 36 -1 -1
27 35 -1 868
27 34 -1 -1
27 33 -1 598
27 32 -1 906
27 31 71 136
27 30 -1 942
27 29 -1 526
27 28 -1 -1
27 26 -1 -1
27 25 -1 -1
27 24 -1 956
27 23 -1 -1
27 22 -1 -1
27 21 -1 -1
27 20 -1 446
27 19 -1 -1
27 18 -1 1106
27 17 -1 446
27 16 -1 764
27 15 -1 538
27 14 -1 1006
27 13 -1 884
27 12 -1 754
27 11 -1 1014
27 10 -1 -1
27 9 -1 548
27 8 -1 -1
27 7 -1 936
27 6 -1 618
27 5 -1 918
27 4 -1 -1
27 3 -1 674
27 2 -1 -1
27 1 -1 980
26 50 -1 -1
26 49 -1 -1
26 48 -1 -1
26 47 -1 782
26 46 -1 714
26 45 -1 564
26 44 -1 804
26 43 241 374
26 42 -1 -1
26 41 -1 916
26 40 239 478
26 39 300 480
26 38 -1 962
26 37 -1 770
26 36 -1 506
26 35 -1 -1
26 34 -1 -1
26 33 -1 1142
26 32 -1 -1
26 31 -1 -1
26 30 -1 -1
26 29 -1 -1
26 28 -1 -1
26 27 -1 -1
26 25 -1 876
26 24 -1 -1
26 23 -1 862
26 22 -1 878
26 21 -1 -1
26 20 -1 -1
26 19 133 216
26 18 -1 -1
26 17 -1 916
26 16 -1 1016
26 15 -1 -1
26 14 -1 -1
26 13 -1 -1
26 12 -1 1042
26 11 -1 1012
26 10 360 528
26 9 -1 -1
26 8 -1 -1
26 7 -1 696
26 6 -1 -1
26 5 -1 -1
26 4 -1 942
26 3 -1 -1
26 2 -1 986
26 1 -1 418
25 50 -1 -1
25 49 -1 -1
25 48 -1 -1
25 47 -1 544
25 46 -1 -1
25 45 -1 -1
25 44 -1 1064
25 43 -1 524
25 42 -1 -1
25 41 -1 -1
25 40 636 -1
25 39 -1 1138
25 38 82 170
25 37 -1 1058
25 36 135 252
25 35 -1 -1
25 34 -1 -1
25 33 -1 -1
25 32 -1 -1
25 31 -1 -1
25 30 -1 -1
25 29 -1 -1
25 28 86 234
25 27 -1 -1
25 26 -1 812
25 24 -1 -1
25 23 -1 -1
25 22 -1 258
25 21 -1 -1
25 20 -1 978
25 19 -1 726
25 18 -1 -1
25 17 -1 1056
25 16 -1 742
25 15 -1 846
25 14 -1 606
25 13 -1 -1
25 12 -1 590
25 11 -1 -1
25 10 -1 -1
25 9 -1 -1
25 8 -1 -1
25 7 -1 472
25 6 -1 914
25 5 -1 -1
25 4 -1 -1
25 3 -1 -1
25 2 162 372
25 1 -1 724
24 50 -1 580
24 49 -1 774
24 48 19 48
24 47 -1 -1
24 46 -1 -1
24 45 -1 -1
24 44 -1 1086
24 43 -1 -1
24 42 -1 -1
24 41 -1 616
24 40 -1 -1
24 39 -1 -1
24 38 -1 -1
24 37 -1 -1
24 36 -1 -1
24 35 -1 496
24 34 -1 760
24 33 -1 542
24 32 -1 530
24 31 -1 958
24 30 -1 376
24 29 197 342
24 28 -1 -1
24 27 -1 948
24 26 -1 -1
24 25 -1 -1
24 23 -1 -1
24 22 -1 -1
24 21 -1 896
24 20 -1 -1
24 19 -1 -1
24 18 -1 676
24 17 -1 980
24 16 -1 -1
24 15 -1 -1
24 14 -1 -1
24 13 143 264
24 12 -1 -1
24 11 -1 722
24 10 -1 -1
24 9 -1 510
24 8 -1 782
24 7 -1 -1
24 6 -1 -1
24 5 -1 424
24 4 -1 1046
24 3 158 316
24 2 -1 -1
24 1 -1 -1
23 50 -1 -1
23 49 -1 -1
23 48 -1 -1
23 47 -1 -1
23 46 94 180
23 45 272 642
23 44 -1 762
23 43 -1 -1
23 42 -1 -1
23 41 -1 762
23 40 -1 722
23 39 -1 564
23 38 -1 -1
23 37 -1 1040
23 36 -1 -1
23 35 -1 898
23 34 282 628
23 33 -1 752
23 32 -1 768
23 31 -1 -1
23 30 -1 908
23 29 -1 -1
23 28 -1 -1
23 27 -1 -1
23 26 -1 776
23 25 -1 -1
23 24 -1 -1
23 22 -1 -1
23 21 642 -1
23 20 -1 -1
23 19 -1 1018
23 18 -1 622
23 17 -1 -1
23 16 -1 -1
23 15 -1 -1
23 14 -1 -1
23 13 -1 -1
23 12 -1 -1
23 11 -1 488
23 10 -1 252
23 9 -1 1146
23 8 284 486
23 7 -1 -1
23 6 -1 -1
23 5 -1 918
23 4 124 238
23 3 -1 1124
23 2 -1 -1
23 1 -1 1122
22 50 -1 -1
22 49 -1 1120
22 48 -1 -1
22 47 -1 504
22 46 -1 -1
22 45 -1 -1
22 44 -1 -1
22 43 -1 498
22 42 -1 978
22 41 -1 -1
22 40 -1 -1
22 39 -1 924
22 38 49 78
22 37 -1 844
22 36 -1 392
22 35 -1 -1
22 34 -1 -1
22 33 -1 -1
22 32 -1 -1
22 31 -1 -1
22 30 -1 -1
22 29 -1 -1
22 28 49 124
22 27 -1 1154
22 26 -1 980
22 25 -1 268
22 24 -1 -1
22 23 -1 -1
22 21 -1 -1
22 20 -1 844
22 19 -1 684
22 18 -1 -1
22 17 -1 1094
22 16 -1 604
22 15 -1 698
22 14 204 434
22 13 -1 -1
22 12 183 396
22 11 -1 -1
22 10 -1 -1
22 9 -1 -1
22 8 -1 -1
22 7 -1 386
22 6 -1 586
22 5 -1 -1
22 4 -1 -1
22 3 -1 -1
22 2 76 214
22 1 -1 676
21 50 -1 -1
21 49 -1 -1
21 48 354 730
21 47 -1 -1
21 46 -1 -1
21 45 979 -1
21 44 -1 -1
21 43 -1 -1
21 42 -1 -1
21 41 -1 1050
21 40 -1 -1
21 39 -1 -1
21 38 -1 -1
21 37 -1 -1
21 36 -1 -1
21 35 -1 834
21 34 304 544
21 33 -1 1144
21 32 -1 932
21 31 -1 -1
21 30 -1 788
21 29 -1 1050
21 28 -1 -1
21 27 -1 -1
21 26 -1 -1
21 25 -1 -1
21 24 -1 930
21 23 519 -1
21 22 -1 -1
21 20 -1 -1
21 19 -1 -1
21 18 -1 642
21 17 -1 -1
21 16 -1 -1
21 15 -1 -1
21 14 -1 -1
21 13 -1 876
21 12 -1 -1
21 11 -1 810
21 10 -1 -1
21 9 -1 1024
21 8 -1 896
21 7 -1 -1
21 6 -1 -1
21 5 248 588
21 4 -1 872
21 3 -1 946
21 2 -1 -1
21 1 -1 -1
20 50 -1 624
20 49 -1 588
20 48 -1 -1
20 47 -1 796
20 46 -1 -1
20 45 -1 -1
20 44 -1 954
20 43 -1 -1
20 42 96 234
20 41 -1 1048
20 40 -1 -1
20 39 -1 -1
20 38 -1 926
20 37 -1 768
20 36 -1 -1
20 35 -1 -1
20 34 -1 -1
20 33 -1 876
20 32 -1 -1
20 31 127 266
20 30 -1 978
20 29 -1 838
20 28 -1 -1
20 27 -1 520
20 26 -1 -1
20 25 -1 1140
20 24 -1 -1
20 23 -1 -1
20 22 -1 1016
20 21 -1 -1
20 19 -1 -1
20 18 -1 -1
20 17 -1 558
20 16 -1 630
20 15 217 440
20 14 -1 618
20 13 -1 1036
20 12 -1 680
20 11 -1 -1
20 10 -1 -1
20 9 -1 868
20 8 -1 -1
20 7 -1 874
20 6 146 336
20 5 -1 -1
20 4 -1 -1
20 3 -1 1074
20 2 -1 1034
20 1 -1 -1
19 50 -1 -1
19 49 -1 -1
19 48 -1 -1
19 47 -1 434
19 46 -1 794
19 45 -1 1112
19 44 -1 572
19 43 121 180
19 42 -1 -1
19 41 -1 786
19 40 -1 712
19 39 260 562
19 38 -1 646
19 37 -1 606
19 36 -1 332
19 35 -1 -1
19 34 -1 -1
19 33 -1 966
19 32 -1 -1
19 31 -1 1104
19 30 -1 -1
19 29 -1 -1
19 28 -1 938
19 27 -1 -1
19 26 127 262
19 25 -1 624
19 24 -1 -1
19 23 -1 986
19 22 -1 748
19 21 -1 -1
19 20 -1 -1
19 18 -1 -1
19 17 -1 716
19 16 -1 930
19 15 -1 1068
19 14 -1 1036
19 13 -1 -1
19 12 -1 748
19 11 -1 906
19 10 -1 818
19 9 -1 -1
19 8 -1 1104
19 7 -1 500
19 6 -1 -1
19 5 -1 -1
19 4 -1 812
19 3 -1 -1
19 2 -1 558
19 1 145 254
18 50 -1 -1
18 49 -1 958
18 48 -1 646
18 47 -1 998
18 46 -1 556
18 45 -1 1036
18 44 -1 570
18 43 -1 -1
18 42 -1 -1
18 41 -1 458
18 40 -1 -1
18 39 -1 748
18 38 -1 -1
18 37 -1 928
18 36 -1 -1
18 35 -1 286
18 34 -1 272
18 33 -1 448
18 32 71 158
18 31 -1 -1
18 30 -1 316
18 29 -1 1082
18 28 -1 -1
18 27 -1 1152
18 26 -1 -1
18 25 -1 -1
18 24 -1 780
18 23 -1 642
18 22 -1 -1
18 21 -1 870
18 20 -1 -1
18 19 -1 1130
18 17 -1 840
18 16 -1 -1
18 15 -1 1148
18 14 -1 -1
18 13 -1 598
18 12 -1 -1
18 11 64 180
18 10 -1 626
18 9 -1 634
18 8 43 86
18 7 -1 -1
18 6 -1 -1
18 5 204 366
18 4 176 342
18 3 -1 824
18 2 -1 -1
18 1 -1 988
17 50 -1 650
17 49 127 320
17 48 -1 902
17 47 -1 614
17 46 -1 -1
17 45 -1 -1
17 44 -1 554
17 43 -1 818
17 42 -1 520
17 41 194 412
17 40 -1 -1
17 39 -1 828
17 38 -1 1004
17 37 94 186
17 36 -1 1050
17 35 -1 802
17 34 -1 924
17 33 -1 538
17 32 -1 668
17 31 247 478
17 30 -1 772
17 29 -1 666
17 28 -1 918
17 27 -1 586
17 26 -1 -1
17 25 -1 -1
17 24 -1 1044
17 23 -1 -1
17 22 -1 994
17 21 -1 -1
17 20 -1 636
17 19 -1 984
17 18 -1 768
17 16 214 386
17 15 204 544
17 14 -1 740
17 13 -1 792
17 12 -1 614
17 11 -1 782
17 10 -1 1110
17 9 -1 476
17 8 -1 1150
17 7 -1 486
17 6 -1 652
17 5 -1 836
17 4 -1 1116
17 3 -1 764
17 2 -1 682
17 1 -1 700
16 50 -1 802
16 49 -1 500
16 48 -1 -1
16 47 127 256
16 46 -1 -1
16 45 -1 -1
16 44 -1 772
16 43 -1 810
16 42 -1 700
16 41 -1 860
16 40 -1 -1
16 39 -1 926
16 38 -1 504
16 37 179 282
16 36 -1 862
16 35 -1 -1
16 34 -1 -1
16 33 -1 844
16 32 -1 1122
16 31 -1 708
16 30 -1 -1
16 29 -1 970
16 28 -1 648
16 27 -1 676
16 26 -1 1004
16 25 -1 642
16 24 -1 1084
16 23 -1 -1
16 22 -1 540
16 21 -1 -1
16 20 -1 576
16 19 -1 804
16 18 -1 1066
16 17 191 462
16 15 106 200
16 14 -1 420
16 13 -1 -1
16 12 144 200
16 11 -1 -1
16 10 -1 -1
16 9 -1 798
16 8 -1 -1
16 7 138 226
16 6 -1 430
16 5 -1 -1
16 4 -1 -1
16 3 -1 916
16 2 -1 350
16 1 -1 468
15 50 -1 794
15 49 -1 704
15 48 -1 -1
15 47 -1 518
15 46 -1 -1
15 45 -1 -1
15 44 -1 898
15 43 -1 952
15 42 -1 616
15 41 -1 888
15 40 -1 -1
15 39 -1 1046
15 38 -1 618
15 37 -1 404
15 36 -1 934
15 35 -1 -1
15 34 -1 -1
15 33 -1 1034
15 32 -1 1002
15 31 246 464
15 30 -1 -1
15 29 -1 1094
15 28 -1 634
15 27 -1 678
15 26 -1 -1
15 25 -1 940
15 24 -1 -1
15 23 -1 -1
15 22 -1 688
15 21 -1 -1
15 20 182 412
15 19 -1 892
15 18 -1 -1
15 17 209 370
15 16 97 188
15 14 162 384
15 13 -1 -1
15 12 137 362
15 11 -1 -1
15 10 -1 -1
15 9 -1 762
15 8 -1 -1
15 7 -1 448
15 6 98 184
15 5 -1 -1
15 4 -1 -1
15 3 -1 1122
15 2 -1 584
15 1 -1 660
14 50 -1 1122
14 49 -1 990
14 48 -1 -1
14 47 -1 528
14 46 -1 -1
14 45 -1 -1
14 44 -1 -1
14 43 -1 982
14 42 -1 852
14 41 -1 -1
14 40 -1 -1
14 39 -1 -1
14 38 -1 540
14 37 -1 702
14 36 -1 742
14 35 -1 -1
14 34 -1 -1
14 33 -1 1154
14 32 -1 -1
14 31 -1 886
14 30 -1 -1
14 29 -1 -1
14 28 224 466
14 27 -1 864
14 26 -1 1130
14 25 -1 670
14 24 -1 -1
14 23 -1 -1
14 22 258 422
14 21 -1 -1
14 20 -1 634
14 19 -1 1104
14 18 -1 -1
14 17 -1 818
14 16 -1 530
14 15 203 340
14 13 -1 -1
14 12 160 242
14 11 -1 -1
14 10 -1 -1
14 9 -1 -1
14 8 -1 -1
14 7 -1 518
14 6 155 252
14 5 -1 -1
14 4 -1 -1
14 3 -1 -1
14 2 -1 456
14 1 -1 1108
13 50 -1 610
13 49 -1 812
13 48 166 276
13 47 -1 -1
13 46 -1 980
13 45 -1 -1
13 44 -1 822
13 43 -1 -1
13 42 -1 1108
13 41 -1 568
13 40 -1 -1
13 39 -1 886
13 38 -1 -1
13 37 -1 864
13 36 -1 -1
13 35 120 214
13 34 -1 736
13 33 -1 402
13 32 -1 436
13 31 -1 890
13 30 118 174
13 29 -1 448
13 28 -1 -1
13 27 -1 830
13 26 -1 -1
13 25 -1 -1
13 24 133 242
13 23 -1 1060
13 22 -1 -1
13 21 -1 926
13 20 -1 -1
13 19 -1 -1
13 18 -1 614
13 17 -1 780
13 16 -1 -1
13 15 -1 -1
13 14 -1 -1
13 12 -1 -1
13 11 -1 438
13 10 -1 1066
13 9 -1 370
13 8 -1 544
13 7 -1 -1
13 6 -1 -1
13 5 121 294
13 4 -1 958
13 3 122 242
13 2 -1 -1
13 1 -1 -1
12 50 -1 958
12 49 -1 910
12 48 -1 -1
12 47 -1 336
12 46 -1 -1
12 45 -1 -1
12 44 -1 846
12 43 -1 810
12 42 -1 746
12 41 -1 866
12 40 -1 -1
12 39 -1 866
12 38 -1 464
12 37 -1 462
12 36 -1 702
12 35 -1 -1
12 34 -1 -1
12 33 -1 -1
12 32 -1 -1
12 31 -1 882
12 30 -1 1084
12 29 -1 1140
12 28 -1 510
12 27 -1 768
12 26 -1 -1
12 25 -1 664
12 24 -1 -1
12 23 -1 -1
12 22 183 300
12 21 -1 -1
12 20 -1 662
12 19 -1 698
12 18 -1 -1
12 17 -1 740
12 16 99 216
12 15 156 356
12 14 146 296
12 13 -1 -1
12 11 -1 -1
12 10 -1 -1
12 9 -1 -1
12 8 -1 -1
12 7 123 224
12 6 -1 444
12 5 -1 -1
12 4 -1 -1
12 3 -1 -1
12 2 147 216
12 1 -1 706
11 50 -1 1008
11 49 -1 900
11 48 -1 660
11 47 -1 834
11 46 -1 712
11 45 -1 -1
11 44 182 324
11 43 -1 1154
11 42 -1 -1
11 41 -1 414
11 40 -1 1146
11 39 -1 464
11 38 -1 -1
11 37 -1 772
11 36 -1 -1
11 35 -1 304
11 34 -1 464
11 33 149 306
11 32 78 152
11 31 -1 -1
11 30 -1 360
11 29 -1 818
11 28 -1 -1
11 27 -1 1022
11 26 -1 818
11 25 -1 -1
11 24 -1 930
11 23 -1 576
11 22 -1 -1
11 21 -1 886
11 20 -1 -1
11 19 -1 1022
11 18 73 140
11 17 -1 662
11 16 -1 1024
11 15 -1 1036
11 14 -1 -1
11 13 -1 608
11 12 -1 -1
11 10 -1 482
11 9 -1 542
11 8 -1 222
11 7 -1 1040
11 6 -1 -1
11 5 -1 566
11 4 200 312
11 3 -1 808
11 2 -1 -1
11 1 -1 740
10 50 -1 -1
10 49 -1 -1
10 48 -1 -1
10 47 -1 1088
10 46 69 162
10 45 291 484
10 44 -1 446
10 43 -1 1004
10 42 -1 -1
10 41 -1 890
10 40 399 782
10 39 169 280
10 38 -1 -1
10 37 -1 914
10 36 -1 934
10 35 -1 786
10 34 -1 816
10 33 -1 860
10 32 -1 744
10 31 -1 -1
10 30 -1 844
10 29 -1 -1
10 28 -1 -1
10 27 -1 -1
10 26 265 676
10 25 -1 -1
10 24 -1 -1
10 23 -1 314
10 22 -1 -1
10 21 -1 -1
10 20 -1 -1
10 19 -1 708
10 18 -1 602
10 17 -1 -1
10 16 -1 -1
10 15 -1 -1
10 14 -1 -1
10 13 -1 1026
10 12 -1 -1
10 11 -1 470
10 9 -1 -1
10 8 -1 548
10 7 -1 1114
10 6 -1 -1
10 5 -1 1072
10 4 127 224
10 3 -1 -1
10 2 -1 1038
10 1 -1 620
9 50 201 392
9 49 187 288
9 48 -1 524
9 47 -1 858
9 46 -1 -1
9 45 -1 -1
9 44 -1 652
9 43 -1 -1
9 42 -1 778
9 41 154 288
9 40 -1 -1
9 39 -1 806
9 38 -1 -1
9 37 -1 736
9 36 -1 -1
9 35 -1 404
9 34 -1 1016
9 33 179 340
9 32 -1 554
9 31 -1 674
9 30 167 296
9 29 178 416
9 28 -1 -1
9 27 -1 476
9 26 -1 -1
9 25 -1 -1
9 24 -1 528
9 23 -1 1056
9 22 -1 -1
9 21 -1 1150
9 20 -1 738
9 19 -1 -1
9 18 -1 740
9 17 -1 478
9 16 -1 1028
9 15 -1 842
9 14 -1 1112
9 13 -1 386
9 12 -1 -1
9 11 -1 686
9 10 -1 -1
9 8 -1 922
9 7 -1 916
9 6 -1 1002
9 5 -1 518
9 4 -1 956
9 3 76 174
9 2 -1 -1
9 1 -1 1150
8 50 -1 -1
8 49 -1 1062
8 48 -1 890
8 47 -1 -1
8 46 -1 598
8 45 -1 894
8 44 -1 606
8 43 -1 -1
8 42 -1 -1
8 41 -1 628
8 40 -1 -1
8 39 -1 638
8 38 -1 -1
8 37 -1 984
8 36 -1 -1
8 35 -1 476
8 34 106 186
8 33 -1 438
8 32 -1 260
8 31 -1 -1
8 30 -1 464
8 29 -1 -1
8 28 -1 -1
8 27 -1 1122
8 26 -1 1020
8 25 -1 -1
8 24 -1 860
8 23 304 518
8 22 -1 -1
8 21 -1 846
8 20 -1 -1
8 19 -1 -1
8 18 40 118
8 17 -1 1030
8 16 -1 -1
8 15 -1 -1
8 14 -1 -1
8 13 -1 534
8 12 -1 -1
8 11 -1 212
8 10 -1 668
8 9 -1 814
8 7 -1 -1
8 6 -1 -1
8 5 180 452
8 4 210 412
8 3 -1 936
8 2 -1 -1
8 1 -1 888
7 50 -1 -1
7 49 -1 786
7 48 -1 -1
7 47 57 102
7 46 -1 -1
7 45 -1 -1
7 44 -1 642
7 43 -1 502
7 42 -1 1050
7 41 -1 800
7 40 -1 -1
7 39 -1 654
7 38 -1 372
7 37 -1 368
7 36 -1 416
7 35 -1 -1
7 34 -1 -1
7 33 -1 810
7 32 -1 1138
7 31 -1 882
7 30 -1 1138
7 29 -1 -1
7 28 -1 414
7 27 -1 784
7 26 -1 890
7 25 -1 586
7 24 -1 -1
7 23 -1 -1
7 22 -1 396
7 21 -1 -1
7 20 -1 952
7 19 -1 506
7 18 -1 1070
7 17 -1 494
7 16 123 284
7 15 -1 426
7 14 -1 540
7 13 -1 -1
7 12 140 222
7 11 -1 1062
7 10 -1 -1
7 9 -1 -1
7 8 -1 -1
7 6 -1 648
7 5 -1 -1
7 4 -1 1034
7 3 -1 -1
7 2 97 196
7 1 -1 384
6 50 -1 1082
6 49 -1 840
6 48 -1 -1
6 47 -1 644
6 46 -1 -1
6 45 -1 -1
6 44 -1 1002
6 43 -1 -1
6 42 -1 616
6 41 -1 950
6 40 -1 -1
6 39 -1 -1
6 38 -1 800
6 37 -1 630
6 36 -1 882
6 35 -1 -1
6 34 -1 -1
6 33 -1 1136
6 32 -1 -1
6 31 -1 630
6 30 -1 -1
6 29 -1 1004
6 28 -1 850
6 27 -1 662
6 26 -1 -1
6 25 -1 916
6 24 -1 -1
6 23 -1 -1
6 22 -1 716
6 21 -1 -1
6 20 139 392
6 19 -1 -1
6 18 -1 -1
6 17 -1 616
6 16 -1 432
6 15 99 196
6 14 130 300
6 13 -1 -1
6 12 -1 362
6 11 -1 -1
6 10 -1 -1
6 9 -1 1082
6 8 -1 -1
6 7 -1 642
6 5 -1 -1
6 4 -1 -1
6 3 -1 1114
6 2 -1 536
6 1 -1 930
5 50 -1 796
5 49 -1 792
5 48 238 476
5 47 -1 -1
5 46 -1 822
5 45 -1 -1
5 44 -1 862
5 43 -1 -1
5 42 -1 -1
5 41 -1 638
5 40 -1 -1
5 39 -1 912
5 38 -1 -1
5 37 -1 964
5 36 -1 -1
5 35 125 276
5 34 215 456
5 33 -1 570
5 32 158 326
5 31 -1 1052
5 30 -1 264
5 29 -1 770
5 28 -1 -1
5 27 -1 -1
5 26 -1 -1
5 25 -1 -1
5 24 -1 482
5 23 -1 866
5 22 -1 -1
5 21 241 614
5 20 -1 -1
5 19 -1 -1
5 18 231 394
5 17 -1 1128
5 16 -1 -1
5 15 -1 -1
5 14 -1 -1
5 13 132 214
5 12 -1 -1
5 11 -1 570
5 10 -1 1078
5 9 -1 530
5 8 205 342
5 7 -1 -1
5 6 -1 -1
5 4 -1 646
5 3 -1 552
5 2 -1 -1
5 1 -1 -1
4 50 -1 -1
4 49 -1 1008
4 48 -1 -1
4 47 -1 -1
4 46 141 276
4 45 -1 624
4 44 256 426
4 43 -1 1144
4 42 -1 -1
4 41 -1 654
4 40 -1 1020
4 39 168 354
4 38 -1 -1
4 37 -1 944
4 36 -1 -1
4 35 -1 598
4 34 -1 402
4 33 -1 622
4 32 -1 500
4 31 -1 -1
4 30 -1 628
4 29 -1 1108
4 28 -1 -1
4 27 -1 -1
4 26 -1 674
4 25 -1 -1
4 24 -1 -1
4 23 136 232
4 22 -1 -1
4 21 -1 1038
4 20 -1 -1
4 19 -1 860
4 18 221 344
4 17 -1 1064
4 16 -1 1018
4 15 -1 -1
4 14 -1 -1
4 13 -1 788
4 12 -1 -1
4 11 182 346
4 10 120 228
4 9 -1 1090
4 8 164 406
4 7 -1 -1
4 6 -1 -1
4 5 -1 626
4 3 -1 1066
4 2 -1 -1
4 1 -1 750
3 50 -1 404
3 49 -1 548
3 48 -1 348
3 47 -1 1028
3 46 -1 1094
3 45 -1 -1
3 44 -1 664
3 43 -1 -1
3 42 -1 880
3 41 -1 474
3 40 -1 -1
3 39 -1 982
3 38 -1 -1
3 37 -1 690
3 36 -1 -1
3 35 -1 432
3 34 -1 872
3 33 -1 402
3 32 -1 552
3 31 -1 642
3 30 133 330
3 29 131 250
3 28 -1 -1
3 27 -1 616
3 26 -1 -1
3 25 -1 -1
3 24 133 296
3 23 -1 -1
3 22 -1 -1
3 21 -1 1086
3 20 -1 -1
3 19 -1 -1
3 18 -1 726
3 17 -1 584
3 16 -1 1006
3 15 -1 966
3 14 -1 -1
3 13 131 234
3 12 -1 -1
3 11 -1 716
3 10 -1 1124
3 9 101 148
3 8 -1 732
3 7 -1 -1
3 6 -1 1046
3 5 -1 454
3 4 -1 1046
3 2 -1 -1
3 1 -1 1020
2 50 -1 -1
2 49 -1 -1
2 48 -1 -1
2 47 130 270
2 46 -1 -1
2 45 -1 -1
2 44 -1 750
2 43 -1 482
2 42 -1 -1
2 41 -1 1076
2 40 -1 -1
2 39 -1 1118
2 38 103 222
2 37 -1 712
2 36 225 484
2 35 -1 -1
2 34 -1 -1
2 33 -1 1036
2 32 -1 -1
2 31 -1 846
2 30 -1 1124
2 29 -1 -1
2 28 -1 310
2 27 -1 -1
2 26 -1 1004
2 25 161 328
2 24 -1 -1
2 23 -1 -1
2 22 112 182
2 21 -1 -1
2 20 -1 890
2 19 -1 536
2 18 -1 -1
2 17 -1 818
2 16 -1 372
2 15 -1 544
2 14 -1 382
2 13 -1 -1
2 12 140 264
2 11 -1 -1
2 10 -1 -1
2 9 -1 -1
2 8 -1 -1
2 7 94 210
2 6 -1 522
2 5 -1 -1
2 4 -1 -1
2 3 -1 -1
2 1 -1 630
1 50 -1 1004
1 49 -1 968
1 48 -1 -1
1 47 167 294
1 46 -1 1016
1 45 -1 980
1 44 187 516
1 43 178 446
1 42 -1 -1
1 41 -1 694
1 40 -1 884
1 39 229 334
1 38 -1 688
1 37 168 452
1 36 -1 520
1 35 -1 -1
1 34 -1 1036
1 33 -1 908
1 32 -1 -1
1 31 -1 1074
1 30 -1 1006
1 29 -1 -1
1 28 -1 710
1 27 -1 1034
1 26 -1 556
1 25 -1 670
1 24 -1 -1
1 23 -1 1140
1 22 -1 822
1 21 -1 -1
1 20 -1 1016
1 19 166 328
1 18 -1 906
1 17 -1 500
1 16 -1 604
1 15 -1 748
1 14 -1 898
1 13 -1 -1
1 12 -1 616
1 11 -1 908
1 10 -1 676
1 9 -1 -1
1 8 -1 -1
1 7 -1 358
1 6 -1 1130
1 5 -1 -1
1 4 -1 982
1 3 -1 -1
1 2 -1 454
