nnodes narcs source target type
10 90 2 3 drone_routing_pli_project2
nodename posx posy
10 170.354 370.348
9 543.106 779.788
8 177.094 660.641
7 732.693 279.944
6 971.862 451.813
5 256.869 850.988
4 169.171 477.105
3 518.233 865.638
2 788.599 198.069
1 524.84 272.854
tail head car_cost drone_cost
10 9 -1 -1
10 8 -1 142
10 7 -1 -1
10 6 -1 -1
10 5 -1 -1
10 4 122 52
10 3 -1 -1
10 2 588 -1
10 1 385 152
9 10 -1 -1
9 8 460 -1
9 7 511 -1
9 6 498 -1
9 5 274 140
9 4 473 -1
9 3 103 38
9 2 -1 -1
9 1 581 -1
8 10 -1 170
8 9 370 -1
8 7 -1 -1
8 6 -1 -1
8 5 220 104
8 4 205 76
8 3 -1 172
8 2 -1 -1
8 1 -1 -1
7 10 -1 -1
7 9 531 -1
7 8 -1 -1
7 6 301 160
7 5 -1 -1
7 4 -1 -1
7 3 -1 -1
7 2 89 44
7 1 222 94
6 10 -1 -1
6 9 639 -1
6 8 -1 -1
6 7 309 144
6 5 -1 -1
6 4 -1 -1
6 3 526 -1
6 2 253 -1
6 1 -1 -1
5 10 -1 -1
5 9 337 174
5 8 176 118
5 7 -1 -1
5 6 -1 -1
5 4 -1 -1
5 3 314 124
5 2 -1 -1
5 1 -1 -1
4 10 128 48
4 9 469 -1
4 8 151 100
4 7 -1 -1
4 6 -1 -1
4 5 -1 172
4 3 -1 -1
4 2 -1 -1
4 1 402 -1
3 10 -1 -1
3 9 73 50
3 8 -1 182
3 7 -1 -1
3 6 683 -1
3 5 247 114
3 4 -1 -1
3 2 -1 -1
3 1 -1 -1
2 10 542 -1
2 9 -1 -1
2 8 -1 -1
2 7 110 50
2 6 361 156
2 5 -1 -1
2 4 -1 -1
2 3 -1 -1
2 1 306 156
1 10 352 148
1 9 595 -1
1 8 -1 -1
1 7 219 86
1 6 -1 -1
1 5 -1 -1
1 4 454 -1
1 3 -1 -1
1 2 228 152
