nnodes narcs source target type
50 2450 37 33 drone_routing_pli_project2
nodename posx posy
50 920.574 3.40011
49 121.3 117.664
48 228.58 984.55
47 104.79 67.3954
46 455.309 210.132
45 431.035 813.444
44 311.024 850.63
43 393.687 207.332
42 653.518 32.2673
41 568.537 120.65
40 99.8224 184.451
39 481.517 535.211
38 451.108 725.892
37 39.8762 528.416
36 112.917 796.155
35 161.674 943.032
34 237.152 456.745
33 262.222 730.469
32 1.2558 58.3692
31 616.942 663.315
30 302.097 885.499
29 513.893 936.681
28 252.313 442.23
27 103.227 463.561
26 597.471 890.237
25 934.435 746.014
24 442.228 855.491
23 6.47672 635
22 198.543 609.662
21 323.826 125.034
20 211.685 138.647
19 207.937 347.634
18 139.709 827.551
17 135.458 896.491
16 465.894 21.2827
15 510.284 538.285
14 914.442 24.5556
13 296.743 721.587
12 467.928 755.911
11 788.292 311.839
10 897.465 197.942
9 324.264 857.388
8 507.414 530.33
7 532.589 868.111
6 256.372 792.962
5 627.09 987.452
4 682.985 612.102
3 553.675 217.735
2 573.263 801.507
1 912.433 159.083
tail head car_cost drone_cost
50 49 -1 -1
50 48 -1 -1
50 47 -1 -1
50 46 -1 1002
50 45 -1 -1
50 44 -1 -1
50 43 -1 1020
50 42 263 556
50 41 -1 682
50 40 -1 -1
50 39 -1 -1
50 38 -1 -1
50 37 -1 -1
50 36 -1 -1
50 35 -1 -1
50 34 -1 -1
50 33 -1 -1
50 32 -1 -1
50 31 -1 -1
50 30 -1 -1
50 29 -1 -1
50 28 -1 -1
50 27 -1 -1
50 26 -1 -1
50 25 799 -1
50 24 -1 -1
50 23 -1 -1
50 22 -1 -1
50 21 -1 -1
50 20 -1 -1
50 19 -1 -1
50 18 -1 -1
50 17 -1 -1
50 16 406 828
50 15 -1 -1
50 14 24 36
50 13 -1 -1
50 12 -1 -1
50 11 -1 640
50 10 -1 438
50 9 -1 -1
50 8 -1 1084
50 7 -1 -1
50 6 -1 -1
50 5 -1 -1
50 4 -1 -1
50 3 -1 948
50 2 -1 -1
50 1 186 328
49 50 -1 -1
49 48 -1 -1
49 47 60 88
49 46 -1 770
49 45 -1 -1
49 44 -1 -1
49 43 -1 622
49 42 -1 864
49 41 -1 784
49 40 84 144
49 39 -1 1110
49 38 -1 -1
49 37 -1 826
49 36 -1 -1
49 35 -1 -1
49 34 -1 598
49 33 -1 -1
49 32 115 248
49 31 -1 -1
49 30 -1 -1
49 29 -1 -1
49 28 -1 660
49 27 -1 740
49 26 -1 -1
49 25 -1 -1
49 24 -1 -1
49 23 -1 -1
49 22 -1 954
49 21 -1 388
49 20 97 162
49 19 -1 532
49 18 -1 -1
49 17 -1 -1
49 16 -1 822
49 15 -1 -1
49 14 -1 -1
49 13 -1 1024
49 12 -1 -1
49 11 -1 -1
49 10 -1 -1
49 9 -1 -1
49 8 -1 -1
49 7 -1 -1
49 6 -1 -1
49 5 -1 -1
49 4 -1 -1
49 3 -1 772
49 2 -1 -1
49 1 -1 -1
48 50 -1 -1
48 49 -1 -1
48 47 -1 -1
48 46 -1 -1
48 45 -1 596
48 44 -1 314
48 43 -1 -1
48 42 -1 -1
48 41 -1 -1
48 40 -1 -1
48 39 -1 -1
48 38 -1 602
48 37 -1 1008
48 36 -1 490
48 35 65 152
48 34 -1 1100
48 33 -1 416
48 32 -1 -1
48 31 -1 978
48 30 129 254
48 29 288 512
48 28 -1 -1
48 27 -1 928
48 26 -1 846
48 25 -1 -1
48 24 -1 596
48 23 -1 954
48 22 -1 828
48 21 -1 -1
48 20 -1 -1
48 19 -1 1082
48 18 -1 324
48 17 -1 222
48 16 -1 -1
48 15 -1 1034
48 14 -1 -1
48 13 -1 642
48 12 -1 758
48 11 -1 -1
48 10 -1 -1
48 9 -1 304
48 8 -1 864
48 7 -1 662
48 6 -1 432
48 5 394 666
48 4 -1 -1
48 3 -1 -1
48 2 -1 932
48 1 -1 -1
47 50 -1 -1
47 49 48 92
47 48 -1 -1
47 46 -1 686
47 45 -1 -1
47 44 -1 -1
47 43 -1 630
47 42 -1 922
47 41 -1 830
47 40 -1 222
47 39 -1 -1
47 38 -1 -1
47 37 -1 936
47 36 -1 -1
47 35 -1 -1
47 34 -1 836
47 33 -1 -1
47 32 125 200
47 31 -1 -1
47 30 -1 -1
47 29 -1 -1
47 28 -1 666
47 27 -1 896
47 26 -1 -1
47 25 -1 -1
47 24 -1 -1
47 23 -1 1036
47 22 -1 -1
47 21 253 440
47 20 144 258
47 19 -1 514
47 18 -1 -1
47 17 -1 -1
47 16 421 772
47 15 -1 -1
47 14 -1 -1
47 13 -1 -1
47 12 -1 -1
47 11 -1 -1
47 10 -1 -1
47 9 -1 -1
47 8 -1 -1
47 7 -1 -1
47 6 -1 -1
47 5 -1 -1
47 4 -1 -1
47 3 -1 818
47 2 -1 -1
47 1 -1 -1
46 50 -1 1076
46 49 -1 590
46 48 -1 -1
46 47 -1 762
46 45 -1 -1
46 44 -1 -1
46 43 74 146
46 42 -1 480
46 41 153 334
46 40 -1 724
46 39 336 700
46 38 -1 944
46 37 -1 852
46 36 -1 -1
46 35 -1 -1
46 34 -1 578
46 33 -1 1074
46 32 -1 -1
46 31 -1 782
46 30 -1 -1
46 29 -1 -1
46 28 -1 674
46 27 -1 726
46 26 -1 -1
46 25 -1 -1
46 24 -1 1100
46 23 -1 1096
46 22 -1 830
46 21 -1 256
46 20 -1 572
46 19 -1 602
46 18 -1 -1
46 17 -1 -1
46 16 201 316
46 15 -1 746
46 14 -1 904
46 13 -1 1040
46 12 -1 -1
46 11 -1 820
46 10 -1 1016
46 9 -1 -1
46 8 288 774
46 7 -1 -1
46 6 -1 -1
46 5 -1 -1
46 4 -1 768
46 3 101 230
46 2 -1 1042
46 1 -1 1062
45 50 -1 -1
45 49 -1 -1
45 48 -1 606
45 47 -1 -1
45 46 -1 -1
45 44 149 260
45 43 -1 -1
45 42 -1 -1
45 41 -1 -1
45 40 -1 -1
45 39 -1 546
45 38 107 216
45 37 -1 1110
45 36 -1 714
45 35 -1 620
45 34 -1 876
45 33 -1 306
45 32 -1 -1
45 31 -1 458
45 30 -1 268
45 29 -1 284
45 28 -1 804
45 27 -1 1066
45 26 -1 298
45 25 -1 1016
45 24 51 92
45 23 -1 826
45 22 -1 594
45 21 -1 -1
45 20 -1 -1
45 19 -1 874
45 18 -1 662
45 17 -1 498
45 16 -1 -1
45 15 -1 498
45 14 -1 -1
45 13 135 332
45 12 73 146
45 11 -1 -1
45 10 -1 -1
45 9 109 186
45 8 -1 602
45 7 129 228
45 6 -1 326
45 5 -1 512
45 4 -1 672
45 3 -1 -1
45 2 -1 246
45 1 -1 -1
44 50 -1 -1
44 49 -1 -1
44 48 -1 296
44 47 -1 -1
44 46 -1 -1
44 45 117 294
44 43 -1 -1
44 42 -1 -1
44 41 -1 -1
44 40 -1 -1
44 39 -1 736
44 38 -1 304
44 37 -1 734
44 36 -1 394
44 35 -1 316
44 34 -1 790
44 33 -1 256
44 32 -1 -1
44 31 -1 672
44 30 34 70
44 29 -1 502
44 28 -1 780
44 27 -1 852
44 26 -1 612
44 25 -1 1082
44 24 -1 284
44 23 -1 720
44 22 -1 442
44 21 -1 -1
44 20 -1 -1
44 19 -1 980
44 18 -1 392
44 17 -1 294
44 16 -1 -1
44 15 -1 738
44 14 -1 -1
44 13 107 310
44 12 -1 342
44 11 -1 -1
44 10 -1 -1
44 9 17 30
44 8 -1 776
44 7 -1 504
44 6 92 142
44 5 -1 720
44 4 -1 730
44 3 -1 -1
44 2 -1 552
44 1 -1 -1
43 50 -1 -1
43 49 -1 470
43 48 -1 -1
43 47 -1 538
43 46 72 112
43 45 -1 -1
43 44 -1 -1
43 42 -1 558
43 41 -1 316
43 40 -1 622
43 39 278 638
43 38 -1 1088
43 37 -1 910
43 36 -1 -1
43 35 -1 -1
43 34 -1 496
43 33 -1 -1
43 32 -1 696
43 31 -1 -1
43 30 -1 -1
43 29 -1 -1
43 28 277 640
43 27 -1 744
43 26 -1 -1
43 25 -1 -1
43 24 -1 1080
43 23 -1 974
43 22 -1 984
43 21 111 258
43 20 165 374
43 19 237 540
43 18 -1 -1
43 17 -1 -1
43 16 211 358
43 15 -1 654
43 14 -1 -1
43 13 -1 994
43 12 -1 -1
43 11 -1 894
43 10 -1 886
43 9 -1 -1
43 8 -1 588
43 7 -1 -1
43 6 -1 -1
43 5 -1 -1
43 4 -1 1064
43 3 -1 298
43 2 -1 -1
43 1 -1 870
42 50 278 450
42 49 -1 932
42 48 -1 -1
42 47 -1 -1
42 46 -1 556
42 45 -1 -1
42 44 -1 -1
42 43 -1 556
42 41 108 278
42 40 -1 1000
42 39 -1 -1
42 38 -1 -1
42 37 -1 -1
42 36 -1 -1
42 35 -1 -1
42 34 -1 1074
42 33 -1 -1
42 32 -1 -1
42 31 -1 -1
42 30 -1 -1
42 29 -1 -1
42 28 -1 -1
42 27 -1 -1
42 26 -1 -1
42 25 -1 -1
42 24 -1 -1
42 23 -1 -1
42 22 -1 -1
42 21 -1 782
42 20 -1 754
42 19 -1 916
42 18 -1 -1
42 17 -1 -1
42 16 161 390
42 15 -1 998
42 14 225 610
42 13 -1 -1
42 12 -1 -1
42 11 324 526
42 10 270 670
42 9 -1 -1
42 8 -1 -1
42 7 -1 -1
42 6 -1 -1
42 5 -1 -1
42 4 -1 1110
42 3 -1 442
42 2 -1 -1
42 1 276 484
41 50 -1 794
41 49 -1 1064
41 48 -1 -1
41 47 -1 796
41 46 154 290
41 45 -1 -1
41 44 -1 -1
41 43 -1 360
41 42 144 254
41 40 -1 918
41 39 -1 926
41 38 -1 -1
41 37 -1 -1
41 36 -1 -1
41 35 -1 -1
41 34 -1 900
41 33 -1 -1
41 32 -1 -1
41 31 -1 -1
41 30 -1 -1
41 29 -1 -1
41 28 -1 914
41 27 -1 952
41 26 -1 -1
41 25 -1 -1
41 24 -1 -1
41 23 -1 -1
41 22 -1 -1
41 21 -1 578
41 20 -1 708
41 19 -1 754
41 18 -1 -1
41 17 -1 -1
41 16 147 256
41 15 -1 820
41 14 -1 794
41 13 -1 1078
41 12 -1 -1
41 11 326 478
41 10 -1 706
41 9 -1 -1
41 8 -1 848
41 7 -1 -1
41 6 -1 -1
41 5 -1 -1
41 4 -1 1012
41 3 99 168
41 2 -1 -1
41 1 -1 700
40 50 -1 -1
40 49 72 122
40 48 -1 -1
40 47 -1 212
40 46 -1 708
40 45 -1 -1
40 44 -1 -1
40 43 -1 592
40 42 -1 930
40 41 -1 906
40 39 -1 956
40 38 -1 -1
40 37 302 754
40 36 -1 1076
40 35 -1 -1
40 34 -1 638
40 33 -1 1064
40 32 159 366
40 31 -1 -1
40 30 -1 -1
40 29 -1 -1
40 28 -1 576
40 27 225 594
40 26 -1 -1
40 25 -1 -1
40 24 -1 -1
40 23 -1 1048
40 22 -1 748
40 21 -1 468
40 20 129 210
40 19 222 314
40 18 -1 -1
40 17 -1 -1
40 16 -1 858
40 15 -1 948
40 14 -1 -1
40 13 -1 978
40 12 -1 -1
40 11 -1 -1
40 10 -1 -1
40 9 -1 -1
40 8 -1 -1
40 7 -1 -1
40 6 -1 -1
40 5 -1 -1
40 4 -1 -1
40 3 -1 1054
40 2 -1 -1
40 1 -1 -1
39 50 -1 -1
39 49 -1 1030
39 48 -1 -1
39 47 -1 -1
39 46 289 526
39 45 -1 562
39 44 -1 660
39 43 322 802
39 42 -1 866
39 41 -1 688
39 40 -1 978
39 38 223 312
39 37 -1 814
39 36 -1 1074
39 35 -1 -1
39 34 272 518
39 33 -1 648
39 32 -1 -1
39 31 -1 396
39 30 -1 892
39 29 -1 662
39 28 210 446
39 27 -1 766
39 26 -1 724
39 25 -1 1080
39 24 -1 556
39 23 -1 824
39 22 333 634
39 21 -1 964
39 20 -1 898
39 19 -1 606
39 18 -1 946
39 17 -1 -1
39 16 -1 -1
39 15 27 48
39 14 -1 -1
39 13 314 510
39 12 -1 484
39 11 -1 872
39 10 -1 970
39 9 -1 622
39 8 25 64
39 7 -1 726
39 6 -1 572
39 5 -1 786
39 4 -1 392
39 3 -1 524
39 2 -1 496
39 1 -1 -1
38 50 -1 -1
38 49 -1 -1
38 48 -1 720
38 47 -1 -1
38 46 -1 1012
38 45 79 164
38 44 -1 394
38 43 -1 1034
38 42 -1 -1
38 41 -1 -1
38 40 -1 -1
38 39 181 436
38 37 -1 880
38 36 -1 568
38 35 -1 648
38 34 -1 644
38 33 -1 344
38 32 -1 -1
38 31 207 302
38 30 -1 504
38 29 -1 354
38 28 -1 746
38 27 -1 712
38 26 -1 496
38 25 -1 812
38 24 -1 282
38 23 -1 1060
38 22 -1 478
38 21 -1 1020
38 20 -1 -1
38 19 -1 938
38 18 -1 602
38 17 -1 664
38 16 -1 -1
38 15 166 452
38 14 -1 -1
38 13 156 274
38 12 42 80
38 11 -1 1058
38 10 -1 -1
38 9 -1 314
38 8 -1 452
38 7 -1 364
38 6 -1 424
38 5 -1 734
38 4 -1 504
38 3 -1 -1
38 2 -1 236
38 1 -1 -1
37 50 -1 -1
37 49 -1 708
37 48 -1 -1
37 47 -1 832
37 46 -1 944
37 45 -1 1060
37 44 -1 744
37 43 -1 912
37 42 -1 -1
37 41 -1 -1
37 40 368 838
37 39 -1 798
37 38 -1 1036
37 36 -1 488
37 35 -1 870
37 34 -1 448
37 33 -1 652
37 32 474 890
37 31 -1 -1
37 30 -1 806
37 29 -1 1106
37 28 -1 396
37 27 106 190
37 26 -1 -1
37 25 -1 -1
37 24 -1 868
37 23 116 232
37 22 165 410
37 21 -1 1080
37 20 -1 818
37 19 -1 468
37 18 -1 550
37 17 -1 752
37 16 -1 -1
37 15 -1 1070
37 14 -1 -1
37 13 -1 750
37 12 -1 -1
37 11 -1 -1
37 10 -1 -1
37 9 -1 728
37 8 -1 1056
37 7 -1 -1
37 6 -1 670
37 5 -1 -1
37 4 -1 -1
37 3 -1 1108
37 2 -1 1062
37 1 -1 -1
36 50 -1 -1
36 49 -1 -1
36 48 -1 456
36 47 -1 -1
36 46 -1 -1
36 45 -1 736
36 44 -1 334
36 43 -1 -1
36 42 -1 -1
36 41 -1 -1
36 40 -1 -1
36 39 -1 836
36 38 -1 624
36 37 -1 524
36 35 -1 308
36 34 -1 582
36 33 156 386
36 32 -1 -1
36 31 -1 900
36 30 -1 368
36 29 -1 822
36 28 -1 686
36 27 -1 704
36 26 -1 1042
36 25 -1 -1
36 24 -1 626
36 23 176 314
36 22 217 374
36 21 -1 -1
36 20 -1 -1
36 19 -1 910
36 18 43 80
36 17 87 220
36 16 -1 -1
36 15 -1 974
36 14 -1 -1
36 13 -1 350
36 12 -1 678
36 11 -1 -1
36 10 -1 -1
36 9 -1 402
36 8 -1 806
36 7 -1 994
36 6 158 338
36 5 -1 -1
36 4 -1 -1
36 3 -1 -1
36 2 -1 1020
36 1 -1 -1
35 50 -1 -1
35 49 -1 -1
35 48 70 174
35 47 -1 -1
35 46 -1 -1
35 45 -1 700
35 44 -1 358
35 43 -1 -1
35 42 -1 -1
35 41 -1 -1
35 40 -1 -1
35 39 -1 -1
35 38 -1 786
35 37 -1 962
35 36 -1 274
35 34 -1 -1
35 33 -1 406
35 32 -1 -1
35 31 -1 1110
35 30 143 284
35 29 -1 726
35 28 -1 938
35 27 -1 856
35 26 -1 812
35 25 -1 -1
35 24 -1 510
35 23 -1 650
35 22 -1 686
35 21 -1 -1
35 20 -1 -1
35 19 -1 1010
35 18 -1 202
35 17 58 108
35 16 -1 -1
35 15 -1 1102
35 14 -1 -1
35 13 -1 442
35 12 -1 608
35 11 -1 -1
35 10 -1 -1
35 9 -1 364
35 8 -1 -1
35 7 -1 906
35 6 -1 404
35 5 -1 850
35 4 -1 -1
35 3 -1 -1
35 2 -1 950
35 1 -1 -1
34 50 -1 -1
34 49 -1 584
34 48 -1 900
34 47 -1 776
34 46 -1 726
34 45 -1 794
34 44 -1 686
34 43 -1 566
34 42 -1 1080
34 41 -1 -1
34 40 -1 598
34 39 307 528
34 38 -1 646
34 37 -1 412
34 36 -1 794
34 35 -1 824
34 33 -1 456
34 32 -1 894
34 31 -1 1034
34 30 -1 846
34 29 -1 -1
34 28 21 50
34 27 155 270
34 26 -1 -1
34 25 -1 -1
34 24 -1 868
34 23 -1 654
34 22 149 264
34 21 -1 688
34 20 -1 656
34 19 104 208
34 18 -1 814
34 17 -1 1002
34 16 -1 874
34 15 -1 564
34 14 -1 -1
34 13 -1 652
34 12 -1 728
34 11 -1 -1
34 10 -1 -1
34 9 -1 764
34 8 -1 488
34 7 -1 978
34 6 -1 768
34 5 -1 -1
34 4 -1 932
34 3 -1 756
34 2 -1 -1
34 1 -1 -1
33 50 -1 -1
33 49 -1 -1
33 48 -1 508
33 47 -1 1098
33 46 -1 -1
33 45 -1 346
33 44 -1 260
33 43 -1 -1
33 42 -1 -1
33 41 -1 -1
33 40 -1 1072
33 39 -1 472
33 38 -1 328
33 37 -1 524
33 36 151 324
33 35 -1 430
33 34 -1 610
33 32 -1 -1
33 31 -1 864
33 30 -1 292
33 29 -1 526
33 28 -1 630
33 27 -1 720
33 26 -1 848
33 25 -1 -1
33 24 -1 370
33 23 -1 506
33 22 127 308
33 21 -1 1084
33 20 -1 1064
33 19 -1 706
33 18 -1 334
33 17 -1 450
33 16 -1 -1
33 15 -1 738
33 14 -1 -1
33 13 42 84
33 12 -1 460
33 11 -1 -1
33 10 -1 -1
33 9 -1 276
33 8 -1 534
33 7 -1 496
33 6 54 124
33 5 -1 916
33 4 -1 954
33 3 -1 -1
33 2 -1 638
33 1 -1 -1
32 50 -1 -1
32 49 148 276
32 48 -1 -1
32 47 98 200
32 46 -1 1062
32 45 -1 -1
32 44 -1 -1
32 43 -1 846
32 42 -1 -1
32 41 -1 -1
32 40 181 354
32 39 -1 -1
32 38 -1 -1
32 37 438 848
32 36 -1 -1
32 35 -1 -1
32 34 -1 900
32 33 -1 -1
32 31 -1 -1
32 30 -1 -1
32 29 -1 -1
32 28 -1 980
32 27 -1 734
32 26 -1 -1
32 25 -1 -1
32 24 -1 -1
32 23 653 -1
32 22 -1 -1
32 21 -1 572
32 20 -1 440
32 19 -1 602
32 18 -1 -1
32 17 -1 -1
32 16 440 980
32 15 -1 -1
32 14 -1 -1
32 13 -1 -1
32 12 -1 -1
32 11 -1 -1
32 10 -1 -1
32 9 -1 -1
32 8 -1 -1
32 7 -1 -1
32 6 -1 -1
32 5 -1 -1
32 4 -1 -1
32 3 -1 -1
32 2 -1 -1
32 1 -1 -1
31 50 -1 -1
31 49 -1 -1
31 48 -1 -1
31 47 -1 -1
31 46 -1 1092
31 45 -1 554
31 44 -1 814
31 43 -1 1044
31 42 -1 1024
31 41 -1 1056
31 40 -1 -1
31 39 -1 394
31 38 160 320
31 37 -1 -1
31 36 -1 -1
31 35 -1 -1
31 34 -1 800
31 33 -1 838
31 32 -1 -1
31 30 -1 780
31 29 -1 586
31 28 -1 968
31 27 -1 1102
31 26 -1 502
31 25 275 604
31 24 -1 554
31 23 -1 -1
31 22 -1 854
31 21 -1 -1
31 20 -1 -1
31 19 -1 932
31 18 -1 882
31 17 -1 1074
31 16 -1 -1
31 15 155 368
31 14 -1 -1
31 13 -1 526
31 12 195 412
31 11 -1 876
31 10 -1 1006
31 9 -1 584
31 8 -1 394
31 7 -1 466
31 6 -1 744
31 5 -1 744
31 4 97 190
31 3 -1 882
31 2 169 240
31 1 -1 -1
30 50 -1 -1
30 49 -1 -1
30 48 117 288
30 47 -1 -1
30 46 -1 -1
30 45 -1 292
30 44 36 66
30 43 -1 -1
30 42 -1 -1
30 41 -1 -1
30 40 -1 -1
30 39 -1 816
30 38 -1 514
30 37 -1 838
30 36 -1 368
30 35 166 326
30 34 -1 914
30 33 -1 288
30 32 -1 -1
30 31 -1 834
30 29 251 366
30 28 -1 1052
30 27 -1 896
30 26 -1 586
30 25 -1 -1
30 24 158 340
30 23 -1 636
30 22 -1 620
30 21 -1 -1
30 20 -1 -1
30 19 -1 -1
30 18 -1 390
30 17 187 328
30 16 -1 -1
30 15 -1 838
30 14 -1 -1
30 13 -1 320
30 12 -1 442
30 11 -1 -1
30 10 -1 -1
30 9 30 84
30 8 -1 906
30 7 -1 456
30 6 95 198
30 5 -1 580
30 4 -1 980
30 3 -1 -1
30 2 -1 636
30 1 -1 -1
29 50 -1 -1
29 49 -1 -1
29 48 288 644
29 47 -1 -1
29 46 -1 -1
29 45 -1 270
29 44 -1 404
29 43 -1 -1
29 42 -1 -1
29 41 -1 -1
29 40 -1 -1
29 39 -1 742
29 38 -1 430
29 37 -1 -1
29 36 -1 700
29 35 -1 666
29 34 -1 1100
29 33 -1 528
29 32 -1 -1
29 31 -1 654
29 30 177 450
29 28 -1 -1
29 27 -1 -1
29 26 103 168
29 25 -1 894
29 24 129 228
29 23 -1 -1
29 22 -1 758
29 21 -1 -1
29 20 -1 -1
29 19 -1 -1
29 18 -1 700
29 17 -1 824
29 16 -1 -1
29 15 -1 750
29 14 -1 -1
29 13 -1 526
29 12 -1 414
29 11 -1 -1
29 10 -1 -1
29 9 -1 340
29 8 -1 940
29 7 84 142
29 6 -1 674
29 5 111 220
29 4 -1 606
29 3 -1 -1
29 2 -1 270
29 1 -1 -1
28 50 -1 -1
28 49 -1 590
28 48 -1 1092
28 47 -1 954
28 46 -1 526
28 45 -1 940
28 44 -1 938
28 43 286 656
28 42 -1 -1
28 41 -1 972
28 40 -1 634
28 39 258 518
28 38 -1 658
28 37 -1 384
28 36 -1 652
28 35 -1 1002
28 34 24 38
28 33 -1 612
28 32 -1 1096
28 31 -1 890
28 30 -1 790
28 29 -1 -1
28 27 -1 246
28 26 -1 1014
28 25 -1 -1
28 24 -1 776
28 23 -1 726
28 22 -1 288
28 21 -1 768
28 20 -1 674
28 19 107 226
28 18 -1 866
28 17 -1 752
28 16 -1 800
28 15 -1 598
28 14 -1 -1
28 13 -1 516
28 12 -1 712
28 11 -1 -1
28 10 -1 -1
28 9 -1 1008
28 8 -1 544
28 7 -1 -1
28 6 -1 738
28 5 -1 -1
28 4 -1 810
28 3 -1 762
28 2 -1 1106
28 1 -1 -1
27 50 -1 -1
27 49 -1 742
27 48 -1 1008
27 47 -1 634
27 46 -1 1014
27 45 -1 770
27 44 -1 1002
27 43 -1 868
27 42 -1 -1
27 41 -1 -1
27 40 254 638
27 39 -1 628
27 38 -1 764
27 37 86 200
27 36 -1 762
27 35 -1 -1
27 34 141 256
27 33 -1 692
27 32 -1 812
27 31 -1 1034
27 30 -1 900
27 29 -1 -1
27 28 -1 352
27 26 -1 -1
27 25 -1 -1
27 24 -1 -1
27 23 -1 408
27 22 202 282
27 21 -1 896
27 20 -1 642
27 19 168 316
27 18 -1 670
27 17 -1 816
27 16 -1 -1
27 15 -1 698
27 14 -1 -1
27 13 -1 648
27 12 -1 962
27 11 -1 -1
27 10 -1 -1
27 9 -1 786
27 8 -1 946
27 7 -1 1048
27 6 -1 682
27 5 -1 -1
27 4 -1 -1
27 3 -1 918
27 2 -1 -1
27 1 -1 -1
26 50 -1 -1
26 49 -1 -1
26 48 -1 850
26 47 -1 -1
26 46 -1 -1
26 45 -1 414
26 44 -1 640
26 43 -1 -1
26 42 -1 -1
26 41 -1 -1
26 40 -1 -1
26 39 -1 672
26 38 -1 432
26 37 -1 -1
26 36 -1 1084
26 35 -1 1022
26 34 -1 1042
26 33 -1 634
26 32 -1 -1
26 31 -1 478
26 30 -1 520
26 29 99 168
26 28 -1 998
26 27 -1 -1
26 25 343 816
26 24 -1 274
26 23 -1 -1
26 22 -1 954
26 21 -1 -1
26 20 -1 -1
26 19 -1 -1
26 18 -1 918
26 17 -1 878
26 16 -1 -1
26 15 -1 790
26 14 -1 -1
26 13 -1 698
26 12 -1 342
26 11 -1 -1
26 10 -1 -1
26 9 -1 550
26 8 -1 714
26 7 70 116
26 6 -1 612
26 5 93 232
26 4 -1 480
26 3 -1 -1
26 2 99 170
26 1 -1 -1
25 50 892 -1
25 49 -1 -1
25 48 -1 -1
25 47 -1 -1
25 46 -1 -1
25 45 -1 1062
25 44 -1 -1
25 43 -1 -1
25 42 -1 -1
25 41 -1 -1
25 40 -1 -1
25 39 -1 934
25 38 -1 -1
25 37 -1 -1
25 36 -1 -1
25 35 -1 -1
25 34 -1 -1
25 33 -1 -1
25 32 -1 -1
25 31 391 704
25 30 -1 -1
25 29 -1 1036
25 28 -1 -1
25 27 -1 -1
25 26 399 786
25 24 -1 892
25 23 -1 -1
25 22 -1 -1
25 21 -1 -1
25 20 -1 -1
25 19 -1 -1
25 18 -1 -1
25 17 -1 -1
25 16 -1 -1
25 15 -1 -1
25 14 -1 -1
25 13 -1 -1
25 12 -1 782
25 11 509 922
25 10 644 -1
25 9 -1 1064
25 8 -1 826
25 7 -1 890
25 6 -1 -1
25 5 335 642
25 4 311 566
25 3 -1 -1
25 2 308 770
25 1 585 -1
24 50 -1 -1
24 49 -1 -1
24 48 -1 586
24 47 -1 -1
24 46 -1 -1
24 45 41 82
24 44 -1 292
24 43 -1 -1
24 42 -1 -1
24 41 -1 -1
24 40 -1 -1
24 39 -1 718
24 38 -1 306
24 37 -1 836
24 36 -1 618
24 35 -1 610
24 34 -1 834
24 33 -1 418
24 32 -1 -1
24 31 -1 540
24 30 119 242
24 29 107 186
24 28 -1 848
24 27 -1 870
24 26 -1 334
24 25 -1 -1
24 23 -1 916
24 22 -1 682
24 21 -1 -1
24 20 -1 -1
24 19 -1 -1
24 18 -1 612
24 17 -1 684
24 16 -1 -1
24 15 -1 716
24 14 -1 -1
24 13 -1 468
24 12 -1 198
24 11 -1 1036
24 10 -1 -1
24 9 127 258
24 8 -1 766
24 7 94 190
24 6 -1 370
24 5 -1 368
24 4 -1 740
24 3 -1 -1
24 2 -1 254
24 1 -1 -1
23 50 -1 -1
23 49 -1 -1
23 48 -1 738
23 47 -1 -1
23 46 -1 1074
23 45 -1 980
23 44 -1 622
23 43 -1 -1
23 42 -1 -1
23 41 -1 -1
23 40 -1 914
23 39 -1 998
23 38 -1 840
23 37 106 238
23 36 187 460
23 35 -1 644
23 34 -1 548
23 33 -1 508
23 32 522 -1
23 31 -1 -1
23 30 -1 922
23 29 -1 -1
23 28 -1 630
23 27 -1 446
23 26 -1 -1
23 25 -1 -1
23 24 -1 942
23 22 189 364
23 21 -1 -1
23 20 -1 -1
23 19 -1 618
23 18 -1 514
23 17 332 500
23 16 -1 -1
23 15 -1 1078
23 14 -1 -1
23 13 -1 682
23 12 -1 1046
23 11 -1 -1
23 10 -1 -1
23 9 -1 828
23 8 -1 -1
23 7 -1 -1
23 6 -1 638
23 5 -1 -1
23 4 -1 -1
23 3 -1 -1
23 2 -1 -1
23 1 -1 -1
22 50 -1 -1
22 49 -1 816
22 48 -1 872
22 47 -1 1038
22 46 -1 1058
22 45 -1 544
22 44 -1 520
22 43 -1 942
22 42 -1 -1
22 41 -1 -1
22 40 -1 770
22 39 347 588
22 38 -1 544
22 37 170 404
22 36 182 464
22 35 -1 612
22 34 151 336
22 33 163 318
22 32 -1 -1
22 31 -1 896
22 30 -1 536
22 29 -1 994
22 28 -1 294
22 27 195 306
22 26 -1 1026
22 25 -1 -1
22 24 -1 622
22 23 226 366
22 21 -1 930
22 20 -1 900
22 19 -1 550
22 18 -1 414
22 17 -1 696
22 16 -1 -1
22 15 -1 580
22 14 -1 -1
22 13 133 242
22 12 -1 546
22 11 -1 -1
22 10 -1 -1
22 9 -1 642
22 8 -1 678
22 7 -1 892
22 6 -1 324
22 5 -1 -1
22 4 -1 906
22 3 -1 -1
22 2 -1 872
22 1 -1 -1
21 50 -1 -1
21 49 -1 436
21 48 -1 -1
21 47 248 486
21 46 -1 328
21 45 -1 -1
21 44 -1 -1
21 43 121 230
21 42 -1 632
21 41 -1 430
21 40 -1 418
21 39 -1 878
21 38 -1 -1
21 37 -1 916
21 36 -1 -1
21 35 -1 -1
21 34 -1 614
21 33 -1 1068
21 32 -1 734
21 31 -1 -1
21 30 -1 -1
21 29 -1 -1
21 28 -1 570
21 27 -1 786
21 26 -1 -1
21 25 -1 -1
21 24 -1 -1
21 23 -1 -1
21 22 -1 894
21 20 128 198
21 19 -1 510
21 18 -1 -1
21 17 -1 -1
21 16 146 310
21 15 -1 884
21 14 -1 1042
21 13 -1 -1
21 12 -1 -1
21 11 -1 -1
21 10 -1 -1
21 9 -1 -1
21 8 -1 920
21 7 -1 -1
21 6 -1 1082
21 5 -1 -1
21 4 -1 -1
21 3 -1 456
21 2 -1 -1
21 1 -1 -1
20 50 -1 -1
20 49 88 210
20 48 -1 -1
20 47 125 292
20 46 -1 544
20 45 -1 -1
20 44 -1 -1
20 43 176 450
20 42 -1 954
20 41 -1 806
20 40 136 226
20 39 -1 836
20 38 -1 1110
20 37 -1 830
20 36 -1 -1
20 35 -1 -1
20 34 -1 698
20 33 -1 -1
20 32 -1 526
20 31 -1 -1
20 30 -1 -1
20 29 -1 -1
20 28 -1 618
20 27 -1 574
20 26 -1 -1
20 25 -1 -1
20 24 -1 -1
20 23 -1 954
20 22 -1 818
20 21 116 184
20 19 213 472
20 18 -1 -1
20 17 -1 -1
20 16 -1 520
20 15 -1 1104
20 14 -1 -1
20 13 -1 -1
20 12 -1 -1
20 11 -1 1092
20 10 -1 -1
20 9 -1 -1
20 8 -1 800
20 7 -1 -1
20 6 -1 -1
20 5 -1 -1
20 4 -1 1086
20 3 -1 614
20 2 -1 -1
20 1 -1 -1
19 50 -1 -1
19 49 -1 454
19 48 -1 -1
19 47 -1 672
19 46 -1 592
19 45 -1 -1
19 44 -1 -1
19 43 267 540
19 42 -1 986
19 41 -1 896
19 40 166 420
19 39 -1 700
19 38 -1 1002
19 37 -1 524
19 36 -1 868
19 35 -1 -1
19 34 109 224
19 33 -1 626
19 32 -1 754
19 31 -1 910
19 30 -1 966
19 29 -1 -1
19 28 109 240
19 27 186 300
19 26 -1 -1
19 25 -1 -1
19 24 -1 1048
19 23 -1 842
19 22 -1 506
19 21 -1 498
19 20 245 390
19 18 -1 862
19 17 -1 1076
19 16 -1 772
19 15 -1 766
19 14 -1 -1
19 13 -1 854
19 12 -1 778
19 11 -1 -1
19 10 -1 -1
19 9 -1 -1
19 8 -1 790
19 7 -1 -1
19 6 -1 724
19 5 -1 -1
19 4 -1 -1
19 3 -1 648
19 2 -1 -1
19 1 -1 -1
18 50 -1 -1
18 49 -1 -1
18 48 -1 350
18 47 -1 -1
18 46 -1 -1
18 45 -1 696
18 44 -1 298
18 43 -1 -1
18 42 -1 -1
18 41 -1 -1
18 40 -1 -1
18 39 -1 760
18 38 -1 570
18 37 -1 536
18 36 46 100
18 35 -1 262
18 34 -1 688
18 33 -1 288
18 32 -1 -1
18 31 -1 1098
18 30 -1 408
18 29 -1 682
18 28 -1 762
18 27 -1 616
18 26 -1 908
18 25 -1 -1
18 24 -1 692
18 23 -1 400
18 22 -1 454
18 21 -1 -1
18 20 -1 -1
18 19 -1 1006
18 17 73 162
18 16 -1 -1
18 15 -1 924
18 14 -1 -1
18 13 -1 444
18 12 -1 558
18 11 -1 -1
18 10 -1 -1
18 9 -1 376
18 8 -1 888
18 7 -1 804
18 6 126 224
18 5 -1 1096
18 4 -1 1058
18 3 -1 -1
18 2 -1 1034
18 1 -1 -1
17 50 -1 -1
17 49 -1 -1
17 48 -1 294
17 47 -1 -1
17 46 -1 -1
17 45 -1 572
17 44 -1 394
17 43 -1 -1
17 42 -1 -1
17 41 -1 -1
17 40 -1 -1
17 39 -1 924
17 38 -1 710
17 37 -1 850
17 36 98 206
17 35 47 116
17 34 -1 974
17 33 -1 414
17 32 -1 -1
17 31 -1 872
17 30 179 354
17 29 -1 846
17 28 -1 904
17 27 -1 834
17 26 -1 1072
17 25 -1 -1
17 24 -1 536
17 23 281 574
17 22 -1 652
17 21 -1 -1
17 20 -1 -1
17 19 -1 896
17 18 64 112
17 16 -1 -1
17 15 -1 880
17 14 -1 -1
17 13 -1 460
17 12 -1 608
17 11 -1 -1
17 10 -1 -1
17 9 -1 450
17 8 -1 860
17 7 -1 744
17 6 180 372
17 5 -1 828
17 4 -1 -1
17 3 -1 -1
17 2 -1 1048
17 1 -1 -1
16 50 543 1076
16 49 -1 832
16 48 -1 -1
16 47 323 768
16 46 195 386
16 45 -1 -1
16 44 -1 -1
16 43 206 476
16 42 160 410
16 41 125 252
16 40 -1 674
16 39 -1 974
16 38 -1 -1
16 37 -1 -1
16 36 -1 -1
16 35 -1 -1
16 34 -1 1060
16 33 -1 -1
16 32 384 1038
16 31 -1 -1
16 30 -1 -1
16 29 -1 -1
16 28 -1 938
16 27 -1 -1
16 26 -1 -1
16 25 -1 -1
16 24 -1 -1
16 23 -1 -1
16 22 -1 -1
16 21 191 402
16 20 -1 584
16 19 -1 898
16 18 -1 -1
16 17 -1 -1
16 15 -1 850
16 14 -1 812
16 13 -1 -1
16 12 -1 -1
16 11 -1 898
16 10 -1 858
16 9 -1 -1
16 8 -1 890
16 7 -1 -1
16 6 -1 -1
16 5 -1 -1
16 4 -1 1016
16 3 -1 388
16 2 -1 -1
16 1 -1 760
15 50 -1 -1
15 49 -1 928
15 48 -1 -1
15 47 -1 1080
15 46 -1 652
15 45 -1 462
15 44 -1 822
15 43 -1 624
15 42 -1 -1
15 41 -1 992
15 40 -1 -1
15 39 27 48
15 38 218 332
15 37 -1 968
15 36 -1 1048
15 35 -1 1030
15 34 -1 650
15 33 -1 684
15 32 -1 -1
15 31 138 264
15 30 -1 826
15 29 -1 692
15 28 -1 586
15 27 -1 686
15 26 -1 816
15 25 -1 1108
15 24 -1 536
15 23 -1 1044
15 22 -1 686
15 21 -1 950
15 20 -1 912
15 19 -1 822
15 18 -1 1010
15 17 -1 988
15 16 -1 906
15 14 -1 1104
15 13 -1 486
15 12 -1 476
15 11 -1 702
15 10 -1 1108
15 9 -1 846
15 8 9 16
15 7 -1 730
15 6 -1 772
15 5 -1 784
15 4 172 330
15 3 -1 652
15 2 -1 562
15 1 -1 1008
14 50 19 46
14 49 -1 -1
14 48 -1 -1
14 47 -1 -1
14 46 -1 1066
14 45 -1 -1
14 44 -1 -1
14 43 -1 1092
14 42 270 524
14 41 -1 638
14 40 -1 -1
14 39 -1 -1
14 38 -1 -1
14 37 -1 -1
14 36 -1 -1
14 35 -1 -1
14 34 -1 -1
14 33 -1 -1
14 32 -1 -1
14 31 -1 -1
14 30 -1 -1
14 29 -1 -1
14 28 -1 -1
14 27 -1 -1
14 26 -1 -1
14 25 -1 -1
14 24 -1 -1
14 23 -1 -1
14 22 -1 -1
14 21 -1 -1
14 20 -1 -1
14 19 -1 -1
14 18 -1 -1
14 17 -1 -1
14 16 -1 834
14 15 -1 -1
14 13 -1 -1
14 12 -1 -1
14 11 -1 748
14 10 -1 334
14 9 -1 -1
14 8 -1 -1
14 7 -1 -1
14 6 -1 -1
14 5 -1 -1
14 4 -1 -1
14 3 -1 834
14 2 -1 -1
14 1 136 256
13 50 -1 -1
13 49 -1 -1
13 48 -1 592
13 47 -1 -1
13 46 -1 1006
13 45 179 274
13 44 139 230
13 43 -1 -1
13 42 -1 -1
13 41 -1 -1
13 40 -1 942
13 39 263 624
13 38 173 348
13 37 -1 608
13 36 -1 350
13 35 -1 428
13 34 -1 544
13 33 38 84
13 32 -1 -1
13 31 -1 718
13 30 -1 390
13 29 -1 730
13 28 -1 660
13 27 -1 714
13 26 -1 698
13 25 -1 -1
13 24 -1 424
13 23 -1 604
13 22 151 274
13 21 -1 -1
13 20 -1 -1
13 19 -1 712
13 18 -1 422
13 17 -1 546
13 16 -1 -1
13 15 -1 540
13 14 -1 -1
13 12 -1 410
13 11 -1 -1
13 10 -1 -1
13 9 -1 240
13 8 -1 656
13 7 -1 638
13 6 97 198
13 5 -1 744
13 4 -1 868
13 3 -1 -1
13 2 -1 570
13 1 -1 -1
12 50 -1 -1
12 49 -1 -1
12 48 -1 730
12 47 -1 -1
12 46 -1 892
12 45 79 140
12 44 -1 312
12 43 -1 -1
12 42 -1 -1
12 41 -1 -1
12 40 -1 -1
12 39 -1 386
12 38 30 82
12 37 -1 1006
12 36 -1 602
12 35 -1 632
12 34 -1 694
12 33 -1 420
12 32 -1 -1
12 31 189 292
12 30 -1 492
12 29 -1 398
12 28 -1 884
12 27 -1 898
12 26 -1 356
12 25 -1 750
12 24 -1 240
12 23 -1 1034
12 22 -1 552
12 21 -1 -1
12 20 -1 -1
12 19 -1 830
12 18 -1 770
12 17 -1 752
12 16 -1 -1
12 15 -1 452
12 14 -1 -1
12 13 -1 310
12 11 -1 -1
12 10 -1 -1
12 9 -1 354
12 8 -1 424
12 7 119 282
12 6 -1 404
12 5 -1 668
12 4 -1 536
12 3 -1 1034
12 2 133 248
12 1 -1 -1
11 50 -1 704
11 49 -1 -1
11 48 -1 -1
11 47 -1 -1
11 46 -1 822
11 45 -1 -1
11 44 -1 -1
11 43 -1 850
11 42 327 736
11 41 320 508
11 40 -1 -1
11 39 -1 704
11 38 -1 -1
11 37 -1 -1
11 36 -1 -1
11 35 -1 -1
11 34 -1 -1
11 33 -1 -1
11 32 -1 -1
11 31 -1 846
11 30 -1 -1
11 29 -1 -1
11 28 -1 972
11 27 -1 -1
11 26 -1 1084
11 25 439 866
11 24 -1 1090
11 23 -1 -1
11 22 -1 -1
11 21 -1 846
11 20 -1 -1
11 19 -1 -1
11 18 -1 -1
11 17 -1 -1
11 16 -1 1038
11 15 -1 860
11 14 -1 710
11 13 -1 1064
11 12 -1 -1
11 10 147 322
11 9 -1 -1
11 8 301 706
11 7 -1 1038
11 6 -1 -1
11 5 -1 -1
11 4 338 702
11 3 265 546
11 2 -1 -1
11 1 -1 410
10 50 -1 404
10 49 -1 -1
10 48 -1 -1
10 47 -1 -1
10 46 -1 998
10 45 -1 -1
10 44 -1 -1
10 43 -1 1056
10 42 253 570
10 41 -1 804
10 40 -1 -1
10 39 -1 -1
10 38 -1 -1
10 37 -1 -1
10 36 -1 -1
10 35 -1 -1
10 34 -1 -1
10 33 -1 -1
10 32 -1 -1
10 31 -1 -1
10 30 -1 -1
10 29 -1 -1
10 28 -1 -1
10 27 -1 -1
10 26 -1 -1
10 25 595 -1
10 24 -1 -1
10 23 -1 -1
10 22 -1 -1
10 21 -1 -1
10 20 -1 -1
10 19 -1 -1
10 18 -1 -1
10 17 -1 -1
10 16 -1 1092
10 15 -1 -1
10 14 -1 412
10 13 -1 -1
10 12 -1 -1
10 11 145 318
10 9 -1 -1
10 8 -1 954
10 7 -1 -1
10 6 -1 -1
10 5 -1 -1
10 4 -1 1040
10 3 -1 632
10 2 -1 -1
10 1 50 72
9 50 -1 -1
9 49 -1 -1
9 48 -1 310
9 47 -1 -1
9 46 -1 -1
9 45 136 202
9 44 16 28
9 43 -1 -1
9 42 -1 -1
9 41 -1 -1
9 40 -1 -1
9 39 -1 790
9 38 -1 396
9 37 -1 784
9 36 -1 404
9 35 -1 354
9 34 -1 980
9 33 -1 272
9 32 -1 -1
9 31 -1 742
9 30 36 60
9 29 -1 462
9 28 -1 906
9 27 -1 766
9 26 -1 646
9 25 -1 1084
9 24 130 192
9 23 -1 814
9 22 -1 592
9 21 -1 -1
9 20 -1 -1
9 19 -1 -1
9 18 -1 410
9 17 -1 456
9 16 -1 -1
9 15 -1 604
9 14 -1 -1
9 13 -1 250
9 12 -1 322
9 11 -1 -1
9 10 -1 -1
9 8 -1 702
9 7 -1 480
9 6 -1 172
9 5 -1 734
9 4 -1 884
9 3 -1 -1
9 2 -1 586
9 1 -1 -1
8 50 -1 -1
8 49 -1 -1
8 48 -1 1080
8 47 -1 -1
8 46 377 598
8 45 -1 626
8 44 -1 612
8 43 -1 634
8 42 -1 -1
8 41 -1 738
8 40 -1 1084
8 39 23 50
8 38 -1 328
8 37 -1 828
8 36 -1 960
8 35 -1 968
8 34 -1 456
8 33 -1 656
8 32 -1 -1
8 31 -1 356
8 30 -1 824
8 29 -1 906
8 28 -1 454
8 27 -1 692
8 26 -1 658
8 25 -1 1098
8 24 -1 762
8 23 -1 994
8 22 -1 588
8 21 -1 906
8 20 -1 822
8 19 -1 584
8 18 -1 1010
8 17 -1 1030
8 16 -1 1108
8 15 9 16
8 14 -1 -1
8 13 -1 668
8 12 -1 446
8 11 313 650
8 10 -1 996
8 9 -1 628
8 7 -1 684
8 6 -1 616
8 5 -1 858
8 4 228 342
8 3 377 572
8 2 -1 500
8 1 -1 -1
7 50 -1 -1
7 49 -1 -1
7 48 -1 552
7 47 -1 -1
7 46 -1 -1
7 45 130 218
7 44 -1 504
7 43 -1 -1
7 42 -1 -1
7 41 -1 -1
7 40 -1 -1
7 39 -1 546
7 38 -1 378
7 37 -1 1088
7 36 -1 696
7 35 -1 770
7 34 -1 934
7 33 -1 716
7 32 -1 -1
7 31 -1 488
7 30 -1 398
7 29 77 170
7 28 -1 1082
7 27 -1 -1
7 26 81 130
7 25 -1 980
7 24 83 188
7 23 -1 -1
7 22 -1 838
7 21 -1 -1
7 20 -1 -1
7 19 -1 -1
7 18 -1 712
7 17 -1 686
7 16 -1 -1
7 15 -1 636
7 14 -1 -1
7 13 -1 590
7 12 149 238
7 11 -1 -1
7 10 -1 -1
7 9 -1 364
7 8 -1 594
7 6 -1 552
7 5 -1 340
7 4 -1 600
7 3 -1 -1
7 2 70 148
7 1 -1 -1
6 50 -1 -1
6 49 -1 -1
6 48 -1 336
6 47 -1 -1
6 46 -1 1020
6 45 -1 406
6 44 84 146
6 43 -1 -1
6 42 -1 -1
6 41 -1 -1
6 40 -1 -1
6 39 -1 562
6 38 -1 364
6 37 -1 564
6 36 148 320
6 35 -1 314
6 34 -1 540
6 33 62 148
6 32 -1 -1
6 31 -1 640
6 30 123 168
6 29 -1 482
6 28 -1 794
6 27 -1 644
6 26 -1 700
6 25 -1 -1
6 24 -1 374
6 23 -1 556
6 22 -1 334
6 21 -1 -1
6 20 -1 -1
6 19 -1 794
6 18 138 260
6 17 154 310
6 16 -1 -1
6 15 -1 582
6 14 -1 -1
6 13 82 164
6 12 -1 502
6 11 -1 -1
6 10 -1 -1
6 9 -1 206
6 8 -1 646
6 7 -1 584
6 5 -1 824
6 4 -1 970
6 3 -1 -1
6 2 -1 656
6 1 -1 -1
5 50 -1 -1
5 49 -1 -1
5 48 474 768
5 47 -1 -1
5 46 -1 -1
5 45 -1 472
5 44 -1 624
5 43 -1 -1
5 42 -1 -1
5 41 -1 -1
5 40 -1 -1
5 39 -1 766
5 38 -1 716
5 37 -1 -1
5 36 -1 1022
5 35 -1 902
5 34 -1 -1
5 33 -1 990
5 32 -1 -1
5 31 -1 522
5 30 -1 588
5 29 144 264
5 28 -1 -1
5 27 -1 -1
5 26 92 192
5 25 376 730
5 24 -1 404
5 23 -1 -1
5 22 -1 -1
5 21 -1 -1
5 20 -1 -1
5 19 -1 -1
5 18 -1 1002
5 17 -1 964
5 16 -1 -1
5 15 -1 952
5 14 -1 -1
5 13 -1 966
5 12 -1 562
5 11 -1 -1
5 10 -1 -1
5 9 -1 652
5 8 -1 1060
5 7 -1 286
5 6 -1 872
5 4 -1 740
5 3 -1 -1
5 2 -1 334
5 1 -1 -1
4 50 -1 -1
4 49 -1 -1
4 48 -1 974
4 47 -1 -1
4 46 -1 974
4 45 -1 636
4 44 -1 1002
4 43 -1 896
4 42 -1 -1
4 41 -1 956
4 40 -1 -1
4 39 -1 390
4 38 -1 520
4 37 -1 -1
4 36 -1 1044
4 35 -1 -1
4 34 -1 1076
4 33 -1 744
4 32 -1 -1
4 31 96 198
4 30 -1 858
4 29 -1 656
4 28 -1 956
4 27 -1 1080
4 26 -1 554
4 25 288 460
4 24 -1 726
4 23 -1 -1
4 22 -1 918
4 21 -1 -1
4 20 -1 -1
4 19 -1 -1
4 18 -1 1026
4 17 -1 -1
4 16 -1 1098
4 15 156 344
4 14 -1 1042
4 13 -1 722
4 12 -1 428
4 11 266 734
4 10 -1 786
4 9 -1 722
4 8 200 390
4 7 -1 588
4 6 -1 1064
4 5 -1 654
4 3 -1 850
4 2 -1 406
4 1 -1 948
3 50 -1 764
3 49 -1 840
3 48 -1 -1
3 47 -1 786
3 46 95 180
3 45 -1 -1
3 44 -1 -1
3 43 -1 380
3 42 -1 424
3 41 84 190
3 40 -1 924
3 39 -1 740
3 38 -1 1108
3 37 -1 -1
3 36 -1 -1
3 35 -1 -1
3 34 -1 924
3 33 -1 -1
3 32 -1 1096
3 31 -1 904
3 30 -1 -1
3 29 -1 -1
3 28 -1 704
3 27 -1 1068
3 26 -1 -1
3 25 -1 1078
3 24 -1 1062
3 23 -1 -1
3 22 -1 -1
3 21 -1 480
3 20 -1 590
3 19 -1 720
3 18 -1 -1
3 17 -1 -1
3 16 -1 426
3 15 -1 530
3 14 -1 776
3 13 -1 -1
3 12 -1 -1
3 11 263 466
3 10 -1 636
3 9 -1 -1
3 8 271 550
3 7 -1 1080
3 6 -1 1082
3 5 -1 -1
3 4 -1 966
3 2 -1 -1
3 1 -1 648
2 50 -1 -1
2 49 -1 -1
2 48 -1 682
2 47 -1 -1
2 46 -1 1094
2 45 -1 236
2 44 -1 484
2 43 -1 1108
2 42 -1 -1
2 41 -1 -1
2 40 -1 -1
2 39 -1 560
2 38 -1 306
2 37 -1 -1
2 36 -1 826
2 35 -1 752
2 34 -1 1108
2 33 -1 568
2 32 -1 -1
2 31 157 244
2 30 -1 460
2 29 -1 242
2 28 -1 898
2 27 -1 -1
2 26 92 196
2 25 426 838
2 24 -1 296
2 23 -1 -1
2 22 -1 910
2 21 -1 -1
2 20 -1 -1
2 19 -1 1092
2 18 -1 1002
2 17 -1 948
2 16 -1 -1
2 15 -1 522
2 14 -1 -1
2 13 -1 524
2 12 122 254
2 11 -1 864
2 10 -1 -1
2 9 -1 492
2 8 -1 604
2 7 88 170
2 6 -1 748
2 5 -1 318
2 4 -1 372
2 3 -1 958
2 1 -1 -1
1 50 173 368
1 49 -1 -1
1 48 -1 -1
1 47 -1 -1
1 46 -1 986
1 45 -1 -1
1 44 -1 -1
1 43 -1 846
1 42 318 554
1 41 -1 636
1 40 -1 -1
1 39 -1 -1
1 38 -1 -1
1 37 -1 -1
1 36 -1 -1
1 35 -1 -1
1 34 -1 -1
1 33 -1 -1
1 32 -1 -1
1 31 -1 -1
1 30 -1 -1
1 29 -1 -1
1 28 -1 -1
1 27 -1 -1
1 26 -1 -1
1 25 513 -1
1 24 -1 -1
1 23 -1 -1
1 22 -1 -1
1 21 -1 -1
1 20 -1 -1
1 19 -1 -1
1 18 -1 -1
1 17 -1 -1
1 16 -1 874
1 15 -1 -1
1 14 124 262
1 13 -1 -1
1 12 -1 -1
1 11 -1 384
1 10 50 92
1 9 -1 -1
1 8 -1 -1
1 7 -1 -1
1 6 -1 -1
1 5 -1 -1
1 4 -1 -1
1 3 -1 652
1 2 -1 -1
