nnodes narcs source target type
30 870 4 1 drone_routing_pli_project2
nodename posx posy
30 27.6361 138.377
29 591.696 265.061
28 2.20799 197.019
27 557.628 997.166
26 433.149 368.76
25 163.674 273.388
24 777.064 939.94
23 699.359 499.908
22 966.475 955.418
21 118.319 373.219
20 41.187 122.557
19 390.299 541.058
18 197.212 714.46
17 481.455 665.364
16 7.69238 606.643
15 745.059 816.21
14 961.165 885.922
13 24.9005 484.107
12 390.627 121.135
11 120.76 513.731
10 79.3911 312.879
9 803.492 138.988
8 620.534 283.871
7 332.658 476
6 66.6987 232.196
5 380.276 229.809
4 673.776 855.438
3 530.047 649.67
2 50.1539 732.548
1 654.037 568.264
tail head car_cost drone_cost
30 29 -1 236
30 28 71 32
30 27 -1 -1
30 26 -1 254
30 25 -1 80
30 24 -1 -1
30 23 -1 -1
30 22 -1 -1
30 21 -1 126
30 20 24 12
30 19 -1 248
30 18 -1 -1
30 17 -1 -1
30 16 -1 270
30 15 -1 -1
30 14 -1 -1
30 13 -1 162
30 12 -1 156
30 11 -1 230
30 10 -1 92
30 9 -1 -1
30 8 -1 -1
30 7 -1 190
30 6 110 46
30 5 -1 196
30 4 -1 -1
30 3 -1 -1
30 2 -1 -1
30 1 -1 -1
29 30 -1 -1
29 28 -1 248
29 27 -1 -1
29 26 153 96
29 25 -1 198
29 24 -1 -1
29 23 -1 128
29 22 -1 -1
29 21 -1 -1
29 20 -1 246
29 19 -1 202
29 18 -1 -1
29 17 -1 234
29 16 -1 -1
29 15 -1 -1
29 14 -1 -1
29 13 -1 -1
29 12 213 114
29 11 -1 218
29 10 -1 240
29 9 213 148
29 8 33 14
29 7 -1 166
29 6 -1 -1
29 5 254 122
29 4 -1 -1
29 3 -1 232
29 2 -1 -1
29 1 -1 150
28 30 64 34
28 29 -1 -1
28 27 -1 -1
28 26 -1 -1
28 25 -1 88
28 24 -1 -1
28 23 -1 -1
28 22 -1 -1
28 21 -1 86
28 20 -1 46
28 19 -1 -1
28 18 -1 -1
28 17 -1 -1
28 16 344 170
28 15 -1 -1
28 14 -1 -1
28 13 304 158
28 12 -1 206
28 11 -1 150
28 10 166 78
28 9 -1 -1
28 8 -1 268
28 7 -1 208
28 6 63 38
28 5 -1 210
28 4 -1 -1
28 3 -1 -1
28 2 -1 258
28 1 -1 -1
27 30 -1 -1
27 29 -1 -1
27 28 -1 -1
27 26 -1 -1
27 25 -1 -1
27 24 185 128
27 23 -1 -1
27 22 408 188
27 21 -1 -1
27 20 -1 -1
27 19 -1 -1
27 18 392 190
27 17 330 198
27 16 -1 -1
27 15 -1 118
27 14 -1 222
27 13 -1 -1
27 12 -1 -1
27 11 -1 -1
27 10 -1 -1
27 9 -1 -1
27 8 -1 -1
27 7 -1 -1
27 6 -1 -1
27 5 -1 -1
27 4 169 80
27 3 -1 154
27 2 471 258
27 1 -1 206
26 30 -1 266
26 29 187 78
26 28 -1 258
26 27 -1 -1
26 25 -1 162
26 24 -1 -1
26 23 287 170
26 22 -1 -1
26 21 -1 184
26 20 -1 278
26 19 178 78
26 18 -1 232
26 17 -1 162
26 16 -1 202
26 15 -1 264
26 14 -1 -1
26 13 -1 186
26 12 -1 118
26 11 -1 206
26 10 -1 162
26 9 -1 180
26 8 179 110
26 7 145 64
26 6 -1 158
26 5 149 78
26 4 -1 -1
26 3 -1 170
26 2 -1 272
26 1 298 156
25 30 -1 108
25 29 -1 204
25 28 -1 78
25 27 -1 -1
25 26 -1 166
25 24 -1 -1
25 23 -1 -1
25 22 -1 -1
25 21 119 58
25 20 207 102
25 19 -1 190
25 18 -1 208
25 17 -1 272
25 16 -1 182
25 15 -1 -1
25 14 -1 -1
25 13 -1 106
25 12 248 120
25 11 -1 144
25 10 108 40
25 9 -1 -1
25 8 -1 248
25 7 263 160
25 6 105 56
25 5 181 96
25 4 -1 -1
25 3 -1 260
25 2 -1 204
25 1 -1 -1
24 30 -1 -1
24 29 -1 -1
24 28 -1 -1
24 27 212 108
24 26 -1 -1
24 25 -1 -1
24 23 -1 218
24 22 194 110
24 21 -1 -1
24 20 -1 -1
24 19 -1 240
24 18 -1 -1
24 17 -1 228
24 16 -1 -1
24 15 128 76
24 14 156 96
24 13 -1 -1
24 12 -1 -1
24 11 -1 -1
24 10 -1 -1
24 9 -1 -1
24 8 -1 -1
24 7 -1 -1
24 6 -1 -1
24 5 -1 -1
24 4 116 70
24 3 -1 206
24 2 -1 -1
24 1 -1 196
23 30 -1 -1
23 29 -1 108
23 28 -1 -1
23 27 -1 -1
23 26 349 176
23 25 -1 266
23 24 -1 236
23 22 -1 248
23 21 -1 -1
23 20 -1 -1
23 19 -1 164
23 18 -1 234
23 17 -1 142
23 16 -1 -1
23 15 342 130
23 14 417 276
23 13 -1 -1
23 12 -1 240
23 11 -1 -1
23 10 -1 -1
23 9 419 168
23 8 219 122
23 7 -1 200
23 6 -1 -1
23 5 -1 230
23 4 -1 180
23 3 -1 104
23 2 -1 -1
23 1 93 44
22 30 -1 -1
22 29 -1 -1
22 28 -1 -1
22 27 363 184
22 26 -1 -1
22 25 -1 -1
22 24 169 96
22 23 -1 254
22 21 -1 -1
22 20 -1 -1
22 19 -1 -1
22 18 -1 -1
22 17 -1 -1
22 16 -1 -1
22 15 -1 154
22 14 79 36
22 13 -1 -1
22 12 -1 -1
22 11 -1 -1
22 10 -1 -1
22 9 -1 -1
22 8 -1 -1
22 7 -1 -1
22 6 -1 -1
22 5 -1 -1
22 4 -1 138
22 3 -1 236
22 2 -1 -1
22 1 -1 204
21 30 -1 140
21 29 -1 234
21 28 -1 126
21 27 -1 -1
21 26 -1 148
21 25 94 56
21 24 -1 -1
21 23 -1 -1
21 22 -1 -1
21 20 -1 114
21 19 -1 132
21 18 -1 142
21 17 -1 270
21 16 -1 152
21 15 -1 -1
21 14 -1 -1
21 13 124 84
21 12 -1 184
21 11 150 80
21 10 80 32
21 9 -1 -1
21 8 -1 -1
21 7 230 138
21 6 -1 78
21 5 -1 146
21 4 -1 -1
21 3 -1 276
21 2 -1 204
21 1 -1 -1
20 30 18 14
20 29 -1 260
20 28 -1 38
20 27 -1 -1
20 26 -1 232
20 25 176 108
20 24 -1 -1
20 23 -1 -1
20 22 -1 -1
20 21 -1 140
20 19 -1 254
20 18 -1 -1
20 17 -1 -1
20 16 -1 -1
20 15 -1 -1
20 14 -1 -1
20 13 -1 150
20 12 388 198
20 11 -1 204
20 10 -1 100
20 9 -1 -1
20 8 -1 246
20 7 -1 198
20 6 107 46
20 5 -1 194
20 4 -1 -1
20 3 -1 -1
20 2 -1 -1
20 1 -1 -1
19 30 -1 -1
19 29 -1 182
19 28 -1 216
19 27 -1 -1
19 26 211 100
19 25 -1 150
19 24 -1 -1
19 23 -1 170
19 22 -1 -1
19 21 -1 152
19 20 -1 -1
19 18 264 134
19 17 156 66
19 16 -1 208
19 15 -1 238
19 14 -1 -1
19 13 -1 174
19 12 -1 240
19 11 -1 122
19 10 -1 180
19 9 -1 -1
19 8 -1 208
19 7 82 44
19 6 -1 224
19 5 -1 150
19 4 -1 246
19 3 160 76
19 2 -1 194
19 1 266 130
18 30 -1 -1
18 29 -1 -1
18 28 -1 268
18 27 370 196
18 26 -1 168
18 25 -1 218
18 24 -1 -1
18 23 -1 278
18 22 -1 -1
18 21 -1 172
18 20 -1 268
18 19 215 124
18 17 341 148
18 16 260 126
18 15 -1 248
18 14 -1 -1
18 13 -1 120
18 12 -1 -1
18 11 223 106
18 10 -1 214
18 9 -1 -1
18 8 -1 272
18 7 273 148
18 6 -1 -1
18 5 -1 -1
18 4 -1 258
18 3 -1 190
18 2 123 90
18 1 -1 194
17 30 -1 -1
17 29 -1 238
17 28 -1 -1
17 27 321 188
17 26 -1 176
17 25 -1 210
17 24 -1 200
17 23 -1 124
17 22 -1 -1
17 21 -1 248
17 20 -1 -1
17 19 175 64
17 18 337 140
17 16 -1 250
17 15 -1 156
17 14 -1 250
17 13 -1 200
17 12 -1 -1
17 11 -1 180
17 10 -1 222
17 9 -1 -1
17 8 -1 168
17 7 -1 140
17 6 -1 -1
17 5 -1 238
17 4 252 118
17 3 49 28
17 2 -1 232
17 1 -1 114
16 30 -1 262
16 29 -1 -1
16 28 372 204
16 27 -1 -1
16 26 -1 252
16 25 -1 190
16 24 -1 -1
16 23 -1 -1
16 22 -1 -1
16 21 -1 114
16 20 -1 262
16 19 -1 180
16 18 198 114
16 17 -1 258
16 15 -1 -1
16 14 -1 -1
16 13 106 52
16 12 -1 -1
16 11 141 78
16 10 -1 148
16 9 -1 -1
16 8 -1 -1
16 7 -1 192
16 6 -1 188
16 5 -1 -1
16 4 -1 -1
16 3 -1 260
16 2 117 58
16 1 -1 -1
15 30 -1 -1
15 29 -1 242
15 28 -1 -1
15 27 -1 114
15 26 -1 -1
15 25 -1 -1
15 24 137 68
15 23 302 136
15 22 -1 108
15 21 -1 -1
15 20 -1 -1
15 19 -1 244
15 18 -1 226
15 17 -1 166
15 16 -1 -1
15 14 233 102
15 13 -1 -1
15 12 -1 -1
15 11 -1 -1
15 10 -1 -1
15 9 -1 -1
15 8 -1 238
15 7 -1 242
15 6 -1 -1
15 5 -1 -1
15 4 80 40
15 3 321 144
15 2 -1 -1
15 1 286 156
14 30 -1 -1
14 29 -1 -1
14 28 -1 -1
14 27 -1 222
14 26 -1 -1
14 25 -1 -1
14 24 186 80
14 23 417 208
14 22 78 30
14 21 -1 -1
14 20 -1 -1
14 19 -1 -1
14 18 -1 -1
14 17 -1 228
14 16 -1 -1
14 15 235 124
14 13 -1 -1
14 12 -1 -1
14 11 -1 -1
14 10 -1 -1
14 9 817 -1
14 8 -1 -1
14 7 -1 -1
14 6 -1 -1
14 5 -1 -1
14 4 -1 152
14 3 -1 256
14 2 -1 -1
14 1 -1 202
13 30 -1 148
13 29 -1 -1
13 28 282 154
13 27 -1 -1
13 26 -1 238
13 25 -1 136
13 24 -1 -1
13 23 -1 -1
13 22 -1 -1
13 21 127 74
13 20 -1 196
13 19 -1 194
13 18 -1 156
13 17 -1 -1
13 16 117 60
13 15 -1 -1
13 14 -1 -1
13 12 -1 -1
13 11 88 46
13 10 212 106
13 9 -1 -1
13 8 -1 -1
13 7 -1 126
13 6 -1 124
13 5 -1 186
13 4 -1 -1
13 3 -1 -1
13 2 -1 118
13 1 -1 268
12 30 -1 160
12 29 247 102
12 28 -1 210
12 27 -1 -1
12 26 -1 150
12 25 258 126
12 24 -1 -1
12 23 -1 204
12 22 -1 -1
12 21 -1 182
12 20 303 200
12 19 -1 212
12 18 -1 -1
12 17 -1 -1
12 16 -1 -1
12 15 -1 -1
12 14 -1 -1
12 13 -1 274
12 11 -1 256
12 10 -1 216
12 9 384 204
12 8 -1 162
12 7 -1 180
12 6 -1 182
12 5 128 60
12 4 -1 -1
12 3 -1 278
12 2 -1 -1
12 1 -1 -1
11 30 -1 208
11 29 -1 270
11 28 -1 156
11 27 -1 -1
11 26 -1 154
11 25 -1 116
11 24 -1 -1
11 23 -1 -1
11 22 -1 -1
11 21 129 74
11 20 -1 196
11 19 -1 162
11 18 228 102
11 17 -1 188
11 16 169 82
11 15 -1 -1
11 14 -1 -1
11 13 110 54
11 12 -1 232
11 10 -1 120
11 9 -1 -1
11 8 -1 254
11 7 250 88
11 6 -1 122
11 5 -1 228
11 4 -1 -1
11 3 -1 256
11 2 -1 100
11 1 -1 242
10 30 -1 92
10 29 -1 -1
10 28 154 84
10 27 -1 -1
10 26 -1 168
10 25 97 40
10 24 -1 -1
10 23 -1 -1
10 22 -1 -1
10 21 84 30
10 20 -1 80
10 19 -1 166
10 18 -1 230
10 17 -1 260
10 16 -1 164
10 15 -1 -1
10 14 -1 -1
10 13 212 74
10 12 -1 208
10 11 -1 88
10 9 -1 -1
10 8 -1 242
10 7 -1 172
10 6 71 38
10 5 -1 156
10 4 -1 -1
10 3 -1 246
10 2 -1 202
10 1 -1 -1
9 30 -1 -1
9 29 198 142
9 28 -1 -1
9 27 -1 -1
9 26 -1 186
9 25 -1 -1
9 24 -1 -1
9 23 409 218
9 22 -1 -1
9 21 -1 -1
9 20 -1 -1
9 19 -1 -1
9 18 -1 -1
9 17 -1 258
9 16 -1 -1
9 15 -1 -1
9 14 647 -1
9 13 -1 -1
9 12 422 224
9 11 -1 -1
9 10 -1 -1
9 8 192 104
9 7 -1 -1
9 6 -1 -1
9 5 -1 192
9 4 -1 -1
9 3 -1 -1
9 2 -1 -1
9 1 -1 204
8 30 -1 -1
8 29 31 22
8 28 -1 -1
8 27 -1 -1
8 26 179 88
8 25 -1 236
8 24 -1 -1
8 23 202 96
8 22 -1 -1
8 21 -1 -1
8 20 -1 -1
8 19 -1 200
8 18 -1 -1
8 17 -1 176
8 16 -1 -1
8 15 -1 242
8 14 -1 -1
8 13 -1 -1
8 12 -1 162
8 11 -1 -1
8 10 -1 264
8 9 191 110
8 7 -1 206
8 6 -1 -1
8 5 -1 114
8 4 -1 276
8 3 -1 188
8 2 -1 -1
8 1 -1 134
7 30 -1 256
7 29 -1 168
7 28 -1 206
7 27 -1 242
7 26 152 72
7 25 249 120
7 24 -1 262
7 23 -1 164
7 22 -1 -1
7 21 209 122
7 20 -1 228
7 19 82 50
7 18 222 118
7 17 -1 142
7 16 -1 206
7 15 -1 224
7 14 -1 -1
7 13 -1 164
7 12 -1 216
7 11 191 126
7 10 -1 182
7 9 -1 -1
7 8 -1 154
7 6 -1 156
7 5 226 118
7 4 -1 264
7 3 -1 112
7 2 -1 184
7 1 -1 200
6 30 122 54
6 29 -1 -1
6 28 71 38
6 27 -1 -1
6 26 -1 220
6 25 127 44
6 24 -1 -1
6 23 -1 -1
6 22 -1 -1
6 21 -1 82
6 20 132 58
6 19 -1 232
6 18 -1 276
6 17 -1 -1
6 16 -1 160
6 15 -1 -1
6 14 -1 -1
6 13 -1 116
6 12 -1 164
6 11 -1 118
6 10 66 44
6 9 -1 -1
6 8 -1 -1
6 7 -1 192
6 5 -1 182
6 4 -1 -1
6 3 -1 -1
6 2 -1 -1
6 1 -1 -1
5 30 -1 174
5 29 243 110
5 28 -1 214
5 27 -1 -1
5 26 176 68
5 25 252 116
5 24 -1 -1
5 23 -1 202
5 22 -1 -1
5 21 -1 132
5 20 -1 188
5 19 -1 182
5 18 -1 252
5 17 -1 214
5 16 -1 -1
5 15 -1 -1
5 14 -1 -1
5 13 -1 244
5 12 130 64
5 11 -1 172
5 10 -1 148
5 9 -1 178
5 8 -1 110
5 7 234 104
5 6 -1 160
5 4 -1 -1
5 3 -1 258
5 2 -1 -1
5 1 -1 224
4 30 -1 -1
4 29 -1 -1
4 28 -1 -1
4 27 179 110
4 26 -1 -1
4 25 -1 -1
4 24 153 62
4 23 -1 204
4 22 -1 172
4 21 -1 -1
4 20 -1 -1
4 19 -1 184
4 18 -1 256
4 17 270 118
4 16 -1 -1
4 15 74 44
4 14 -1 162
4 13 -1 -1
4 12 -1 -1
4 11 -1 -1
4 10 -1 -1
4 9 -1 -1
4 8 -1 -1
4 7 -1 236
4 6 -1 -1
4 5 -1 -1
4 3 242 124
4 2 -1 -1
4 1 -1 158
3 30 -1 -1
3 29 -1 190
3 28 -1 -1
3 27 -1 200
3 26 -1 156
3 25 -1 220
3 24 -1 184
3 23 -1 110
3 22 -1 216
3 21 -1 -1
3 20 -1 -1
3 19 156 100
3 18 -1 168
3 17 49 26
3 16 -1 268
3 15 317 158
3 14 -1 226
3 13 -1 -1
3 12 -1 -1
3 11 -1 180
3 10 -1 -1
3 9 -1 -1
3 8 -1 224
3 7 -1 150
3 6 -1 -1
3 5 -1 254
3 4 250 142
3 2 -1 214
3 1 136 90
2 30 -1 -1
2 29 -1 -1
2 28 -1 238
2 27 592 230
2 26 -1 216
2 25 -1 244
2 24 -1 -1
2 23 -1 -1
2 22 -1 -1
2 21 -1 180
2 20 -1 250
2 19 -1 202
2 18 125 62
2 17 -1 186
2 16 111 64
2 15 -1 -1
2 14 -1 -1
2 13 -1 124
2 12 -1 -1
2 11 -1 100
2 10 -1 238
2 9 -1 -1
2 8 -1 -1
2 7 -1 212
2 6 -1 266
2 5 -1 -1
2 4 -1 -1
2 3 -1 -1
2 1 -1 -1
1 30 -1 -1
1 29 -1 154
1 28 -1 -1
1 27 -1 254
1 26 282 144
1 25 -1 278
1 24 -1 164
1 23 84 36
1 22 -1 264
1 21 -1 -1
1 20 -1 -1
1 19 245 120
1 18 -1 270
1 17 -1 116
1 16 -1 -1
1 15 304 150
1 14 -1 240
1 13 -1 -1
1 12 -1 214
1 11 -1 -1
1 10 -1 252
1 9 -1 212
1 8 -1 144
1 7 -1 146
1 6 -1 -1
1 5 -1 220
1 4 -1 162
1 3 149 62
1 2 -1 -1
