nnodes narcs source target type
10 90 5 4 drone_routing_pli_project2
nodename posx posy
10 806.502 140.473
9 584.649 216.588
8 950.854 153.56
7 132.554 64.1665
6 351.209 573.345
5 750.497 366.274
4 187.59 990.434
3 565.489 1.76691
2 834.817 335.986
1 41.6303 454.492
tail head car_cost drone_cost
10 9 276 392
10 8 153 266
10 7 -1 -1
10 6 -1 -1
10 5 187 498
10 4 -1 -1
10 3 287 530
10 2 175 398
10 1 -1 -1
9 10 220 500
9 8 -1 654
9 7 554 990
9 6 443 712
9 5 259 460
9 4 -1 -1
9 3 207 510
9 2 -1 496
9 1 -1 -1
8 10 172 272
8 9 -1 770
8 7 -1 -1
8 6 -1 -1
8 5 -1 554
8 4 -1 -1
8 3 370 826
8 2 234 506
8 1 -1 -1
7 10 -1 -1
7 9 403 884
7 8 -1 -1
7 6 640 -1
7 5 -1 -1
7 4 -1 -1
7 3 353 892
7 2 -1 -1
7 1 340 850
6 10 -1 -1
6 9 392 1018
6 8 -1 -1
6 7 538 -1
6 5 495 1014
6 4 475 954
6 3 -1 1016
6 2 -1 942
6 1 332 586
5 10 227 394
5 9 242 538
5 8 -1 670
5 7 -1 -1
5 6 500 744
5 4 895 -1
5 3 -1 886
5 2 83 170
5 1 -1 -1
4 10 -1 -1
4 9 -1 -1
4 8 -1 -1
4 7 -1 -1
4 6 535 1036
4 5 780 -1
4 3 -1 -1
4 2 1036 -1
4 1 596 -1
3 10 320 664
3 9 206 468
3 8 357 916
3 7 472 702
3 6 -1 -1
3 5 -1 818
3 4 -1 -1
3 2 -1 860
3 1 -1 -1
2 10 180 380
2 9 -1 598
2 8 222 386
2 7 -1 -1
2 6 -1 1054
2 5 106 166
2 4 912 -1
2 3 -1 786
2 1 -1 -1
1 10 -1 -1
1 9 -1 986
1 8 -1 -1
1 7 425 756
1 6 337 780
1 5 -1 -1
1 4 502 1018
1 3 -1 -1
1 2 -1 -1
